0.01000, -0.3995, -90.06
0.02000, -0.3990, -81.16
0.03000, -0.3985, -74.70
0.04000, -0.3980, -69.49
0.05000, -0.3975, -64.99
0.06000, -0.3970, -61.07
0.07000, -0.3965, -57.58
0.08000, -0.3960, -54.48
0.09000, -0.3955, -51.65
0.1000, -0.3950, -49.10
0.1100, -0.3945, -46.70
0.1200, -0.3940, -44.51
0.1300, -0.3935, -42.52
0.1400, -0.3930, -40.66
0.1500, -0.3925, -38.94
0.1600, -0.3920, -37.34
0.1700, -0.3915, -35.86
0.1800, -0.3910, -34.45
0.1900, -0.3905, -33.16
0.2000, -0.3900, -31.94
0.2100, -0.3895, -30.81
0.2200, -0.3890, -29.73
0.2300, -0.3885, -28.70
0.2400, -0.3880, -27.69
0.2500, -0.3875, -26.76
0.2600, -0.3870, -25.90
0.2700, -0.3865, -25.10
0.2800, -0.3860, -24.31
0.2900, -0.3855, -23.60
0.3000, -0.3850, -22.86
0.3100, -0.3845, -22.15
0.3200, -0.3840, -21.53
0.3300, -0.3835, -20.95
0.3400, -0.3830, -20.35
0.3500, -0.3825, -19.82
0.3600, -0.3820, -19.30
0.3700, -0.3815, -18.79
0.3800, -0.3810, -18.31
0.3900, -0.3805, -17.86
0.4000, -0.3800, -17.39
0.4100, -0.3795, -16.99
0.4200, -0.3790, -16.56
0.4300, -0.3785, -16.19
0.4400, -0.3780, -15.77
0.4500, -0.3775, -15.42
0.4600, -0.3770, -15.07
0.4700, -0.3765, -14.72
0.4800, -0.3760, -14.42
0.4900, -0.3755, -14.10
0.5000, -0.3750, -13.78
0.5100, -0.3745, -13.52
0.5200, -0.3740, -13.23
0.5300, -0.3735, -12.96
0.5400, -0.3730, -12.69
0.5500, -0.3725, -12.45
0.5600, -0.3720, -12.17
0.5700, -0.3715, -11.95
0.5800, -0.3710, -11.71
0.5900, -0.3705, -11.51
0.6000, -0.3700, -11.29
0.6100, -0.3695, -11.08
0.6200, -0.3690, -10.85
0.6300, -0.3685, -10.65
0.6400, -0.3680, -10.47
0.6500, -0.3675, -10.27
0.6600, -0.3670, -10.07
0.6700, -0.3665, -9.859
0.6800, -0.3660, -9.673
0.6900, -0.3655, -9.471
0.7000, -0.3650, -9.287
0.7100, -0.3645, -9.109
0.7200, -0.3640, -8.938
0.7300, -0.3635, -8.779
0.7400, -0.3630, -8.666
0.7500, -0.3625, -8.489
0.7600, -0.3620, -8.344
0.7700, -0.3615, -8.217
0.7800, -0.3610, -8.089
0.7900, -0.3605, -7.954
0.8000, -0.3600, -7.822
0.8100, -0.3595, -7.663
0.8200, -0.3590, -7.537
0.8300, -0.3585, -7.443
0.8400, -0.3580, -7.311
0.8500, -0.3575, -7.188
0.8600, -0.3570, -7.058
0.8700, -0.3565, -6.929
0.8800, -0.3560, -6.842
0.8900, -0.3555, -6.779
0.9000, -0.3550, -6.650
0.9100, -0.3545, -6.526
0.9200, -0.3540, -6.435
0.9300, -0.3535, -6.320
0.9400, -0.3530, -6.245
0.9500, -0.3525, -6.153
0.9600, -0.3520, -6.074
0.9700, -0.3515, -5.957
0.9800, -0.3510, -5.877
0.9900, -0.3505, -5.778
1.000, -0.3500, -5.703
1.010, -0.3495, -5.617
1.020, -0.3490, -5.548
1.030, -0.3485, -5.478
1.040, -0.3480, -5.378
1.050, -0.3475, -5.302
1.060, -0.3470, -5.230
1.070, -0.3465, -5.147
1.080, -0.3460, -5.063
1.090, -0.3455, -4.972
1.100, -0.3450, -4.875
1.110, -0.3445, -4.804
1.120, -0.3440, -4.711
1.130, -0.3435, -4.636
1.140, -0.3430, -4.555
1.150, -0.3425, -4.479
1.160, -0.3420, -4.418
1.170, -0.3415, -4.343
1.180, -0.3410, -4.253
1.190, -0.3405, -4.182
1.200, -0.3400, -4.142
1.210, -0.3395, -4.086
1.220, -0.3390, -4.019
1.230, -0.3385, -3.953
1.240, -0.3380, -3.897
1.250, -0.3375, -3.833
1.260, -0.3370, -3.789
1.270, -0.3365, -3.746
1.280, -0.3360, -3.676
1.290, -0.3355, -3.615
1.300, -0.3350, -3.553
1.310, -0.3345, -3.510
1.320, -0.3340, -3.459
1.330, -0.3335, -3.426
1.340, -0.3330, -3.358
1.350, -0.3325, -3.308
1.360, -0.3320, -3.227
1.370, -0.3315, -3.224
1.380, -0.3310, -3.162
1.390, -0.3305, -3.130
1.400, -0.3300, -3.093
1.410, -0.3295, -3.034
1.420, -0.3290, -2.983
1.430, -0.3285, -2.908
1.440, -0.3280, -2.882
1.450, -0.3275, -2.865
1.460, -0.3270, -2.794
1.470, -0.3265, -2.764
1.480, -0.3260, -2.726
1.490, -0.3255, -2.672
1.500, -0.3250, -2.640
1.510, -0.3245, -2.588
1.520, -0.3240, -2.514
1.530, -0.3235, -2.475
1.540, -0.3230, -2.407
1.550, -0.3225, -2.374
1.560, -0.3220, -2.312
1.570, -0.3215, -2.275
1.580, -0.3210, -2.229
1.590, -0.3205, -2.197
1.600, -0.3200, -2.155
1.610, -0.3195, -2.114
1.620, -0.3190, -2.072
1.630, -0.3185, -2.034
1.640, -0.3180, -2.014
1.650, -0.3175, -1.953
1.660, -0.3170, -1.928
1.670, -0.3165, -1.876
1.680, -0.3160, -1.883
1.690, -0.3155, -1.849
1.700, -0.3150, -1.809
1.710, -0.3145, -1.789
1.720, -0.3140, -1.743
1.730, -0.3135, -1.717
1.740, -0.3130, -1.692
1.750, -0.3125, -1.665
1.760, -0.3120, -1.650
1.770, -0.3115, -1.569
1.780, -0.3110, -1.562
1.790, -0.3105, -1.534
1.800, -0.3100, -1.511
1.810, -0.3095, -1.477
1.820, -0.3090, -1.448
1.830, -0.3085, -1.423
1.840, -0.3080, -1.377
1.850, -0.3075, -1.378
1.860, -0.3070, -1.362
1.870, -0.3065, -1.331
1.880, -0.3060, -1.307
1.890, -0.3055, -1.277
1.900, -0.3050, -1.237
1.910, -0.3045, -1.230
1.920, -0.3040, -1.205
1.930, -0.3035, -1.131
1.940, -0.3030, -1.100
1.950, -0.3025, -1.050
1.960, -0.3020, -1.020
1.970, -0.3015, -0.9996
1.980, -0.3010, -0.9720
1.990, -0.3005, -0.9521
2.000, -0.3000, -0.9215
2.010, -0.2995, -0.8966
2.020, -0.2990, -0.8688
2.030, -0.2985, -0.8314
2.040, -0.2980, -0.7946
2.050, -0.2975, -0.7851
2.060, -0.2970, -0.7704
2.070, -0.2965, -0.7418
2.080, -0.2960, -0.7155
2.090, -0.2955, -0.7074
2.100, -0.2950, -0.7046
2.110, -0.2945, -0.6676
2.120, -0.2940, -0.6326
2.130, -0.2935, -0.6409
2.140, -0.2930, -0.6166
2.150, -0.2925, -0.5949
2.160, -0.2920, -0.5717
2.170, -0.2915, -0.5463
2.180, -0.2910, -0.5220
2.190, -0.2905, -0.4991
2.200, -0.2900, -0.4761
2.210, -0.2895, -0.4797
2.220, -0.2890, -0.4486
2.230, -0.2885, -0.4487
2.240, -0.2880, -0.4175
2.250, -0.2875, -0.4126
2.260, -0.2870, -0.4002
2.270, -0.2865, -0.4004
2.280, -0.2860, -0.3585
2.290, -0.2855, -0.3127
2.300, -0.2850, -0.3164
2.310, -0.2845, -0.3053
2.320, -0.2840, -0.3133
2.330, -0.2835, -0.2604
2.340, -0.2830, -0.2358
2.350, -0.2825, -0.2297
2.360, -0.2820, -0.1618
2.370, -0.2815, -0.1458
2.380, -0.2810, -0.1241
2.390, -0.2805, -0.09406
2.400, -0.2800, -0.09125
2.410, -0.2795, -0.03799
2.420, -0.2790, -0.02900
2.430, -0.2785, -0.02787
2.440, -0.2780, 0.001824
2.450, -0.2775, 0.01319
2.460, -0.2770, 0.01105
2.470, -0.2765, 0.03052
2.480, -0.2760, 0.03653
2.490, -0.2755, 0.06730
2.500, -0.2750, 0.07538
2.510, -0.2745, 0.06354
2.520, -0.2740, 0.1160
2.530, -0.2735, 0.1575
2.540, -0.2730, 0.1389
2.550, -0.2725, 0.1437
2.560, -0.2720, 0.1569
2.570, -0.2715, 0.1655
2.580, -0.2710, 0.2028
2.590, -0.2705, 0.2177
2.600, -0.2700, 0.2174
2.610, -0.2695, 0.2372
2.620, -0.2690, 0.2363
2.630, -0.2685, 0.2388
2.640, -0.2680, 0.2597
2.650, -0.2675, 0.2798
2.660, -0.2670, 0.2764
2.670, -0.2665, 0.2933
2.680, -0.2660, 0.3007
2.690, -0.2655, 0.3032
2.700, -0.2650, 0.3219
2.710, -0.2645, 0.3462
2.720, -0.2640, 0.3323
2.730, -0.2635, 0.3329
2.740, -0.2630, 0.3795
2.750, -0.2625, 0.3708
2.760, -0.2620, 0.3983
2.770, -0.2615, 0.4144
2.780, -0.2610, 0.4753
2.790, -0.2605, 0.5148
2.800, -0.2600, 0.5169
2.810, -0.2595, 0.5041
2.820, -0.2590, 0.5179
2.830, -0.2585, 0.5621
2.840, -0.2580, 0.5921
2.850, -0.2575, 0.5878
2.860, -0.2570, 0.5963
2.870, -0.2565, 0.5941
2.880, -0.2560, 0.6230
2.890, -0.2555, 0.6505
2.900, -0.2550, 0.6331
2.910, -0.2545, 0.6507
2.920, -0.2540, 0.6590
2.930, -0.2535, 0.6509
2.940, -0.2530, 0.6309
2.950, -0.2525, 0.6711
2.960, -0.2520, 0.6835
2.970, -0.2515, 0.6810
2.980, -0.2510, 0.6966
2.990, -0.2505, 0.7116
3.000, -0.2500, 0.7161
3.010, -0.2495, 0.7201
3.020, -0.2490, 0.7430
3.030, -0.2485, 0.7265
3.040, -0.2480, 0.7321
3.050, -0.2475, 0.7273
3.060, -0.2470, 0.7144
3.070, -0.2465, 0.7736
3.080, -0.2460, 0.8139
3.090, -0.2455, 0.7928
3.100, -0.2450, 0.7743
3.110, -0.2445, 0.7801
3.120, -0.2440, 0.7978
3.130, -0.2435, 0.7953
3.140, -0.2430, 0.7905
3.150, -0.2425, 0.7959
3.160, -0.2420, 0.8237
3.170, -0.2415, 0.8384
3.180, -0.2410, 0.8314
3.190, -0.2405, 0.8455
3.200, -0.2400, 0.9083
3.210, -0.2395, 0.9253
3.220, -0.2390, 0.9432
3.230, -0.2385, 0.9304
3.240, -0.2380, 0.9766
3.250, -0.2375, 0.9779
3.260, -0.2370, 0.9957
3.270, -0.2365, 1.012
3.280, -0.2360, 1.016
3.290, -0.2355, 1.023
3.300, -0.2350, 1.035
3.310, -0.2345, 1.044
3.320, -0.2340, 1.054
3.330, -0.2335, 1.081
3.340, -0.2330, 1.089
3.350, -0.2325, 1.079
3.360, -0.2320, 1.062
3.370, -0.2315, 1.087
3.380, -0.2310, 1.095
3.390, -0.2305, 1.085
3.400, -0.2300, 1.076
3.410, -0.2295, 1.094
3.420, -0.2290, 1.087
3.430, -0.2285, 1.100
3.440, -0.2280, 1.101
3.450, -0.2275, 1.133
3.460, -0.2270, 1.135
3.470, -0.2265, 1.120
3.480, -0.2260, 1.121
3.490, -0.2255, 1.135
3.500, -0.2250, 1.150
3.510, -0.2245, 1.167
3.520, -0.2240, 1.138
3.530, -0.2235, 1.193
3.540, -0.2230, 1.184
3.550, -0.2225, 1.179
3.560, -0.2220, 1.181
3.570, -0.2215, 1.189
3.580, -0.2210, 1.172
3.590, -0.2205, 1.186
3.600, -0.2200, 1.187
3.610, -0.2195, 1.231
3.620, -0.2190, 1.223
3.630, -0.2185, 1.251
3.640, -0.2180, 1.289
3.650, -0.2175, 1.276
3.660, -0.2170, 1.273
3.670, -0.2165, 1.295
3.680, -0.2160, 1.294
3.690, -0.2155, 1.343
3.700, -0.2150, 1.378
3.710, -0.2145, 1.367
3.720, -0.2140, 1.362
3.730, -0.2135, 1.395
3.740, -0.2130, 1.399
3.750, -0.2125, 1.377
3.760, -0.2120, 1.408
3.770, -0.2115, 1.400
3.780, -0.2110, 1.371
3.790, -0.2105, 1.394
3.800, -0.2100, 1.389
3.810, -0.2095, 1.427
3.820, -0.2090, 1.404
3.830, -0.2085, 1.406
3.840, -0.2080, 1.427
3.850, -0.2075, 1.378
3.860, -0.2070, 1.431
3.870, -0.2065, 1.451
3.880, -0.2060, 1.446
3.890, -0.2055, 1.455
3.900, -0.2050, 1.438
3.910, -0.2045, 1.463
3.920, -0.2040, 1.473
3.930, -0.2035, 1.488
3.940, -0.2030, 1.473
3.950, -0.2025, 1.479
3.960, -0.2020, 1.450
3.970, -0.2015, 1.448
3.980, -0.2010, 1.451
3.990, -0.2005, 1.465
4.000, -0.2000, 1.452
4.010, -0.1995, 1.475
4.020, -0.1990, 1.483
4.030, -0.1985, 1.483
4.040, -0.1980, 1.505
4.050, -0.1975, 1.510
4.060, -0.1970, 1.537
4.070, -0.1965, 1.567
4.080, -0.1960, 1.553
4.090, -0.1955, 1.571
4.100, -0.1950, 1.574
4.110, -0.1945, 1.591
4.120, -0.1940, 1.605
4.130, -0.1935, 1.613
4.140, -0.1930, 1.612
4.150, -0.1925, 1.625
4.160, -0.1920, 1.614
4.170, -0.1915, 1.630
4.180, -0.1910, 1.666
4.190, -0.1905, 1.647
4.200, -0.1900, 1.616
4.210, -0.1895, 1.627
4.220, -0.1890, 1.645
4.230, -0.1885, 1.662
4.240, -0.1880, 1.660
4.250, -0.1875, 1.656
4.260, -0.1870, 1.634
4.270, -0.1865, 1.632
4.280, -0.1860, 1.642
4.290, -0.1855, 1.644
4.300, -0.1850, 1.654
4.310, -0.1845, 1.657
4.320, -0.1840, 1.665
4.330, -0.1835, 1.684
4.340, -0.1830, 1.679
4.350, -0.1825, 1.687
4.360, -0.1820, 1.687
4.370, -0.1815, 1.695
4.380, -0.1810, 1.694
4.390, -0.1805, 1.668
4.400, -0.1800, 1.670
4.410, -0.1795, 1.693
4.420, -0.1790, 1.678
4.430, -0.1785, 1.697
4.440, -0.1780, 1.678
4.450, -0.1775, 1.733
4.460, -0.1770, 1.745
4.470, -0.1765, 1.729
4.480, -0.1760, 1.752
4.490, -0.1755, 1.765
4.500, -0.1750, 1.792
4.510, -0.1745, 1.796
4.520, -0.1740, 1.799
4.530, -0.1735, 1.796
4.540, -0.1730, 1.804
4.550, -0.1725, 1.822
4.560, -0.1720, 1.841
4.570, -0.1715, 1.831
4.580, -0.1710, 1.811
4.590, -0.1705, 1.837
4.600, -0.1700, 1.836
4.610, -0.1695, 1.855
4.620, -0.1690, 1.863
4.630, -0.1685, 1.855
4.640, -0.1680, 1.860
4.650, -0.1675, 1.834
4.660, -0.1670, 1.831
4.670, -0.1665, 1.823
4.680, -0.1660, 1.836
4.690, -0.1655, 1.849
4.700, -0.1650, 1.840
4.710, -0.1645, 1.856
4.720, -0.1640, 1.820
4.730, -0.1635, 1.833
4.740, -0.1630, 1.826
4.750, -0.1625, 1.859
4.760, -0.1620, 1.839
4.770, -0.1615, 1.861
4.780, -0.1610, 1.873
4.790, -0.1605, 1.865
4.800, -0.1600, 1.868
4.810, -0.1595, 1.856
4.820, -0.1590, 1.846
4.830, -0.1585, 1.849
4.840, -0.1580, 1.864
4.850, -0.1575, 1.835
4.860, -0.1570, 1.886
4.870, -0.1565, 1.876
4.880, -0.1560, 1.883
4.890, -0.1555, 1.889
4.900, -0.1550, 1.923
4.910, -0.1545, 1.919
4.920, -0.1540, 1.946
4.930, -0.1535, 1.953
4.940, -0.1530, 1.985
4.950, -0.1525, 1.998
4.960, -0.1520, 1.993
4.970, -0.1515, 1.973
4.980, -0.1510, 1.981
4.990, -0.1505, 1.982
5.000, -0.1500, 2.020
5.010, -0.1495, 2.013
5.020, -0.1490, 2.003
5.030, -0.1485, 2.011
5.040, -0.1480, 2.006
5.050, -0.1475, 1.996
5.060, -0.1470, 2.013
5.070, -0.1465, 2.012
5.080, -0.1460, 1.999
5.090, -0.1455, 2.007
5.100, -0.1450, 2.012
5.110, -0.1445, 2.019
5.120, -0.1440, 1.998
5.130, -0.1435, 2.009
5.140, -0.1430, 1.990
5.150, -0.1425, 1.980
5.160, -0.1420, 1.991
5.170, -0.1415, 1.986
5.180, -0.1410, 1.999
5.190, -0.1405, 2.018
5.200, -0.1400, 2.008
5.210, -0.1395, 2.007
5.220, -0.1390, 2.019
5.230, -0.1385, 2.020
5.240, -0.1380, 2.010
5.250, -0.1375, 1.982
5.260, -0.1370, 2.013
5.270, -0.1365, 2.025
5.280, -0.1360, 1.995
5.290, -0.1355, 2.035
5.300, -0.1350, 2.026
5.310, -0.1345, 2.046
5.320, -0.1340, 2.051
5.330, -0.1335, 2.056
5.340, -0.1330, 2.086
5.350, -0.1325, 2.111
5.360, -0.1320, 2.105
5.370, -0.1315, 2.128
5.380, -0.1310, 2.109
5.390, -0.1305, 2.095
5.400, -0.1300, 2.122
5.410, -0.1295, 2.144
5.420, -0.1290, 2.134
5.430, -0.1285, 2.116
5.440, -0.1280, 2.112
5.450, -0.1275, 2.139
5.460, -0.1270, 2.156
5.470, -0.1265, 2.109
5.480, -0.1260, 2.097
5.490, -0.1255, 2.106
5.500, -0.1250, 2.131
5.510, -0.1245, 2.119
5.520, -0.1240, 2.111
5.530, -0.1235, 2.138
5.540, -0.1230, 2.119
5.550, -0.1225, 2.126
5.560, -0.1220, 2.122
5.570, -0.1215, 2.117
5.580, -0.1210, 2.111
5.590, -0.1205, 2.124
5.600, -0.1200, 2.110
5.610, -0.1195, 2.112
5.620, -0.1190, 2.098
5.630, -0.1185, 2.112
5.640, -0.1180, 2.118
5.650, -0.1175, 2.130
5.660, -0.1170, 2.118
5.670, -0.1165, 2.121
5.680, -0.1160, 2.099
5.690, -0.1155, 2.103
5.700, -0.1150, 2.110
5.710, -0.1145, 2.126
5.720, -0.1140, 2.148
5.730, -0.1135, 2.148
5.740, -0.1130, 2.153
5.750, -0.1125, 2.194
5.760, -0.1120, 2.187
5.770, -0.1115, 2.195
5.780, -0.1110, 2.228
5.790, -0.1105, 2.217
5.800, -0.1100, 2.238
5.810, -0.1095, 2.228
5.820, -0.1090, 2.217
5.830, -0.1085, 2.213
5.840, -0.1080, 2.248
5.850, -0.1075, 2.244
5.860, -0.1070, 2.234
5.870, -0.1065, 2.220
5.880, -0.1060, 2.219
5.890, -0.1055, 2.241
5.900, -0.1050, 2.230
5.910, -0.1045, 2.241
5.920, -0.1040, 2.222
5.930, -0.1035, 2.223
5.940, -0.1030, 2.224
5.950, -0.1025, 2.219
5.960, -0.1020, 2.236
5.970, -0.1015, 2.236
5.980, -0.1010, 2.220
5.990, -0.1005, 2.220
6.000, -0.1000, 2.226
6.010, -0.09950, 2.217
6.020, -0.09900, 2.220
6.030, -0.09850, 2.218
6.040, -0.09800, 2.229
6.050, -0.09750, 2.224
6.060, -0.09700, 2.236
6.070, -0.09650, 2.239
6.080, -0.09600, 2.235
6.090, -0.09550, 2.209
6.100, -0.09500, 2.203
6.110, -0.09450, 2.218
6.120, -0.09400, 2.223
6.130, -0.09350, 2.239
6.140, -0.09300, 2.273
6.150, -0.09250, 2.260
6.160, -0.09200, 2.269
6.170, -0.09150, 2.263
6.180, -0.09100, 2.290
6.190, -0.09050, 2.307
6.200, -0.09000, 2.300
6.210, -0.08950, 2.316
6.220, -0.08900, 2.294
6.230, -0.08850, 2.324
6.240, -0.08800, 2.303
6.250, -0.08750, 2.333
6.260, -0.08700, 2.355
6.270, -0.08650, 2.341
6.280, -0.08600, 2.340
6.290, -0.08550, 2.331
6.300, -0.08500, 2.324
6.310, -0.08450, 2.310
6.320, -0.08400, 2.317
6.330, -0.08350, 2.341
6.340, -0.08300, 2.342
6.350, -0.08250, 2.337
6.360, -0.08200, 2.327
6.370, -0.08150, 2.329
6.380, -0.08100, 2.343
6.390, -0.08050, 2.347
6.400, -0.08000, 2.345
6.410, -0.07950, 2.330
6.420, -0.07900, 2.346
6.430, -0.07850, 2.323
6.440, -0.07800, 2.341
6.450, -0.07750, 2.351
6.460, -0.07700, 2.355
6.470, -0.07650, 2.334
6.480, -0.07600, 2.326
6.490, -0.07550, 2.340
6.500, -0.07500, 2.338
6.510, -0.07450, 2.335
6.520, -0.07400, 2.343
6.530, -0.07350, 2.348
6.540, -0.07300, 2.322
6.550, -0.07250, 2.325
6.560, -0.07200, 2.348
6.570, -0.07150, 2.386
6.580, -0.07100, 2.402
6.590, -0.07050, 2.414
6.600, -0.07000, 2.440
6.610, -0.06950, 2.445
6.620, -0.06900, 2.443
6.630, -0.06850, 2.460
6.640, -0.06800, 2.475
6.650, -0.06750, 2.473
6.660, -0.06700, 2.456
6.670, -0.06650, 2.464
6.680, -0.06600, 2.475
6.690, -0.06550, 2.494
6.700, -0.06500, 2.496
6.710, -0.06450, 2.466
6.720, -0.06400, 2.462
6.730, -0.06350, 2.474
6.740, -0.06300, 2.494
6.750, -0.06250, 2.472
6.760, -0.06200, 2.484
6.770, -0.06150, 2.493
6.780, -0.06100, 2.512
6.790, -0.06050, 2.494
6.800, -0.06000, 2.514
6.810, -0.05950, 2.511
6.820, -0.05900, 2.493
6.830, -0.05850, 2.482
6.840, -0.05800, 2.478
6.850, -0.05750, 2.490
6.860, -0.05700, 2.498
6.870, -0.05650, 2.528
6.880, -0.05600, 2.532
6.890, -0.05550, 2.519
6.900, -0.05500, 2.506
6.910, -0.05450, 2.530
6.920, -0.05400, 2.529
6.930, -0.05350, 2.551
6.940, -0.05300, 2.548
6.950, -0.05250, 2.565
6.960, -0.05200, 2.564
6.970, -0.05150, 2.552
6.980, -0.05100, 2.583
6.990, -0.05050, 2.588
7.000, -0.05000, 2.633
7.010, -0.04950, 2.648
7.020, -0.04900, 2.640
7.030, -0.04850, 2.631
7.040, -0.04800, 2.684
7.050, -0.04750, 2.670
7.060, -0.04700, 2.722
7.070, -0.04650, 2.715
7.080, -0.04600, 2.737
7.090, -0.04550, 2.694
7.100, -0.04500, 2.712
7.110, -0.04450, 2.728
7.120, -0.04400, 2.749
7.130, -0.04350, 2.726
7.140, -0.04300, 2.732
7.150, -0.04250, 2.734
7.160, -0.04200, 2.715
7.170, -0.04150, 2.740
7.180, -0.04100, 2.751
7.190, -0.04050, 2.767
7.200, -0.04000, 2.780
7.210, -0.03950, 2.751
7.220, -0.03900, 2.778
7.230, -0.03850, 2.783
7.240, -0.03800, 2.788
7.250, -0.03750, 2.803
7.260, -0.03700, 2.819
7.270, -0.03650, 2.799
7.280, -0.03600, 2.812
7.290, -0.03550, 2.807
7.300, -0.03500, 2.852
7.310, -0.03450, 2.853
7.320, -0.03400, 2.851
7.330, -0.03350, 2.824
7.340, -0.03300, 2.855
7.350, -0.03250, 2.864
7.360, -0.03200, 2.879
7.370, -0.03150, 2.875
7.380, -0.03100, 2.911
7.390, -0.03050, 2.907
7.400, -0.03000, 2.957
7.410, -0.02950, 2.954
7.420, -0.02900, 2.999
7.430, -0.02850, 3.022
7.440, -0.02800, 3.044
7.450, -0.02750, 3.080
7.460, -0.02700, 3.057
7.470, -0.02650, 3.077
7.480, -0.02600, 3.072
7.490, -0.02550, 3.104
7.500, -0.02500, 3.124
7.510, -0.02450, 3.121
7.520, -0.02400, 3.114
7.530, -0.02350, 3.120
7.540, -0.02300, 3.128
7.550, -0.02250, 3.152
7.560, -0.02200, 3.205
7.570, -0.02150, 3.218
7.580, -0.02100, 3.238
7.590, -0.02050, 3.175
7.600, -0.02000, 3.239
7.610, -0.01950, 3.216
7.620, -0.01900, 3.249
7.630, -0.01850, 3.256
7.640, -0.01800, 3.252
7.650, -0.01750, 3.265
7.660, -0.01700, 3.269
7.670, -0.01650, 3.285
7.680, -0.01600, 3.293
7.690, -0.01550, 3.320
7.700, -0.01500, 3.314
7.710, -0.01450, 3.341
7.720, -0.01400, 3.368
7.730, -0.01350, 3.397
7.740, -0.01300, 3.444
7.750, -0.01250, 3.456
7.760, -0.01200, 3.444
7.770, -0.01150, 3.459
7.780, -0.01100, 3.465
7.790, -0.01050, 3.502
7.800, -0.01000, 3.502
7.810, -0.009500, 3.526
7.820, -0.009000, 3.523
7.830, -0.008500, 3.574
7.840, -0.008000, 3.598
7.850, -0.007500, 3.628
7.860, -0.007000, 3.641
7.870, -0.006500, 3.685
7.880, -0.006000, 3.707
7.890, -0.005500, 3.711
7.900, -0.005000, 3.734
7.910, -0.004500, 3.745
7.920, -0.004000, 3.822
7.930, -0.003500, 3.788
7.940, -0.003000, 3.854
7.950, -0.002500, 3.855
7.960, -0.002000, 3.879
7.970, -0.001500, 3.890
7.980, -0.001000, 3.914
7.990, -0.0005000, 3.955
8.000, 0.000, 3.953
8.010, 0.0005000, 3.995
8.020, 0.001000, 3.980
8.030, 0.001500, 4.040
8.040, 0.002000, 4.059
8.050, 0.002500, 4.086
8.060, 0.003000, 4.126
8.070, 0.003500, 4.120
8.080, 0.004000, 4.156
8.090, 0.004500, 4.173
8.100, 0.005000, 4.190
8.110, 0.005500, 4.233
8.120, 0.006000, 4.243
8.130, 0.006500, 4.239
8.140, 0.007000, 4.268
8.150, 0.007500, 4.282
8.160, 0.008000, 4.324
8.170, 0.008500, 4.349
8.180, 0.009000, 4.371
8.190, 0.009500, 4.391
8.200, 0.01000, 4.415
8.210, 0.01050, 4.456
8.220, 0.01100, 4.462
8.230, 0.01150, 4.508
8.240, 0.01200, 4.562
8.250, 0.01250, 4.579
8.260, 0.01300, 4.628
8.270, 0.01350, 4.658
8.280, 0.01400, 4.696
8.290, 0.01450, 4.745
8.300, 0.01500, 4.775
8.310, 0.01550, 4.813
8.320, 0.01600, 4.861
8.330, 0.01650, 4.905
8.340, 0.01700, 4.929
8.350, 0.01750, 4.973
8.360, 0.01800, 4.973
8.370, 0.01850, 5.011
8.380, 0.01900, 5.023
8.390, 0.01950, 5.058
8.400, 0.02000, 5.076
8.410, 0.02050, 5.121
8.420, 0.02100, 5.133
8.430, 0.02150, 5.182
8.440, 0.02200, 5.203
8.450, 0.02250, 5.235
8.460, 0.02300, 5.285
8.470, 0.02350, 5.298
8.480, 0.02400, 5.318
8.490, 0.02450, 5.365
8.500, 0.02500, 5.394
8.510, 0.02550, 5.397
8.520, 0.02600, 5.459
8.530, 0.02650, 5.516
8.540, 0.02700, 5.560
8.550, 0.02750, 5.585
8.560, 0.02800, 5.606
8.570, 0.02850, 5.635
8.580, 0.02900, 5.652
8.590, 0.02950, 5.683
8.600, 0.03000, 5.722
8.610, 0.03050, 5.762
8.620, 0.03100, 5.790
8.630, 0.03150, 5.858
8.640, 0.03200, 5.887
8.650, 0.03250, 5.927
8.660, 0.03300, 5.970
8.670, 0.03350, 6.051
8.680, 0.03400, 6.078
8.690, 0.03450, 6.122
8.700, 0.03500, 6.170
8.710, 0.03550, 6.187
8.720, 0.03600, 6.263
8.730, 0.03650, 6.325
8.740, 0.03700, 6.352
8.750, 0.03750, 6.398
8.760, 0.03800, 6.455
8.770, 0.03850, 6.509
8.780, 0.03900, 6.532
8.790, 0.03950, 6.549
8.800, 0.04000, 6.580
8.810, 0.04050, 6.624
8.820, 0.04100, 6.677
8.830, 0.04150, 6.718
8.840, 0.04200, 6.754
8.850, 0.04250, 6.824
8.860, 0.04300, 6.844
8.870, 0.04350, 6.881
8.880, 0.04400, 6.933
8.890, 0.04450, 6.973
8.900, 0.04500, 6.993
8.910, 0.04550, 7.044
8.920, 0.04600, 7.063
8.930, 0.04650, 7.089
8.940, 0.04700, 7.144
8.950, 0.04750, 7.240
8.960, 0.04800, 7.260
8.970, 0.04850, 7.306
8.980, 0.04900, 7.322
8.990, 0.04950, 7.344
9.000, 0.05000, 7.390
9.010, 0.05050, 7.433
9.020, 0.05100, 7.483
9.030, 0.05150, 7.527
9.040, 0.05200, 7.574
9.050, 0.05250, 7.645
9.060, 0.05300, 7.670
9.070, 0.05350, 7.756
9.080, 0.05400, 7.811
9.090, 0.05450, 7.862
9.100, 0.05500, 7.922
9.110, 0.05550, 7.954
9.120, 0.05600, 8.024
9.130, 0.05650, 8.108
9.140, 0.05700, 8.168
9.150, 0.05750, 8.240
9.160, 0.05800, 8.271
9.170, 0.05850, 8.305
9.180, 0.05900, 8.316
9.190, 0.05950, 8.406
9.200, 0.06000, 8.443
9.210, 0.06050, 8.486
9.220, 0.06100, 8.535
9.230, 0.06150, 8.583
9.240, 0.06200, 8.607
9.250, 0.06250, 8.651
9.260, 0.06300, 8.745
9.270, 0.06350, 8.792
9.280, 0.06400, 8.846
9.290, 0.06450, 8.866
9.300, 0.06500, 8.911
9.310, 0.06550, 8.970
9.320, 0.06600, 9.016
9.330, 0.06650, 9.067
9.340, 0.06700, 9.114
9.350, 0.06750, 9.171
9.360, 0.06800, 9.238
9.370, 0.06850, 9.268
9.380, 0.06900, 9.308
9.390, 0.06950, 9.390
9.400, 0.07000, 9.439
9.410, 0.07050, 9.454
9.420, 0.07100, 9.498
9.430, 0.07150, 9.532
9.440, 0.07200, 9.605
9.450, 0.07250, 9.663
9.460, 0.07300, 9.729
9.470, 0.07350, 9.741
9.480, 0.07400, 9.778
9.490, 0.07450, 9.823
9.500, 0.07500, 9.919
9.510, 0.07550, 9.991
9.520, 0.07600, 10.05
9.530, 0.07650, 10.10
9.540, 0.07700, 10.15
9.550, 0.07750, 10.19
9.560, 0.07800, 10.28
9.570, 0.07850, 10.38
9.580, 0.07900, 10.44
9.590, 0.07950, 10.50
9.600, 0.08000, 10.52
9.610, 0.08050, 10.56
9.620, 0.08100, 10.61
9.630, 0.08150, 10.68
9.640, 0.08200, 10.72
9.650, 0.08250, 10.76
9.660, 0.08300, 10.82
9.670, 0.08350, 10.89
9.680, 0.08400, 10.92
9.690, 0.08450, 11.00
9.700, 0.08500, 11.02
9.710, 0.08550, 11.10
9.720, 0.08600, 11.13
9.730, 0.08650, 11.15
9.740, 0.08700, 11.22
9.750, 0.08750, 11.28
9.760, 0.08800, 11.35
9.770, 0.08850, 11.40
9.780, 0.08900, 11.43
9.790, 0.08950, 11.50
9.800, 0.09000, 11.54
9.810, 0.09050, 11.59
9.820, 0.09100, 11.64
9.830, 0.09150, 11.71
9.840, 0.09200, 11.76
9.850, 0.09250, 11.80
9.860, 0.09300, 11.86
9.870, 0.09350, 11.91
9.880, 0.09400, 11.96
9.890, 0.09450, 12.02
9.900, 0.09500, 12.06
9.910, 0.09550, 12.12
9.920, 0.09600, 12.17
9.930, 0.09650, 12.25
9.940, 0.09700, 12.29
9.950, 0.09750, 12.34
9.960, 0.09800, 12.41
9.970, 0.09850, 12.46
9.980, 0.09900, 12.51
9.990, 0.09950, 12.58
10.00, 0.1000, 12.66
10.01, 0.1005, 12.72
10.02, 0.1010, 12.77
10.03, 0.1015, 12.80
10.04, 0.1020, 12.84
10.05, 0.1025, 12.88
10.06, 0.1030, 12.95
10.07, 0.1035, 13.02
10.08, 0.1040, 13.03
10.09, 0.1045, 13.08
10.10, 0.1050, 13.15
10.11, 0.1055, 13.22
10.12, 0.1060, 13.25
10.13, 0.1065, 13.31
10.14, 0.1070, 13.35
10.15, 0.1075, 13.39
10.16, 0.1080, 13.42
10.17, 0.1085, 13.48
10.18, 0.1090, 13.52
10.19, 0.1095, 13.60
10.20, 0.1100, 13.66
10.21, 0.1105, 13.70
10.22, 0.1110, 13.74
10.23, 0.1115, 13.77
10.24, 0.1120, 13.84
10.25, 0.1125, 13.88
10.26, 0.1130, 13.93
10.27, 0.1135, 13.95
10.28, 0.1140, 14.01
10.29, 0.1145, 14.06
10.30, 0.1150, 14.08
10.31, 0.1155, 14.15
10.32, 0.1160, 14.19
10.33, 0.1165, 14.26
10.34, 0.1170, 14.28
10.35, 0.1175, 14.33
10.36, 0.1180, 14.44
10.37, 0.1185, 14.50
10.38, 0.1190, 14.56
10.39, 0.1195, 14.62
10.40, 0.1200, 14.65
10.41, 0.1205, 14.71
10.42, 0.1210, 14.77
10.43, 0.1215, 14.80
10.44, 0.1220, 14.82
10.45, 0.1225, 14.91
10.46, 0.1230, 14.93
10.47, 0.1235, 14.99
10.48, 0.1240, 15.05
10.49, 0.1245, 15.09
10.50, 0.1250, 15.12
10.51, 0.1255, 15.17
10.52, 0.1260, 15.21
10.53, 0.1265, 15.24
10.54, 0.1270, 15.29
10.55, 0.1275, 15.31
10.56, 0.1280, 15.36
10.57, 0.1285, 15.40
10.58, 0.1290, 15.45
10.59, 0.1295, 15.47
10.60, 0.1300, 15.50
10.61, 0.1305, 15.55
10.62, 0.1310, 15.62
10.63, 0.1315, 15.68
10.64, 0.1320, 15.68
10.65, 0.1325, 15.71
10.66, 0.1330, 15.75
10.67, 0.1335, 15.75
10.68, 0.1340, 15.82
10.69, 0.1345, 15.83
10.70, 0.1350, 15.88
10.71, 0.1355, 15.92
10.72, 0.1360, 15.93
10.73, 0.1365, 15.98
10.74, 0.1370, 16.00
10.75, 0.1375, 16.03
10.76, 0.1380, 16.10
10.77, 0.1385, 16.13
10.78, 0.1390, 16.17
10.79, 0.1395, 16.23
10.80, 0.1400, 16.29
10.81, 0.1405, 16.33
10.82, 0.1410, 16.38
10.83, 0.1415, 16.39
10.84, 0.1420, 16.44
10.85, 0.1425, 16.49
10.86, 0.1430, 16.50
10.87, 0.1435, 16.54
10.88, 0.1440, 16.60
10.89, 0.1445, 16.60
10.90, 0.1450, 16.64
10.91, 0.1455, 16.67
10.92, 0.1460, 16.68
10.93, 0.1465, 16.71
10.94, 0.1470, 16.71
10.95, 0.1475, 16.75
10.96, 0.1480, 16.78
10.97, 0.1485, 16.82
10.98, 0.1490, 16.84
10.99, 0.1495, 16.85
11.00, 0.1500, 16.87
11.01, 0.1505, 16.89
11.02, 0.1510, 16.92
11.03, 0.1515, 16.91
11.04, 0.1520, 16.94
11.05, 0.1525, 16.99
11.06, 0.1530, 17.01
11.07, 0.1535, 17.04
11.08, 0.1540, 17.03
11.09, 0.1545, 17.03
11.10, 0.1550, 17.09
11.11, 0.1555, 17.09
11.12, 0.1560, 17.10
11.13, 0.1565, 17.12
11.14, 0.1570, 17.14
11.15, 0.1575, 17.15
11.16, 0.1580, 17.19
11.17, 0.1585, 17.20
11.18, 0.1590, 17.21
11.19, 0.1595, 17.24
11.20, 0.1600, 17.23
11.21, 0.1605, 17.29
11.22, 0.1610, 17.32
11.23, 0.1615, 17.34
11.24, 0.1620, 17.36
11.25, 0.1625, 17.40
11.26, 0.1630, 17.38
11.27, 0.1635, 17.41
11.28, 0.1640, 17.42
11.29, 0.1645, 17.42
11.30, 0.1650, 17.43
11.31, 0.1655, 17.42
11.32, 0.1660, 17.45
11.33, 0.1665, 17.46
11.34, 0.1670, 17.45
11.35, 0.1675, 17.45
11.36, 0.1680, 17.47
11.37, 0.1685, 17.46
11.38, 0.1690, 17.48
11.39, 0.1695, 17.46
11.40, 0.1700, 17.49
11.41, 0.1705, 17.49
11.42, 0.1710, 17.47
11.43, 0.1715, 17.48
11.44, 0.1720, 17.47
11.45, 0.1725, 17.46
11.46, 0.1730, 17.49
11.47, 0.1735, 17.48
11.48, 0.1740, 17.47
11.49, 0.1745, 17.50
11.50, 0.1750, 17.50
11.51, 0.1755, 17.48
11.52, 0.1760, 17.48
11.53, 0.1765, 17.49
11.54, 0.1770, 17.45
11.55, 0.1775, 17.47
11.56, 0.1780, 17.47
11.57, 0.1785, 17.48
11.58, 0.1790, 17.46
11.59, 0.1795, 17.47
11.60, 0.1800, 17.44
11.61, 0.1805, 17.46
11.62, 0.1810, 17.48
11.63, 0.1815, 17.46
11.64, 0.1820, 17.48
11.65, 0.1825, 17.43
11.66, 0.1830, 17.47
11.67, 0.1835, 17.48
11.68, 0.1840, 17.47
11.69, 0.1845, 17.48
11.70, 0.1850, 17.46
11.71, 0.1855, 17.43
11.72, 0.1860, 17.44
11.73, 0.1865, 17.48
11.74, 0.1870, 17.44
11.75, 0.1875, 17.43
11.76, 0.1880, 17.41
11.77, 0.1885, 17.37
11.78, 0.1890, 17.40
11.79, 0.1895, 17.38
11.80, 0.1900, 17.35
11.81, 0.1905, 17.35
11.82, 0.1910, 17.34
11.83, 0.1915, 17.32
11.84, 0.1920, 17.36
11.85, 0.1925, 17.35
11.86, 0.1930, 17.29
11.87, 0.1935, 17.30
11.88, 0.1940, 17.27
11.89, 0.1945, 17.28
11.90, 0.1950, 17.27
11.91, 0.1955, 17.26
11.92, 0.1960, 17.26
11.93, 0.1965, 17.23
11.94, 0.1970, 17.18
11.95, 0.1975, 17.20
11.96, 0.1980, 17.20
11.97, 0.1985, 17.18
11.98, 0.1990, 17.18
11.99, 0.1995, 17.17
12.00, 0.2000, 17.15
12.01, 0.2005, 17.13
12.02, 0.2010, 17.13
12.03, 0.2015, 17.12
12.04, 0.2020, 17.13
12.05, 0.2025, 17.15
12.06, 0.2030, 17.14
12.07, 0.2035, 17.17
12.08, 0.2040, 17.17
12.09, 0.2045, 17.14
12.10, 0.2050, 17.12
12.11, 0.2055, 17.14
12.12, 0.2060, 17.13
12.13, 0.2065, 17.12
12.14, 0.2070, 17.12
12.15, 0.2075, 17.11
12.16, 0.2080, 17.11
12.17, 0.2085, 17.09
12.18, 0.2090, 17.08
12.19, 0.2095, 17.06
12.20, 0.2100, 17.05
12.21, 0.2105, 17.07
12.22, 0.2110, 17.02
12.23, 0.2115, 17.00
12.24, 0.2120, 17.00
12.25, 0.2125, 16.99
12.26, 0.2130, 17.01
12.27, 0.2135, 16.97
12.28, 0.2140, 16.97
12.29, 0.2145, 16.97
12.30, 0.2150, 16.97
12.31, 0.2155, 16.95
12.32, 0.2160, 16.96
12.33, 0.2165, 16.94
12.34, 0.2170, 16.94
12.35, 0.2175, 16.92
12.36, 0.2180, 16.92
12.37, 0.2185, 16.91
12.38, 0.2190, 16.91
12.39, 0.2195, 16.90
12.40, 0.2200, 16.88
12.41, 0.2205, 16.89
12.42, 0.2210, 16.88
12.43, 0.2215, 16.86
12.44, 0.2220, 16.88
12.45, 0.2225, 16.85
12.46, 0.2230, 16.88
12.47, 0.2235, 16.88
12.48, 0.2240, 16.89
12.49, 0.2245, 16.93
12.50, 0.2250, 16.90
12.51, 0.2255, 16.89
12.52, 0.2260, 16.89
12.53, 0.2265, 16.92
12.54, 0.2270, 16.89
12.55, 0.2275, 16.89
12.56, 0.2280, 16.88
12.57, 0.2285, 16.90
12.58, 0.2290, 16.86
12.59, 0.2295, 16.88
12.60, 0.2300, 16.90
12.61, 0.2305, 16.88
12.62, 0.2310, 16.86
12.63, 0.2315, 16.83
12.64, 0.2320, 16.84
12.65, 0.2325, 16.83
12.66, 0.2330, 16.83
12.67, 0.2335, 16.85
12.68, 0.2340, 16.83
12.69, 0.2345, 16.82
12.70, 0.2350, 16.83
12.71, 0.2355, 16.83
12.72, 0.2360, 16.82
12.73, 0.2365, 16.80
12.74, 0.2370, 16.79
12.75, 0.2375, 16.78
12.76, 0.2380, 16.78
12.77, 0.2385, 16.79
12.78, 0.2390, 16.77
12.79, 0.2395, 16.76
12.80, 0.2400, 16.72
12.81, 0.2405, 16.75
12.82, 0.2410, 16.76
12.83, 0.2415, 16.75
12.84, 0.2420, 16.78
12.85, 0.2425, 16.74
12.86, 0.2430, 16.72
12.87, 0.2435, 16.72
12.88, 0.2440, 16.75
12.89, 0.2445, 16.78
12.90, 0.2450, 16.79
12.91, 0.2455, 16.78
12.92, 0.2460, 16.81
12.93, 0.2465, 16.79
12.94, 0.2470, 16.78
12.95, 0.2475, 16.78
12.96, 0.2480, 16.80
12.97, 0.2485, 16.80
12.98, 0.2490, 16.78
12.99, 0.2495, 16.79
13.00, 0.2500, 16.78
13.01, 0.2505, 16.84
13.02, 0.2510, 16.82
13.03, 0.2515, 16.83
13.04, 0.2520, 16.77
13.05, 0.2525, 16.78
13.06, 0.2530, 16.78
13.07, 0.2535, 16.79
13.08, 0.2540, 16.80
13.09, 0.2545, 16.79
13.10, 0.2550, 16.77
13.11, 0.2555, 16.75
13.12, 0.2560, 16.78
13.13, 0.2565, 16.76
13.14, 0.2570, 16.78
13.15, 0.2575, 16.75
13.16, 0.2580, 16.74
13.17, 0.2585, 16.73
13.18, 0.2590, 16.77
13.19, 0.2595, 16.76
13.20, 0.2600, 16.80
13.21, 0.2605, 16.80
13.22, 0.2610, 16.75
13.23, 0.2615, 16.76
13.24, 0.2620, 16.76
13.25, 0.2625, 16.77
13.26, 0.2630, 16.77
13.27, 0.2635, 16.75
13.28, 0.2640, 16.76
13.29, 0.2645, 16.81
13.30, 0.2650, 16.78
13.31, 0.2655, 16.82
13.32, 0.2660, 16.82
13.33, 0.2665, 16.83
13.34, 0.2670, 16.83
13.35, 0.2675, 16.86
13.36, 0.2680, 16.84
13.37, 0.2685, 16.86
13.38, 0.2690, 16.89
13.39, 0.2695, 16.88
13.40, 0.2700, 16.88
13.41, 0.2705, 16.87
13.42, 0.2710, 16.89
13.43, 0.2715, 16.89
13.44, 0.2720, 16.91
13.45, 0.2725, 16.91
13.46, 0.2730, 16.93
13.47, 0.2735, 16.91
13.48, 0.2740, 16.90
13.49, 0.2745, 16.90
13.50, 0.2750, 16.92
13.51, 0.2755, 16.92
13.52, 0.2760, 16.91
13.53, 0.2765, 16.92
13.54, 0.2770, 16.92
13.55, 0.2775, 16.92
13.56, 0.2780, 16.92
13.57, 0.2785, 16.92
13.58, 0.2790, 16.94
13.59, 0.2795, 16.96
13.60, 0.2800, 16.93
13.61, 0.2805, 16.95
13.62, 0.2810, 16.95
13.63, 0.2815, 16.98
13.64, 0.2820, 16.99
13.65, 0.2825, 16.97
13.66, 0.2830, 16.97
13.67, 0.2835, 16.99
13.68, 0.2840, 16.98
13.69, 0.2845, 16.98
13.70, 0.2850, 16.99
13.71, 0.2855, 17.01
13.72, 0.2860, 17.06
13.73, 0.2865, 17.07
13.74, 0.2870, 17.06
13.75, 0.2875, 17.09
13.76, 0.2880, 17.10
13.77, 0.2885, 17.13
13.78, 0.2890, 17.15
13.79, 0.2895, 17.15
13.80, 0.2900, 17.15
13.81, 0.2905, 17.19
13.82, 0.2910, 17.22
13.83, 0.2915, 17.20
13.84, 0.2920, 17.22
13.85, 0.2925, 17.21
13.86, 0.2930, 17.23
13.87, 0.2935, 17.23
13.88, 0.2940, 17.26
13.89, 0.2945, 17.28
13.90, 0.2950, 17.30
13.91, 0.2955, 17.28
13.92, 0.2960, 17.27
13.93, 0.2965, 17.29
13.94, 0.2970, 17.30
13.95, 0.2975, 17.29
13.96, 0.2980, 17.31
13.97, 0.2985, 17.32
13.98, 0.2990, 17.33
13.99, 0.2995, 17.34
14.00, 0.3000, 17.35
14.01, 0.3005, 17.36
14.02, 0.3010, 17.35
14.03, 0.3015, 17.37
14.04, 0.3020, 17.39
14.05, 0.3025, 17.39
14.06, 0.3030, 17.41
14.07, 0.3035, 17.44
14.08, 0.3040, 17.43
14.09, 0.3045, 17.43
14.10, 0.3050, 17.43
14.11, 0.3055, 17.45
14.12, 0.3060, 17.45
14.13, 0.3065, 17.46
14.14, 0.3070, 17.50
14.15, 0.3075, 17.52
14.16, 0.3080, 17.54
14.17, 0.3085, 17.56
14.18, 0.3090, 17.59
14.19, 0.3095, 17.60
14.20, 0.3100, 17.60
14.21, 0.3105, 17.63
14.22, 0.3110, 17.62
14.23, 0.3115, 17.64
14.24, 0.3120, 17.67
14.25, 0.3125, 17.68
14.26, 0.3130, 17.71
14.27, 0.3135, 17.70
14.28, 0.3140, 17.70
14.29, 0.3145, 17.72
14.30, 0.3150, 17.76
14.31, 0.3155, 17.72
14.32, 0.3160, 17.73
14.33, 0.3165, 17.73
14.34, 0.3170, 17.75
14.35, 0.3175, 17.76
14.36, 0.3180, 17.78
14.37, 0.3185, 17.79
14.38, 0.3190, 17.81
14.39, 0.3195, 17.80
14.40, 0.3200, 17.81
14.41, 0.3205, 17.81
14.42, 0.3210, 17.80
14.43, 0.3215, 17.82
14.44, 0.3220, 17.84
14.45, 0.3225, 17.81
14.46, 0.3230, 17.85
14.47, 0.3235, 17.86
14.48, 0.3240, 17.84
14.49, 0.3245, 17.86
14.50, 0.3250, 17.89
14.51, 0.3255, 17.91
14.52, 0.3260, 17.90
14.53, 0.3265, 17.90
14.54, 0.3270, 17.95
14.55, 0.3275, 17.92
14.56, 0.3280, 17.93
14.57, 0.3285, 17.99
14.58, 0.3290, 18.01
14.59, 0.3295, 18.03
14.60, 0.3300, 18.04
14.61, 0.3305, 18.06
14.62, 0.3310, 18.09
14.63, 0.3315, 18.08
14.64, 0.3320, 18.08
14.65, 0.3325, 18.10
14.66, 0.3330, 18.11
14.67, 0.3335, 18.11
14.68, 0.3340, 18.15
14.69, 0.3345, 18.15
14.70, 0.3350, 18.14
14.71, 0.3355, 18.13
14.72, 0.3360, 18.15
14.73, 0.3365, 18.16
14.74, 0.3370, 18.16
14.75, 0.3375, 18.15
14.76, 0.3380, 18.19
14.77, 0.3385, 18.20
14.78, 0.3390, 18.21
14.79, 0.3395, 18.21
14.80, 0.3400, 18.21
14.81, 0.3405, 18.22
14.82, 0.3410, 18.20
14.83, 0.3415, 18.21
14.84, 0.3420, 18.23
14.85, 0.3425, 18.23
14.86, 0.3430, 18.22
14.87, 0.3435, 18.23
14.88, 0.3440, 18.24
14.89, 0.3445, 18.24
14.90, 0.3450, 18.26
14.91, 0.3455, 18.24
14.92, 0.3460, 18.25
14.93, 0.3465, 18.26
14.94, 0.3470, 18.27
14.95, 0.3475, 18.29
14.96, 0.3480, 18.27
14.97, 0.3485, 18.29
14.98, 0.3490, 18.31
14.99, 0.3495, 18.30
15.00, 0.3500, 18.34
15.01, 0.3505, 18.34
15.02, 0.3510, 18.34
15.03, 0.3515, 18.37
15.04, 0.3520, 18.38
15.05, 0.3525, 18.42
15.06, 0.3530, 18.43
15.07, 0.3535, 18.41
15.08, 0.3540, 18.43
15.09, 0.3545, 18.44
15.10, 0.3550, 18.43
15.11, 0.3555, 18.45
15.12, 0.3560, 18.43
15.13, 0.3565, 18.44
15.14, 0.3570, 18.44
15.15, 0.3575, 18.43
15.16, 0.3580, 18.42
15.17, 0.3585, 18.46
15.18, 0.3590, 18.45
15.19, 0.3595, 18.48
15.20, 0.3600, 18.45
15.21, 0.3605, 18.44
15.22, 0.3610, 18.41
15.23, 0.3615, 18.45
15.24, 0.3620, 18.44
15.25, 0.3625, 18.45
15.26, 0.3630, 18.44
15.27, 0.3635, 18.45
15.28, 0.3640, 18.43
15.29, 0.3645, 18.45
15.30, 0.3650, 18.48
15.31, 0.3655, 18.48
15.32, 0.3660, 18.47
15.33, 0.3665, 18.47
15.34, 0.3670, 18.44
15.35, 0.3675, 18.46
15.36, 0.3680, 18.46
15.37, 0.3685, 18.47
15.38, 0.3690, 18.46
15.39, 0.3695, 18.45
15.40, 0.3700, 18.45
15.41, 0.3705, 18.51
15.42, 0.3710, 18.52
15.43, 0.3715, 18.54
15.44, 0.3720, 18.54
15.45, 0.3725, 18.53
15.46, 0.3730, 18.54
15.47, 0.3735, 18.54
15.48, 0.3740, 18.57
15.49, 0.3745, 18.58
15.50, 0.3750, 18.58
15.51, 0.3755, 18.58
15.52, 0.3760, 18.60
15.53, 0.3765, 18.60
15.54, 0.3770, 18.61
15.55, 0.3775, 18.61
15.56, 0.3780, 18.58
15.57, 0.3785, 18.59
15.58, 0.3790, 18.59
15.59, 0.3795, 18.57
15.60, 0.3800, 18.58
15.61, 0.3805, 18.55
15.62, 0.3810, 18.56
15.63, 0.3815, 18.55
15.64, 0.3820, 18.54
15.65, 0.3825, 18.53
15.66, 0.3830, 18.57
15.67, 0.3835, 18.58
15.68, 0.3840, 18.55
15.69, 0.3845, 18.55
15.70, 0.3850, 18.56
15.71, 0.3855, 18.58
15.72, 0.3860, 18.59
15.73, 0.3865, 18.58
15.74, 0.3870, 18.59
15.75, 0.3875, 18.54
15.76, 0.3880, 18.54
15.77, 0.3885, 18.55
15.78, 0.3890, 18.56
15.79, 0.3895, 18.57
15.80, 0.3900, 18.55
15.81, 0.3905, 18.54
15.82, 0.3910, 18.55
15.83, 0.3915, 18.55
15.84, 0.3920, 18.60
15.85, 0.3925, 18.63
15.86, 0.3930, 18.62
15.87, 0.3935, 18.64
15.88, 0.3940, 18.65
15.89, 0.3945, 18.63
15.90, 0.3950, 18.66
15.91, 0.3955, 18.68
15.92, 0.3960, 18.68
15.93, 0.3965, 18.65
15.94, 0.3970, 18.66
15.95, 0.3975, 18.66
15.96, 0.3980, 18.66
15.97, 0.3985, 18.65
15.98, 0.3990, 18.67
15.99, 0.3995, 18.67
16.00, 0.4000, 18.64
16.01, 0.3995, 18.40
16.02, 0.3990, 18.17
16.03, 0.3985, 17.98
16.04, 0.3980, 17.81
16.05, 0.3975, 17.59
16.06, 0.3970, 17.43
16.07, 0.3965, 17.25
16.08, 0.3960, 17.09
16.09, 0.3955, 16.95
16.10, 0.3950, 16.80
16.11, 0.3945, 16.66
16.12, 0.3940, 16.52
16.13, 0.3935, 16.37
16.14, 0.3930, 16.24
16.15, 0.3925, 16.12
16.16, 0.3920, 15.97
16.17, 0.3915, 15.85
16.18, 0.3910, 15.73
16.19, 0.3905, 15.60
16.20, 0.3900, 15.49
16.21, 0.3895, 15.36
16.22, 0.3890, 15.25
16.23, 0.3885, 15.13
16.24, 0.3880, 14.98
16.25, 0.3875, 14.86
16.26, 0.3870, 14.74
16.27, 0.3865, 14.62
16.28, 0.3860, 14.49
16.29, 0.3855, 14.36
16.30, 0.3850, 14.27
16.31, 0.3845, 14.15
16.32, 0.3840, 14.03
16.33, 0.3835, 13.93
16.34, 0.3830, 13.81
16.35, 0.3825, 13.75
16.36, 0.3820, 13.64
16.37, 0.3815, 13.53
16.38, 0.3810, 13.46
16.39, 0.3805, 13.34
16.40, 0.3800, 13.25
16.41, 0.3795, 13.17
16.42, 0.3790, 13.07
16.43, 0.3785, 12.98
16.44, 0.3780, 12.88
16.45, 0.3775, 12.79
16.46, 0.3770, 12.71
16.47, 0.3765, 12.64
16.48, 0.3760, 12.55
16.49, 0.3755, 12.46
16.50, 0.3750, 12.36
16.51, 0.3745, 12.27
16.52, 0.3740, 12.20
16.53, 0.3735, 12.11
16.54, 0.3730, 12.07
16.55, 0.3725, 11.98
16.56, 0.3720, 11.90
16.57, 0.3715, 11.81
16.58, 0.3710, 11.75
16.59, 0.3705, 11.68
16.60, 0.3700, 11.60
16.61, 0.3695, 11.53
16.62, 0.3690, 11.46
16.63, 0.3685, 11.41
16.64, 0.3680, 11.29
16.65, 0.3675, 11.24
16.66, 0.3670, 11.15
16.67, 0.3665, 11.08
16.68, 0.3660, 10.98
16.69, 0.3655, 10.90
16.70, 0.3650, 10.82
16.71, 0.3645, 10.75
16.72, 0.3640, 10.68
16.73, 0.3635, 10.59
16.74, 0.3630, 10.53
16.75, 0.3625, 10.45
16.76, 0.3620, 10.39
16.77, 0.3615, 10.33
16.78, 0.3610, 10.27
16.79, 0.3605, 10.23
16.80, 0.3600, 10.18
16.81, 0.3595, 10.07
16.82, 0.3590, 10.03
16.83, 0.3585, 9.971
16.84, 0.3580, 9.930
16.85, 0.3575, 9.881
16.86, 0.3570, 9.792
16.87, 0.3565, 9.700
16.88, 0.3560, 9.655
16.89, 0.3555, 9.627
16.90, 0.3550, 9.583
16.91, 0.3545, 9.529
16.92, 0.3540, 9.468
16.93, 0.3535, 9.389
16.94, 0.3530, 9.323
16.95, 0.3525, 9.288
16.96, 0.3520, 9.237
16.97, 0.3515, 9.227
16.98, 0.3510, 9.142
16.99, 0.3505, 9.091
17.00, 0.3500, 8.996
17.01, 0.3495, 8.961
17.02, 0.3490, 8.949
17.03, 0.3485, 8.866
17.04, 0.3480, 8.831
17.05, 0.3475, 8.785
17.06, 0.3470, 8.724
17.07, 0.3465, 8.677
17.08, 0.3460, 8.603
17.09, 0.3455, 8.567
17.10, 0.3450, 8.502
17.11, 0.3445, 8.432
17.12, 0.3440, 8.373
17.13, 0.3435, 8.304
17.14, 0.3430, 8.224
17.15, 0.3425, 8.198
17.16, 0.3420, 8.147
17.17, 0.3415, 8.099
17.18, 0.3410, 8.080
17.19, 0.3405, 8.025
17.20, 0.3400, 7.960
17.21, 0.3395, 7.925
17.22, 0.3390, 7.884
17.23, 0.3385, 7.868
17.24, 0.3380, 7.799
17.25, 0.3375, 7.746
17.26, 0.3370, 7.706
17.27, 0.3365, 7.697
17.28, 0.3360, 7.656
17.29, 0.3355, 7.594
17.30, 0.3350, 7.565
17.31, 0.3345, 7.498
17.32, 0.3340, 7.478
17.33, 0.3335, 7.421
17.34, 0.3330, 7.400
17.35, 0.3325, 7.327
17.36, 0.3320, 7.290
17.37, 0.3315, 7.272
17.38, 0.3310, 7.234
17.39, 0.3305, 7.231
17.40, 0.3300, 7.171
17.41, 0.3295, 7.171
17.42, 0.3290, 7.113
17.43, 0.3285, 7.045
17.44, 0.3280, 7.019
17.45, 0.3275, 6.986
17.46, 0.3270, 6.989
17.47, 0.3265, 6.928
17.48, 0.3260, 6.897
17.49, 0.3255, 6.869
17.50, 0.3250, 6.808
17.51, 0.3245, 6.754
17.52, 0.3240, 6.686
17.53, 0.3235, 6.658
17.54, 0.3230, 6.613
17.55, 0.3225, 6.585
17.56, 0.3220, 6.531
17.57, 0.3215, 6.514
17.58, 0.3210, 6.440
17.59, 0.3205, 6.421
17.60, 0.3200, 6.391
17.61, 0.3195, 6.351
17.62, 0.3190, 6.314
17.63, 0.3185, 6.302
17.64, 0.3180, 6.248
17.65, 0.3175, 6.230
17.66, 0.3170, 6.210
17.67, 0.3165, 6.180
17.68, 0.3160, 6.148
17.69, 0.3155, 6.130
17.70, 0.3150, 6.089
17.71, 0.3145, 6.048
17.72, 0.3140, 6.025
17.73, 0.3135, 6.017
17.74, 0.3130, 5.984
17.75, 0.3125, 5.931
17.76, 0.3120, 5.906
17.77, 0.3115, 5.888
17.78, 0.3110, 5.832
17.79, 0.3105, 5.839
17.80, 0.3100, 5.793
17.81, 0.3095, 5.780
17.82, 0.3090, 5.738
17.83, 0.3085, 5.731
17.84, 0.3080, 5.690
17.85, 0.3075, 5.673
17.86, 0.3070, 5.658
17.87, 0.3065, 5.643
17.88, 0.3060, 5.612
17.89, 0.3055, 5.560
17.90, 0.3050, 5.526
17.91, 0.3045, 5.483
17.92, 0.3040, 5.484
17.93, 0.3035, 5.452
17.94, 0.3030, 5.408
17.95, 0.3025, 5.357
17.96, 0.3020, 5.324
17.97, 0.3015, 5.256
17.98, 0.3010, 5.258
17.99, 0.3005, 5.213
18.00, 0.3000, 5.185
18.01, 0.2995, 5.172
18.02, 0.2990, 5.128
18.03, 0.2985, 5.100
18.04, 0.2980, 5.106
18.05, 0.2975, 5.069
18.06, 0.2970, 5.043
18.07, 0.2965, 5.026
18.08, 0.2960, 5.024
18.09, 0.2955, 4.977
18.10, 0.2950, 4.957
18.11, 0.2945, 4.950
18.12, 0.2940, 4.913
18.13, 0.2935, 4.915
18.14, 0.2930, 4.877
18.15, 0.2925, 4.835
18.16, 0.2920, 4.825
18.17, 0.2915, 4.814
18.18, 0.2910, 4.816
18.19, 0.2905, 4.795
18.20, 0.2900, 4.775
18.21, 0.2895, 4.752
18.22, 0.2890, 4.725
18.23, 0.2885, 4.696
18.24, 0.2880, 4.678
18.25, 0.2875, 4.684
18.26, 0.2870, 4.643
18.27, 0.2865, 4.620
18.28, 0.2860, 4.584
18.29, 0.2855, 4.576
18.30, 0.2850, 4.548
18.31, 0.2845, 4.557
18.32, 0.2840, 4.550
18.33, 0.2835, 4.526
18.34, 0.2830, 4.482
18.35, 0.2825, 4.438
18.36, 0.2820, 4.387
18.37, 0.2815, 4.386
18.38, 0.2810, 4.370
18.39, 0.2805, 4.319
18.40, 0.2800, 4.277
18.41, 0.2795, 4.240
18.42, 0.2790, 4.246
18.43, 0.2785, 4.227
18.44, 0.2780, 4.231
18.45, 0.2775, 4.182
18.46, 0.2770, 4.169
18.47, 0.2765, 4.127
18.48, 0.2760, 4.120
18.49, 0.2755, 4.113
18.50, 0.2750, 4.065
18.51, 0.2745, 4.089
18.52, 0.2740, 4.062
18.53, 0.2735, 4.046
18.54, 0.2730, 4.017
18.55, 0.2725, 4.009
18.56, 0.2720, 4.018
18.57, 0.2715, 3.988
18.58, 0.2710, 3.984
18.59, 0.2705, 3.969
18.60, 0.2700, 3.926
18.61, 0.2695, 3.918
18.62, 0.2690, 3.901
18.63, 0.2685, 3.884
18.64, 0.2680, 3.910
18.65, 0.2675, 3.889
18.66, 0.2670, 3.859
18.67, 0.2665, 3.838
18.68, 0.2660, 3.827
18.69, 0.2655, 3.816
18.70, 0.2650, 3.807
18.71, 0.2645, 3.778
18.72, 0.2640, 3.780
18.73, 0.2635, 3.751
18.74, 0.2630, 3.733
18.75, 0.2625, 3.724
18.76, 0.2620, 3.694
18.77, 0.2615, 3.647
18.78, 0.2610, 3.621
18.79, 0.2605, 3.585
18.80, 0.2600, 3.586
18.81, 0.2595, 3.547
18.82, 0.2590, 3.487
18.83, 0.2585, 3.473
18.84, 0.2580, 3.467
18.85, 0.2575, 3.470
18.86, 0.2570, 3.435
18.87, 0.2565, 3.438
18.88, 0.2560, 3.423
18.89, 0.2555, 3.434
18.90, 0.2550, 3.389
18.91, 0.2545, 3.350
18.92, 0.2540, 3.351
18.93, 0.2535, 3.335
18.94, 0.2530, 3.341
18.95, 0.2525, 3.331
18.96, 0.2520, 3.306
18.97, 0.2515, 3.314
18.98, 0.2510, 3.284
18.99, 0.2505, 3.267
19.00, 0.2500, 3.252
19.01, 0.2495, 3.246
19.02, 0.2490, 3.219
19.03, 0.2485, 3.203
19.04, 0.2480, 3.184
19.05, 0.2475, 3.193
19.06, 0.2470, 3.185
19.07, 0.2465, 3.140
19.08, 0.2460, 3.132
19.09, 0.2455, 3.153
19.10, 0.2450, 3.133
19.11, 0.2445, 3.087
19.12, 0.2440, 3.088
19.13, 0.2435, 3.083
19.14, 0.2430, 3.087
19.15, 0.2425, 3.040
19.16, 0.2420, 3.043
19.17, 0.2415, 3.019
19.18, 0.2410, 3.029
19.19, 0.2405, 2.985
19.20, 0.2400, 2.959
19.21, 0.2395, 2.912
19.22, 0.2390, 2.861
19.23, 0.2385, 2.846
19.24, 0.2380, 2.867
19.25, 0.2375, 2.855
19.26, 0.2370, 2.819
19.27, 0.2365, 2.793
19.28, 0.2360, 2.775
19.29, 0.2355, 2.769
19.30, 0.2350, 2.764
19.31, 0.2345, 2.724
19.32, 0.2340, 2.719
19.33, 0.2335, 2.702
19.34, 0.2330, 2.680
19.35, 0.2325, 2.678
19.36, 0.2320, 2.680
19.37, 0.2315, 2.658
19.38, 0.2310, 2.658
19.39, 0.2305, 2.616
19.40, 0.2300, 2.609
19.41, 0.2295, 2.620
19.42, 0.2290, 2.598
19.43, 0.2285, 2.628
19.44, 0.2280, 2.569
19.45, 0.2275, 2.581
19.46, 0.2270, 2.546
19.47, 0.2265, 2.546
19.48, 0.2260, 2.530
19.49, 0.2255, 2.546
19.50, 0.2250, 2.517
19.51, 0.2245, 2.500
19.52, 0.2240, 2.486
19.53, 0.2235, 2.475
19.54, 0.2230, 2.464
19.55, 0.2225, 2.448
19.56, 0.2220, 2.465
19.57, 0.2215, 2.428
19.58, 0.2210, 2.426
19.59, 0.2205, 2.391
19.60, 0.2200, 2.382
19.61, 0.2195, 2.357
19.62, 0.2190, 2.371
19.63, 0.2185, 2.320
19.64, 0.2180, 2.287
19.65, 0.2175, 2.287
19.66, 0.2170, 2.244
19.67, 0.2165, 2.227
19.68, 0.2160, 2.216
19.69, 0.2155, 2.201
19.70, 0.2150, 2.188
19.71, 0.2145, 2.173
19.72, 0.2140, 2.165
19.73, 0.2135, 2.152
19.74, 0.2130, 2.143
19.75, 0.2125, 2.122
19.76, 0.2120, 2.090
19.77, 0.2115, 2.068
19.78, 0.2110, 2.073
19.79, 0.2105, 2.085
19.80, 0.2100, 2.060
19.81, 0.2095, 2.062
19.82, 0.2090, 2.044
19.83, 0.2085, 2.027
19.84, 0.2080, 1.998
19.85, 0.2075, 2.016
19.86, 0.2070, 1.982
19.87, 0.2065, 1.998
19.88, 0.2060, 1.950
19.89, 0.2055, 1.969
19.90, 0.2050, 1.940
19.91, 0.2045, 1.935
19.92, 0.2040, 1.931
19.93, 0.2035, 1.916
19.94, 0.2030, 1.916
19.95, 0.2025, 1.856
19.96, 0.2020, 1.865
19.97, 0.2015, 1.841
19.98, 0.2010, 1.845
19.99, 0.2005, 1.859
20.00, 0.2000, 1.832
20.01, 0.1995, 1.836
20.02, 0.1990, 1.820
20.03, 0.1985, 1.782
20.04, 0.1980, 1.768
20.05, 0.1975, 1.753
20.06, 0.1970, 1.727
20.07, 0.1965, 1.679
20.08, 0.1960, 1.658
20.09, 0.1955, 1.627
20.10, 0.1950, 1.614
20.11, 0.1945, 1.579
20.12, 0.1940, 1.611
20.13, 0.1935, 1.599
20.14, 0.1930, 1.558
20.15, 0.1925, 1.531
20.16, 0.1920, 1.532
20.17, 0.1915, 1.517
20.18, 0.1910, 1.528
20.19, 0.1905, 1.531
20.20, 0.1900, 1.509
20.21, 0.1895, 1.500
20.22, 0.1890, 1.489
20.23, 0.1885, 1.470
20.24, 0.1880, 1.484
20.25, 0.1875, 1.456
20.26, 0.1870, 1.455
20.27, 0.1865, 1.448
20.28, 0.1860, 1.416
20.29, 0.1855, 1.423
20.30, 0.1850, 1.433
20.31, 0.1845, 1.428
20.32, 0.1840, 1.357
20.33, 0.1835, 1.364
20.34, 0.1830, 1.355
20.35, 0.1825, 1.350
20.36, 0.1820, 1.354
20.37, 0.1815, 1.330
20.38, 0.1810, 1.331
20.39, 0.1805, 1.332
20.40, 0.1800, 1.314
20.41, 0.1795, 1.289
20.42, 0.1790, 1.282
20.43, 0.1785, 1.303
20.44, 0.1780, 1.269
20.45, 0.1775, 1.255
20.46, 0.1770, 1.193
20.47, 0.1765, 1.163
20.48, 0.1760, 1.165
20.49, 0.1755, 1.165
20.50, 0.1750, 1.124
20.51, 0.1745, 1.095
20.52, 0.1740, 1.076
20.53, 0.1735, 1.060
20.54, 0.1730, 1.050
20.55, 0.1725, 1.049
20.56, 0.1720, 1.035
20.57, 0.1715, 1.012
20.58, 0.1710, 1.012
20.59, 0.1705, 0.9908
20.60, 0.1700, 0.9819
20.61, 0.1695, 0.9943
20.62, 0.1690, 0.9689
20.63, 0.1685, 0.9560
20.64, 0.1680, 0.9675
20.65, 0.1675, 0.9735
20.66, 0.1670, 0.9509
20.67, 0.1665, 0.9520
20.68, 0.1660, 0.9104
20.69, 0.1655, 0.9152
20.70, 0.1650, 0.9101
20.71, 0.1645, 0.9365
20.72, 0.1640, 0.9062
20.73, 0.1635, 0.8912
20.74, 0.1630, 0.8536
20.75, 0.1625, 0.8624
20.76, 0.1620, 0.8610
20.77, 0.1615, 0.8752
20.78, 0.1610, 0.8587
20.79, 0.1605, 0.8396
20.80, 0.1600, 0.8340
20.81, 0.1595, 0.8250
20.82, 0.1590, 0.8252
20.83, 0.1585, 0.8112
20.84, 0.1580, 0.8278
20.85, 0.1575, 0.7994
20.86, 0.1570, 0.7773
20.87, 0.1565, 0.7359
20.88, 0.1560, 0.7517
20.89, 0.1555, 0.7128
20.90, 0.1550, 0.6772
20.91, 0.1545, 0.6670
20.92, 0.1540, 0.6374
20.93, 0.1535, 0.6037
20.94, 0.1530, 0.6282
20.95, 0.1525, 0.5873
20.96, 0.1520, 0.5678
20.97, 0.1515, 0.5885
20.98, 0.1510, 0.5562
20.99, 0.1505, 0.5688
21.00, 0.1500, 0.5654
21.01, 0.1495, 0.5729
21.02, 0.1490, 0.5303
21.03, 0.1485, 0.5440
21.04, 0.1480, 0.4968
21.05, 0.1475, 0.5097
21.06, 0.1470, 0.5192
21.07, 0.1465, 0.5223
21.08, 0.1460, 0.4954
21.09, 0.1455, 0.4721
21.10, 0.1450, 0.4736
21.11, 0.1445, 0.4624
21.12, 0.1440, 0.4388
21.13, 0.1435, 0.4533
21.14, 0.1430, 0.4684
21.15, 0.1425, 0.4309
21.16, 0.1420, 0.4324
21.17, 0.1415, 0.4074
21.18, 0.1410, 0.4122
21.19, 0.1405, 0.3984
21.20, 0.1400, 0.4165
21.21, 0.1395, 0.3889
21.22, 0.1390, 0.3760
21.23, 0.1385, 0.3944
21.24, 0.1380, 0.3818
21.25, 0.1375, 0.3862
21.26, 0.1370, 0.3973
21.27, 0.1365, 0.3781
21.28, 0.1360, 0.3275
21.29, 0.1355, 0.3078
21.30, 0.1350, 0.2943
21.31, 0.1345, 0.2648
21.32, 0.1340, 0.2693
21.33, 0.1335, 0.2376
21.34, 0.1330, 0.2159
21.35, 0.1325, 0.1979
21.36, 0.1320, 0.1558
21.37, 0.1315, 0.1878
21.38, 0.1310, 0.1875
21.39, 0.1305, 0.1387
21.40, 0.1300, 0.1586
21.41, 0.1295, 0.1435
21.42, 0.1290, 0.1241
21.43, 0.1285, 0.1197
21.44, 0.1280, 0.09735
21.45, 0.1275, 0.1306
21.46, 0.1270, 0.1179
21.47, 0.1265, 0.1047
21.48, 0.1260, 0.07252
21.49, 0.1255, 0.04877
21.50, 0.1250, 0.05192
21.51, 0.1245, 0.07317
21.52, 0.1240, 0.07710
21.53, 0.1235, 0.04616
21.54, 0.1230, 0.03522
21.55, 0.1225, 0.02172
21.56, 0.1220, 0.02923
21.57, 0.1215, 0.03164
21.58, 0.1210, 0.01541
21.59, 0.1205, 0.03194
21.60, 0.1200, -0.01524
21.61, 0.1195, -0.01083
21.62, 0.1190, -0.01712
21.63, 0.1185, -0.005354
21.64, 0.1180, 0.01605
21.65, 0.1175, -0.01279
21.66, 0.1170, -0.01290
21.67, 0.1165, -0.05066
21.68, 0.1160, -0.03044
21.69, 0.1155, -0.001088
21.70, 0.1150, -0.06753
21.71, 0.1145, -0.04881
21.72, 0.1140, -0.09104
21.73, 0.1135, -0.1164
21.74, 0.1130, -0.1634
21.75, 0.1125, -0.1625
21.76, 0.1120, -0.1774
21.77, 0.1115, -0.2235
21.78, 0.1110, -0.2177
21.79, 0.1105, -0.2459
21.80, 0.1100, -0.2471
21.81, 0.1095, -0.2362
21.82, 0.1090, -0.2534
21.83, 0.1085, -0.2205
21.84, 0.1080, -0.2936
21.85, 0.1075, -0.2882
21.86, 0.1070, -0.2750
21.87, 0.1065, -0.2918
21.88, 0.1060, -0.2755
21.89, 0.1055, -0.3077
21.90, 0.1050, -0.2977
21.91, 0.1045, -0.3008
21.92, 0.1040, -0.3175
21.93, 0.1035, -0.3109
21.94, 0.1030, -0.3260
21.95, 0.1025, -0.3416
21.96, 0.1020, -0.3215
21.97, 0.1015, -0.3349
21.98, 0.1010, -0.3707
21.99, 0.1005, -0.3369
22.00, 0.1000, -0.3383
22.01, 0.09950, -0.3506
22.02, 0.09900, -0.3652
22.03, 0.09850, -0.3698
22.04, 0.09800, -0.3881
22.05, 0.09750, -0.3794
22.06, 0.09700, -0.4008
22.07, 0.09650, -0.3718
22.08, 0.09600, -0.3938
22.09, 0.09550, -0.3944
22.10, 0.09500, -0.4109
22.11, 0.09450, -0.4344
22.12, 0.09400, -0.4413
22.13, 0.09350, -0.4280
22.14, 0.09300, -0.4617
22.15, 0.09250, -0.4946
22.16, 0.09200, -0.5271
22.17, 0.09150, -0.5333
22.18, 0.09100, -0.5448
22.19, 0.09050, -0.5759
22.20, 0.09000, -0.5781
22.21, 0.08950, -0.6129
22.22, 0.08900, -0.6203
22.23, 0.08850, -0.6298
22.24, 0.08800, -0.6367
22.25, 0.08750, -0.6689
22.26, 0.08700, -0.6415
22.27, 0.08650, -0.6618
22.28, 0.08600, -0.6796
22.29, 0.08550, -0.6684
22.30, 0.08500, -0.6671
22.31, 0.08450, -0.6880
22.32, 0.08400, -0.7019
22.33, 0.08350, -0.6974
22.34, 0.08300, -0.7236
22.35, 0.08250, -0.7168
22.36, 0.08200, -0.7451
22.37, 0.08150, -0.7310
22.38, 0.08100, -0.7428
22.39, 0.08050, -0.7662
22.40, 0.08000, -0.7751
22.41, 0.07950, -0.7801
22.42, 0.07900, -0.7944
22.43, 0.07850, -0.7950
22.44, 0.07800, -0.7842
22.45, 0.07750, -0.7947
22.46, 0.07700, -0.7963
22.47, 0.07650, -0.8164
22.48, 0.07600, -0.8318
22.49, 0.07550, -0.8519
22.50, 0.07500, -0.8494
22.51, 0.07450, -0.8207
22.52, 0.07400, -0.8392
22.53, 0.07350, -0.8698
22.54, 0.07300, -0.8811
22.55, 0.07250, -0.9176
22.56, 0.07200, -0.8921
22.57, 0.07150, -0.9525
22.58, 0.07100, -0.9564
22.59, 0.07050, -0.9999
22.60, 0.07000, -1.016
22.61, 0.06950, -1.000
22.62, 0.06900, -1.043
22.63, 0.06850, -1.089
22.64, 0.06800, -1.077
22.65, 0.06750, -1.089
22.66, 0.06700, -1.117
22.67, 0.06650, -1.135
22.68, 0.06600, -1.109
22.69, 0.06550, -1.138
22.70, 0.06500, -1.123
22.71, 0.06450, -1.153
22.72, 0.06400, -1.182
22.73, 0.06350, -1.211
22.74, 0.06300, -1.210
22.75, 0.06250, -1.225
22.76, 0.06200, -1.227
22.77, 0.06150, -1.257
22.78, 0.06100, -1.264
22.79, 0.06050, -1.273
22.80, 0.06000, -1.283
22.81, 0.05950, -1.272
22.82, 0.05900, -1.313
22.83, 0.05850, -1.307
22.84, 0.05800, -1.329
22.85, 0.05750, -1.354
22.86, 0.05700, -1.365
22.87, 0.05650, -1.379
22.88, 0.05600, -1.345
22.89, 0.05550, -1.368
22.90, 0.05500, -1.405
22.91, 0.05450, -1.416
22.92, 0.05400, -1.405
22.93, 0.05350, -1.440
22.94, 0.05300, -1.458
22.95, 0.05250, -1.478
22.96, 0.05200, -1.495
22.97, 0.05150, -1.535
22.98, 0.05100, -1.575
22.99, 0.05050, -1.577
23.00, 0.05000, -1.617
23.01, 0.04950, -1.641
23.02, 0.04900, -1.681
23.03, 0.04850, -1.692
23.04, 0.04800, -1.754
23.05, 0.04750, -1.743
23.06, 0.04700, -1.757
23.07, 0.04650, -1.820
23.08, 0.04600, -1.800
23.09, 0.04550, -1.830
23.10, 0.04500, -1.885
23.11, 0.04450, -1.882
23.12, 0.04400, -1.899
23.13, 0.04350, -1.897
23.14, 0.04300, -1.910
23.15, 0.04250, -1.956
23.16, 0.04200, -1.971
23.17, 0.04150, -2.010
23.18, 0.04100, -1.993
23.19, 0.04050, -2.014
23.20, 0.04000, -2.040
23.21, 0.03950, -2.061
23.22, 0.03900, -2.090
23.23, 0.03850, -2.092
23.24, 0.03800, -2.114
23.25, 0.03750, -2.132
23.26, 0.03700, -2.164
23.27, 0.03650, -2.187
23.28, 0.03600, -2.181
23.29, 0.03550, -2.228
23.30, 0.03500, -2.248
23.31, 0.03450, -2.261
23.32, 0.03400, -2.269
23.33, 0.03350, -2.338
23.34, 0.03300, -2.345
23.35, 0.03250, -2.345
23.36, 0.03200, -2.386
23.37, 0.03150, -2.418
23.38, 0.03100, -2.433
23.39, 0.03050, -2.434
23.40, 0.03000, -2.485
23.41, 0.02950, -2.523
23.42, 0.02900, -2.565
23.43, 0.02850, -2.588
23.44, 0.02800, -2.624
23.45, 0.02750, -2.672
23.46, 0.02700, -2.726
23.47, 0.02650, -2.730
23.48, 0.02600, -2.763
23.49, 0.02550, -2.811
23.50, 0.02500, -2.817
23.51, 0.02450, -2.835
23.52, 0.02400, -2.861
23.53, 0.02350, -2.879
23.54, 0.02300, -2.938
23.55, 0.02250, -2.945
23.56, 0.02200, -2.967
23.57, 0.02150, -2.977
23.58, 0.02100, -3.021
23.59, 0.02050, -3.037
23.60, 0.02000, -3.107
23.61, 0.01950, -3.112
23.62, 0.01900, -3.118
23.63, 0.01850, -3.138
23.64, 0.01800, -3.176
23.65, 0.01750, -3.197
23.66, 0.01700, -3.219
23.67, 0.01650, -3.246
23.68, 0.01600, -3.252
23.69, 0.01550, -3.291
23.70, 0.01500, -3.320
23.71, 0.01450, -3.344
23.72, 0.01400, -3.375
23.73, 0.01350, -3.442
23.74, 0.01300, -3.432
23.75, 0.01250, -3.436
23.76, 0.01200, -3.464
23.77, 0.01150, -3.511
23.78, 0.01100, -3.551
23.79, 0.01050, -3.571
23.80, 0.01000, -3.611
23.81, 0.009500, -3.633
23.82, 0.009000, -3.667
23.83, 0.008500, -3.705
23.84, 0.008000, -3.761
23.85, 0.007500, -3.832
23.86, 0.007000, -3.853
23.87, 0.006500, -3.895
23.88, 0.006000, -3.933
23.89, 0.005500, -3.963
23.90, 0.005000, -4.014
23.91, 0.004500, -4.042
23.92, 0.004000, -4.056
23.93, 0.003500, -4.071
23.94, 0.003000, -4.097
23.95, 0.002500, -4.131
23.96, 0.002000, -4.186
23.97, 0.001500, -4.193
23.98, 0.001000, -4.217
23.99, 0.0005000, -4.245
24.00, 0.000, -4.300
24.01, -0.0005000, -4.302
24.02, -0.001000, -4.343
24.03, -0.001500, -4.361
24.04, -0.002000, -4.391
24.05, -0.002500, -4.428
24.06, -0.003000, -4.442
24.07, -0.003500, -4.498
24.08, -0.004000, -4.519
24.09, -0.004500, -4.537
24.10, -0.005000, -4.593
24.11, -0.005500, -4.589
24.12, -0.006000, -4.636
24.13, -0.006500, -4.661
24.14, -0.007000, -4.688
24.15, -0.007500, -4.748
24.16, -0.008000, -4.739
24.17, -0.008500, -4.797
24.18, -0.009000, -4.811
24.19, -0.009500, -4.826
24.20, -0.01000, -4.844
24.21, -0.01050, -4.888
24.22, -0.01100, -4.947
24.23, -0.01150, -4.958
24.24, -0.01200, -4.967
24.25, -0.01250, -5.004
24.26, -0.01300, -5.060
24.27, -0.01350, -5.128
24.28, -0.01400, -5.182
24.29, -0.01450, -5.215
24.30, -0.01500, -5.238
24.31, -0.01550, -5.275
24.32, -0.01600, -5.305
24.33, -0.01650, -5.349
24.34, -0.01700, -5.379
24.35, -0.01750, -5.426
24.36, -0.01800, -5.434
24.37, -0.01850, -5.470
24.38, -0.01900, -5.503
24.39, -0.01950, -5.528
24.40, -0.02000, -5.551
24.41, -0.02050, -5.597
24.42, -0.02100, -5.635
24.43, -0.02150, -5.638
24.44, -0.02200, -5.677
24.45, -0.02250, -5.718
24.46, -0.02300, -5.729
24.47, -0.02350, -5.731
24.48, -0.02400, -5.774
24.49, -0.02450, -5.814
24.50, -0.02500, -5.814
24.51, -0.02550, -5.864
24.52, -0.02600, -5.905
24.53, -0.02650, -5.920
24.54, -0.02700, -5.947
24.55, -0.02750, -5.989
24.56, -0.02800, -6.000
24.57, -0.02850, -6.022
24.58, -0.02900, -6.047
24.59, -0.02950, -6.067
24.60, -0.03000, -6.136
24.61, -0.03050, -6.164
24.62, -0.03100, -6.172
24.63, -0.03150, -6.209
24.64, -0.03200, -6.247
24.65, -0.03250, -6.294
24.66, -0.03300, -6.301
24.67, -0.03350, -6.328
24.68, -0.03400, -6.373
24.69, -0.03450, -6.421
24.70, -0.03500, -6.463
24.71, -0.03550, -6.524
24.72, -0.03600, -6.578
24.73, -0.03650, -6.599
24.74, -0.03700, -6.628
24.75, -0.03750, -6.665
24.76, -0.03800, -6.686
24.77, -0.03850, -6.741
24.78, -0.03900, -6.750
24.79, -0.03950, -6.795
24.80, -0.04000, -6.823
24.81, -0.04050, -6.848
24.82, -0.04100, -6.893
24.83, -0.04150, -6.917
24.84, -0.04200, -6.950
24.85, -0.04250, -6.984
24.86, -0.04300, -6.975
24.87, -0.04350, -7.016
24.88, -0.04400, -7.026
24.89, -0.04450, -7.065
24.90, -0.04500, -7.117
24.91, -0.04550, -7.137
24.92, -0.04600, -7.183
24.93, -0.04650, -7.167
24.94, -0.04700, -7.189
24.95, -0.04750, -7.250
24.96, -0.04800, -7.259
24.97, -0.04850, -7.299
24.98, -0.04900, -7.329
24.99, -0.04950, -7.348
25.00, -0.05000, -7.372
25.01, -0.05050, -7.406
25.02, -0.05100, -7.420
25.03, -0.05150, -7.469
25.04, -0.05200, -7.493
25.05, -0.05250, -7.516
25.06, -0.05300, -7.537
25.07, -0.05350, -7.578
25.08, -0.05400, -7.610
25.09, -0.05450, -7.658
25.10, -0.05500, -7.688
25.11, -0.05550, -7.739
25.12, -0.05600, -7.779
25.13, -0.05650, -7.826
25.14, -0.05700, -7.875
25.15, -0.05750, -7.919
25.16, -0.05800, -7.949
25.17, -0.05850, -7.964
25.18, -0.05900, -8.005
25.19, -0.05950, -8.021
25.20, -0.06000, -8.041
25.21, -0.06050, -8.076
25.22, -0.06100, -8.127
25.23, -0.06150, -8.134
25.24, -0.06200, -8.164
25.25, -0.06250, -8.201
25.26, -0.06300, -8.238
25.27, -0.06350, -8.260
25.28, -0.06400, -8.286
25.29, -0.06450, -8.320
25.30, -0.06500, -8.355
25.31, -0.06550, -8.362
25.32, -0.06600, -8.381
25.33, -0.06650, -8.410
25.34, -0.06700, -8.451
25.35, -0.06750, -8.497
25.36, -0.06800, -8.516
25.37, -0.06850, -8.534
25.38, -0.06900, -8.570
25.39, -0.06950, -8.613
25.40, -0.07000, -8.628
25.41, -0.07050, -8.661
25.42, -0.07100, -8.681
25.43, -0.07150, -8.710
25.44, -0.07200, -8.719
25.45, -0.07250, -8.739
25.46, -0.07300, -8.770
25.47, -0.07350, -8.815
25.48, -0.07400, -8.849
25.49, -0.07450, -8.856
25.50, -0.07500, -8.926
25.51, -0.07550, -8.988
25.52, -0.07600, -8.987
25.53, -0.07650, -9.027
25.54, -0.07700, -9.068
25.55, -0.07750, -9.106
25.56, -0.07800, -9.147
25.57, -0.07850, -9.188
25.58, -0.07900, -9.200
25.59, -0.07950, -9.236
25.60, -0.08000, -9.278
25.61, -0.08050, -9.302
25.62, -0.08100, -9.325
25.63, -0.08150, -9.349
25.64, -0.08200, -9.410
25.65, -0.08250, -9.421
25.66, -0.08300, -9.432
25.67, -0.08350, -9.482
25.68, -0.08400, -9.487
25.69, -0.08450, -9.531
25.70, -0.08500, -9.537
25.71, -0.08550, -9.580
25.72, -0.08600, -9.617
25.73, -0.08650, -9.606
25.74, -0.08700, -9.638
25.75, -0.08750, -9.650
25.76, -0.08800, -9.678
25.77, -0.08850, -9.734
25.78, -0.08900, -9.761
25.79, -0.08950, -9.783
25.80, -0.09000, -9.822
25.81, -0.09050, -9.841
25.82, -0.09100, -9.865
25.83, -0.09150, -9.885
25.84, -0.09200, -9.950
25.85, -0.09250, -9.956
25.86, -0.09300, -9.954
25.87, -0.09350, -9.986
25.88, -0.09400, -10.01
25.89, -0.09450, -10.01
25.90, -0.09500, -10.06
25.91, -0.09550, -10.07
25.92, -0.09600, -10.13
25.93, -0.09650, -10.17
25.94, -0.09700, -10.18
25.95, -0.09750, -10.24
25.96, -0.09800, -10.30
25.97, -0.09850, -10.34
25.98, -0.09900, -10.36
25.99, -0.09950, -10.40
26.00, -0.1000, -10.40
26.01, -0.1005, -10.42
26.02, -0.1010, -10.47
26.03, -0.1015, -10.51
26.04, -0.1020, -10.53
26.05, -0.1025, -10.56
26.06, -0.1030, -10.55
26.07, -0.1035, -10.62
26.08, -0.1040, -10.63
26.09, -0.1045, -10.65
26.10, -0.1050, -10.66
26.11, -0.1055, -10.69
26.12, -0.1060, -10.70
26.13, -0.1065, -10.74
26.14, -0.1070, -10.74
26.15, -0.1075, -10.78
26.16, -0.1080, -10.80
26.17, -0.1085, -10.79
26.18, -0.1090, -10.84
26.19, -0.1095, -10.86
26.20, -0.1100, -10.90
26.21, -0.1105, -10.94
26.22, -0.1110, -10.92
26.23, -0.1115, -10.97
26.24, -0.1120, -10.97
26.25, -0.1125, -10.98
26.26, -0.1130, -11.02
26.27, -0.1135, -11.04
26.28, -0.1140, -11.07
26.29, -0.1145, -11.11
26.30, -0.1150, -11.09
26.31, -0.1155, -11.13
26.32, -0.1160, -11.14
26.33, -0.1165, -11.17
26.34, -0.1170, -11.20
26.35, -0.1175, -11.25
26.36, -0.1180, -11.28
26.37, -0.1185, -11.28
26.38, -0.1190, -11.33
26.39, -0.1195, -11.36
26.40, -0.1200, -11.39
26.41, -0.1205, -11.42
26.42, -0.1210, -11.43
26.43, -0.1215, -11.46
26.44, -0.1220, -11.48
26.45, -0.1225, -11.52
26.46, -0.1230, -11.53
26.47, -0.1235, -11.56
26.48, -0.1240, -11.59
26.49, -0.1245, -11.59
26.50, -0.1250, -11.62
26.51, -0.1255, -11.63
26.52, -0.1260, -11.64
26.53, -0.1265, -11.66
26.54, -0.1270, -11.67
26.55, -0.1275, -11.70
26.56, -0.1280, -11.72
26.57, -0.1285, -11.72
26.58, -0.1290, -11.74
26.59, -0.1295, -11.75
26.60, -0.1300, -11.75
26.61, -0.1305, -11.76
26.62, -0.1310, -11.78
26.63, -0.1315, -11.77
26.64, -0.1320, -11.81
26.65, -0.1325, -11.86
26.66, -0.1330, -11.86
26.67, -0.1335, -11.86
26.68, -0.1340, -11.85
26.69, -0.1345, -11.87
26.70, -0.1350, -11.87
26.71, -0.1355, -11.91
26.72, -0.1360, -11.91
26.73, -0.1365, -11.94
26.74, -0.1370, -11.95
26.75, -0.1375, -11.95
26.76, -0.1380, -11.93
26.77, -0.1385, -12.00
26.78, -0.1390, -12.02
26.79, -0.1395, -12.01
26.80, -0.1400, -12.08
26.81, -0.1405, -12.07
26.82, -0.1410, -12.10
26.83, -0.1415, -12.12
26.84, -0.1420, -12.13
26.85, -0.1425, -12.16
26.86, -0.1430, -12.16
26.87, -0.1435, -12.16
26.88, -0.1440, -12.17
26.89, -0.1445, -12.18
26.90, -0.1450, -12.18
26.91, -0.1455, -12.20
26.92, -0.1460, -12.20
26.93, -0.1465, -12.19
26.94, -0.1470, -12.20
26.95, -0.1475, -12.22
26.96, -0.1480, -12.20
26.97, -0.1485, -12.22
26.98, -0.1490, -12.20
26.99, -0.1495, -12.20
27.00, -0.1500, -12.21
27.01, -0.1505, -12.22
27.02, -0.1510, -12.22
27.03, -0.1515, -12.22
27.04, -0.1520, -12.25
27.05, -0.1525, -12.23
27.06, -0.1530, -12.21
27.07, -0.1535, -12.21
27.08, -0.1540, -12.27
27.09, -0.1545, -12.27
27.10, -0.1550, -12.26
27.11, -0.1555, -12.24
27.12, -0.1560, -12.24
27.13, -0.1565, -12.24
27.14, -0.1570, -12.23
27.15, -0.1575, -12.24
27.16, -0.1580, -12.22
27.17, -0.1585, -12.24
27.18, -0.1590, -12.26
27.19, -0.1595, -12.24
27.20, -0.1600, -12.25
27.21, -0.1605, -12.28
27.22, -0.1610, -12.28
27.23, -0.1615, -12.29
27.24, -0.1620, -12.30
27.25, -0.1625, -12.27
27.26, -0.1630, -12.31
27.27, -0.1635, -12.32
27.28, -0.1640, -12.32
27.29, -0.1645, -12.29
27.30, -0.1650, -12.28
27.31, -0.1655, -12.29
27.32, -0.1660, -12.27
27.33, -0.1665, -12.27
27.34, -0.1670, -12.24
27.35, -0.1675, -12.23
27.36, -0.1680, -12.24
27.37, -0.1685, -12.23
27.38, -0.1690, -12.20
27.39, -0.1695, -12.22
27.40, -0.1700, -12.21
27.41, -0.1705, -12.20
27.42, -0.1710, -12.19
27.43, -0.1715, -12.17
27.44, -0.1720, -12.17
27.45, -0.1725, -12.16
27.46, -0.1730, -12.14
27.47, -0.1735, -12.14
27.48, -0.1740, -12.12
27.49, -0.1745, -12.08
27.50, -0.1750, -12.10
27.51, -0.1755, -12.11
27.52, -0.1760, -12.08
27.53, -0.1765, -12.07
27.54, -0.1770, -12.07
27.55, -0.1775, -12.06
27.56, -0.1780, -12.02
27.57, -0.1785, -12.00
27.58, -0.1790, -12.01
27.59, -0.1795, -12.00
27.60, -0.1800, -11.96
27.61, -0.1805, -11.95
27.62, -0.1810, -11.96
27.63, -0.1815, -11.97
27.64, -0.1820, -11.99
27.65, -0.1825, -11.98
27.66, -0.1830, -11.95
27.67, -0.1835, -11.95
27.68, -0.1840, -11.92
27.69, -0.1845, -11.92
27.70, -0.1850, -11.94
27.71, -0.1855, -11.90
27.72, -0.1860, -11.89
27.73, -0.1865, -11.88
27.74, -0.1870, -11.87
27.75, -0.1875, -11.85
27.76, -0.1880, -11.84
27.77, -0.1885, -11.82
27.78, -0.1890, -11.81
27.79, -0.1895, -11.80
27.80, -0.1900, -11.78
27.81, -0.1905, -11.74
27.82, -0.1910, -11.73
27.83, -0.1915, -11.72
27.84, -0.1920, -11.70
27.85, -0.1925, -11.70
27.86, -0.1930, -11.67
27.87, -0.1935, -11.61
27.88, -0.1940, -11.63
27.89, -0.1945, -11.62
27.90, -0.1950, -11.57
27.91, -0.1955, -11.56
27.92, -0.1960, -11.55
27.93, -0.1965, -11.54
27.94, -0.1970, -11.53
27.95, -0.1975, -11.52
27.96, -0.1980, -11.51
27.97, -0.1985, -11.47
27.98, -0.1990, -11.46
27.99, -0.1995, -11.44
28.00, -0.2000, -11.40
28.01, -0.2005, -11.42
28.02, -0.2010, -11.39
28.03, -0.2015, -11.39
28.04, -0.2020, -11.37
28.05, -0.2025, -11.39
28.06, -0.2030, -11.39
28.07, -0.2035, -11.35
28.08, -0.2040, -11.36
28.09, -0.2045, -11.35
28.10, -0.2050, -11.33
28.11, -0.2055, -11.33
28.12, -0.2060, -11.31
28.13, -0.2065, -11.30
28.14, -0.2070, -11.28
28.15, -0.2075, -11.28
28.16, -0.2080, -11.27
28.17, -0.2085, -11.23
28.18, -0.2090, -11.22
28.19, -0.2095, -11.19
28.20, -0.2100, -11.18
28.21, -0.2105, -11.16
28.22, -0.2110, -11.16
28.23, -0.2115, -11.14
28.24, -0.2120, -11.13
28.25, -0.2125, -11.09
28.26, -0.2130, -11.05
28.27, -0.2135, -11.04
28.28, -0.2140, -11.02
28.29, -0.2145, -11.01
28.30, -0.2150, -10.95
28.31, -0.2155, -10.92
28.32, -0.2160, -10.95
28.33, -0.2165, -10.96
28.34, -0.2170, -10.91
28.35, -0.2175, -10.90
28.36, -0.2180, -10.89
28.37, -0.2185, -10.86
28.38, -0.2190, -10.82
28.39, -0.2195, -10.80
28.40, -0.2200, -10.82
28.41, -0.2205, -10.78
28.42, -0.2210, -10.78
28.43, -0.2215, -10.78
28.44, -0.2220, -10.74
28.45, -0.2225, -10.73
28.46, -0.2230, -10.72
28.47, -0.2235, -10.73
28.48, -0.2240, -10.73
28.49, -0.2245, -10.71
28.50, -0.2250, -10.72
28.51, -0.2255, -10.73
28.52, -0.2260, -10.71
28.53, -0.2265, -10.71
28.54, -0.2270, -10.71
28.55, -0.2275, -10.67
28.56, -0.2280, -10.66
28.57, -0.2285, -10.64
28.58, -0.2290, -10.64
28.59, -0.2295, -10.65
28.60, -0.2300, -10.61
28.61, -0.2305, -10.58
28.62, -0.2310, -10.57
28.63, -0.2315, -10.56
28.64, -0.2320, -10.56
28.65, -0.2325, -10.54
28.66, -0.2330, -10.53
28.67, -0.2335, -10.50
28.68, -0.2340, -10.48
28.69, -0.2345, -10.43
28.70, -0.2350, -10.44
28.71, -0.2355, -10.43
28.72, -0.2360, -10.42
28.73, -0.2365, -10.41
28.74, -0.2370, -10.39
28.75, -0.2375, -10.38
28.76, -0.2380, -10.40
28.77, -0.2385, -10.35
28.78, -0.2390, -10.36
28.79, -0.2395, -10.34
28.80, -0.2400, -10.33
28.81, -0.2405, -10.32
28.82, -0.2410, -10.31
28.83, -0.2415, -10.27
28.84, -0.2420, -10.29
28.85, -0.2425, -10.27
28.86, -0.2430, -10.26
28.87, -0.2435, -10.24
28.88, -0.2440, -10.24
28.89, -0.2445, -10.25
28.90, -0.2450, -10.26
28.91, -0.2455, -10.25
28.92, -0.2460, -10.23
28.93, -0.2465, -10.25
28.94, -0.2470, -10.25
28.95, -0.2475, -10.25
28.96, -0.2480, -10.25
28.97, -0.2485, -10.23
28.98, -0.2490, -10.23
28.99, -0.2495, -10.22
29.00, -0.2500, -10.24
29.01, -0.2505, -10.22
29.02, -0.2510, -10.20
29.03, -0.2515, -10.17
29.04, -0.2520, -10.15
29.05, -0.2525, -10.15
29.06, -0.2530, -10.14
29.07, -0.2535, -10.14
29.08, -0.2540, -10.11
29.09, -0.2545, -10.11
29.10, -0.2550, -10.10
29.11, -0.2555, -10.09
29.12, -0.2560, -10.08
29.13, -0.2565, -10.08
29.14, -0.2570, -10.07
29.15, -0.2575, -10.05
29.16, -0.2580, -10.04
29.17, -0.2585, -10.00
29.18, -0.2590, -10.01
29.19, -0.2595, -10.02
29.20, -0.2600, -9.988
29.21, -0.2605, -10.02
29.22, -0.2610, -9.982
29.23, -0.2615, -9.974
29.24, -0.2620, -9.952
29.25, -0.2625, -9.971
29.26, -0.2630, -9.974
29.27, -0.2635, -9.953
29.28, -0.2640, -9.945
29.29, -0.2645, -9.968
29.30, -0.2650, -9.977
29.31, -0.2655, -9.986
29.32, -0.2660, -9.995
29.33, -0.2665, -10.01
29.34, -0.2670, -9.997
29.35, -0.2675, -9.989
29.36, -0.2680, -9.988
29.37, -0.2685, -9.993
29.38, -0.2690, -9.984
29.39, -0.2695, -9.972
29.40, -0.2700, -9.986
29.41, -0.2705, -9.997
29.42, -0.2710, -9.982
29.43, -0.2715, -9.981
29.44, -0.2720, -9.956
29.45, -0.2725, -9.946
29.46, -0.2730, -9.978
29.47, -0.2735, -9.944
29.48, -0.2740, -9.945
29.49, -0.2745, -9.939
29.50, -0.2750, -9.919
29.51, -0.2755, -9.944
29.52, -0.2760, -9.936
29.53, -0.2765, -9.914
29.54, -0.2770, -9.928
29.55, -0.2775, -9.901
29.56, -0.2780, -9.910
29.57, -0.2785, -9.903
29.58, -0.2790, -9.896
29.59, -0.2795, -9.890
29.60, -0.2800, -9.879
29.61, -0.2805, -9.888
29.62, -0.2810, -9.882
29.63, -0.2815, -9.889
29.64, -0.2820, -9.878
29.65, -0.2825, -9.872
29.66, -0.2830, -9.845
29.67, -0.2835, -9.858
29.68, -0.2840, -9.869
29.69, -0.2845, -9.864
29.70, -0.2850, -9.871
29.71, -0.2855, -9.863
29.72, -0.2860, -9.881
29.73, -0.2865, -9.895
29.74, -0.2870, -9.901
29.75, -0.2875, -9.905
29.76, -0.2880, -9.932
29.77, -0.2885, -9.936
29.78, -0.2890, -9.916
29.79, -0.2895, -9.907
29.80, -0.2900, -9.918
29.81, -0.2905, -9.961
29.82, -0.2910, -9.962
29.83, -0.2915, -9.966
29.84, -0.2920, -9.956
29.85, -0.2925, -9.956
29.86, -0.2930, -9.947
29.87, -0.2935, -9.933
29.88, -0.2940, -9.944
29.89, -0.2945, -9.927
29.90, -0.2950, -9.924
29.91, -0.2955, -9.894
29.92, -0.2960, -9.905
29.93, -0.2965, -9.903
29.94, -0.2970, -9.891
29.95, -0.2975, -9.916
29.96, -0.2980, -9.923
29.97, -0.2985, -9.900
29.98, -0.2990, -9.909
29.99, -0.2995, -9.911
30.00, -0.3000, -9.901
30.01, -0.3005, -9.902
30.02, -0.3010, -9.902
30.03, -0.3015, -9.883
30.04, -0.3020, -9.900
30.05, -0.3025, -9.900
30.06, -0.3030, -9.892
30.07, -0.3035, -9.904
30.08, -0.3040, -9.912
30.09, -0.3045, -9.889
30.10, -0.3050, -9.885
30.11, -0.3055, -9.888
30.12, -0.3060, -9.883
30.13, -0.3065, -9.907
30.14, -0.3070, -9.935
30.15, -0.3075, -9.921
30.16, -0.3080, -9.946
30.17, -0.3085, -9.940
30.18, -0.3090, -9.957
30.19, -0.3095, -9.969
30.20, -0.3100, -9.984
30.21, -0.3105, -9.995
30.22, -0.3110, -9.986
30.23, -0.3115, -9.980
30.24, -0.3120, -9.979
30.25, -0.3125, -9.982
30.26, -0.3130, -9.996
30.27, -0.3135, -9.988
30.28, -0.3140, -9.967
30.29, -0.3145, -9.974
30.30, -0.3150, -9.963
30.31, -0.3155, -10.01
30.32, -0.3160, -9.994
30.33, -0.3165, -10.00
30.34, -0.3170, -9.978
30.35, -0.3175, -9.975
30.36, -0.3180, -9.968
30.37, -0.3185, -9.979
30.38, -0.3190, -9.983
30.39, -0.3195, -9.970
30.40, -0.3200, -9.973
30.41, -0.3205, -9.964
30.42, -0.3210, -9.973
30.43, -0.3215, -9.950
30.44, -0.3220, -9.960
30.45, -0.3225, -9.973
30.46, -0.3230, -9.971
30.47, -0.3235, -9.949
30.48, -0.3240, -9.959
30.49, -0.3245, -9.918
30.50, -0.3250, -9.943
30.51, -0.3255, -9.941
30.52, -0.3260, -9.950
30.53, -0.3265, -9.953
30.54, -0.3270, -9.925
30.55, -0.3275, -9.935
30.56, -0.3280, -9.959
30.57, -0.3285, -9.994
30.58, -0.3290, -10.00
30.59, -0.3295, -9.998
30.60, -0.3300, -10.02
30.61, -0.3305, -10.02
30.62, -0.3310, -10.02
30.63, -0.3315, -10.03
30.64, -0.3320, -10.03
30.65, -0.3325, -10.04
30.66, -0.3330, -10.04
30.67, -0.3335, -10.05
30.68, -0.3340, -10.03
30.69, -0.3345, -10.06
30.70, -0.3350, -10.05
30.71, -0.3355, -10.04
30.72, -0.3360, -10.00
30.73, -0.3365, -10.03
30.74, -0.3370, -10.00
30.75, -0.3375, -10.04
30.76, -0.3380, -10.01
30.77, -0.3385, -10.03
30.78, -0.3390, -10.03
30.79, -0.3395, -10.04
30.80, -0.3400, -10.01
30.81, -0.3405, -10.01
30.82, -0.3410, -10.01
30.83, -0.3415, -10.01
30.84, -0.3420, -10.01
30.85, -0.3425, -9.977
30.86, -0.3430, -9.999
30.87, -0.3435, -10.00
30.88, -0.3440, -10.01
30.89, -0.3445, -10.00
30.90, -0.3450, -10.01
30.91, -0.3455, -10.00
30.92, -0.3460, -10.01
30.93, -0.3465, -10.00
30.94, -0.3470, -10.00
30.95, -0.3475, -10.00
30.96, -0.3480, -9.984
30.97, -0.3485, -9.990
30.98, -0.3490, -9.988
30.99, -0.3495, -10.01
31.00, -0.3500, -10.06
31.01, -0.3505, -10.07
31.02, -0.3510, -10.07
31.03, -0.3515, -10.09
31.04, -0.3520, -10.08
31.05, -0.3525, -10.08
31.06, -0.3530, -10.11
31.07, -0.3535, -10.10
31.08, -0.3540, -10.10
31.09, -0.3545, -10.09
31.10, -0.3550, -10.08
31.11, -0.3555, -10.09
31.12, -0.3560, -10.09
31.13, -0.3565, -10.11
31.14, -0.3570, -10.09
31.15, -0.3575, -10.11
31.16, -0.3580, -10.05
31.17, -0.3585, -10.07
31.18, -0.3590, -10.08
31.19, -0.3595, -10.07
31.20, -0.3600, -10.10
31.21, -0.3605, -10.08
31.22, -0.3610, -10.08
31.23, -0.3615, -10.07
31.24, -0.3620, -10.07
31.25, -0.3625, -10.06
31.26, -0.3630, -10.08
31.27, -0.3635, -10.06
31.28, -0.3640, -10.07
31.29, -0.3645, -10.07
31.30, -0.3650, -10.06
31.31, -0.3655, -10.08
31.32, -0.3660, -10.07
31.33, -0.3665, -10.05
31.34, -0.3670, -10.04
31.35, -0.3675, -10.07
31.36, -0.3680, -10.04
31.37, -0.3685, -10.06
31.38, -0.3690, -10.06
31.39, -0.3695, -10.08
31.40, -0.3700, -10.09
31.41, -0.3705, -10.10
31.42, -0.3710, -10.10
31.43, -0.3715, -10.15
31.44, -0.3720, -10.17
31.45, -0.3725, -10.16
31.46, -0.3730, -10.17
31.47, -0.3735, -10.18
31.48, -0.3740, -10.18
31.49, -0.3745, -10.21
31.50, -0.3750, -10.20
31.51, -0.3755, -10.19
31.52, -0.3760, -10.19
31.53, -0.3765, -10.21
31.54, -0.3770, -10.18
31.55, -0.3775, -10.22
31.56, -0.3780, -10.20
31.57, -0.3785, -10.20
31.58, -0.3790, -10.20
31.59, -0.3795, -10.17
31.60, -0.3800, -10.20
31.61, -0.3805, -10.19
31.62, -0.3810, -10.20
31.63, -0.3815, -10.22
31.64, -0.3820, -10.19
31.65, -0.3825, -10.20
31.66, -0.3830, -10.19
31.67, -0.3835, -10.22
31.68, -0.3840, -10.21
31.69, -0.3845, -10.21
31.70, -0.3850, -10.20
31.71, -0.3855, -10.22
31.72, -0.3860, -10.21
31.73, -0.3865, -10.23
31.74, -0.3870, -10.22
31.75, -0.3875, -10.19
31.76, -0.3880, -10.21
31.77, -0.3885, -10.22
31.78, -0.3890, -10.20
31.79, -0.3895, -10.18
31.80, -0.3900, -10.23
31.81, -0.3905, -10.22
31.82, -0.3910, -10.25
31.83, -0.3915, -10.25
31.84, -0.3920, -10.27
31.85, -0.3925, -10.30
31.86, -0.3930, -10.32
31.87, -0.3935, -10.35
31.88, -0.3940, -10.36
31.89, -0.3945, -10.36
31.90, -0.3950, -10.36
31.91, -0.3955, -10.36
31.92, -0.3960, -10.38
31.93, -0.3965, -10.39
31.94, -0.3970, -10.38
31.95, -0.3975, -10.41
31.96, -0.3980, -10.39
31.97, -0.3985, -10.40
31.98, -0.3990, -10.40
31.99, -0.3995, -10.40
32.00, -0.4000, -10.39
