0.01000, -0.3995, -26.02
0.02000, -0.3990, -10.35
0.03000, -0.3985, -5.966
0.04000, -0.3980, -4.279
0.05000, -0.3975, -3.344
0.06000, -0.3970, -2.874
0.07000, -0.3965, -2.444
0.08000, -0.3960, -2.222
0.09000, -0.3955, -2.034
0.1000, -0.3950, -1.826
0.1100, -0.3945, -1.809
0.1200, -0.3940, -1.625
0.1300, -0.3935, -1.526
0.1400, -0.3930, -1.438
0.1500, -0.3925, -1.397
0.1600, -0.3920, -1.381
0.1700, -0.3915, -1.324
0.1800, -0.3910, -1.263
0.1900, -0.3905, -1.211
0.2000, -0.3900, -1.140
0.2100, -0.3895, -1.219
0.2200, -0.3890, -1.062
0.2300, -0.3885, -1.037
0.2400, -0.3880, -1.009
0.2500, -0.3875, -0.9336
0.2600, -0.3870, -1.011
0.2700, -0.3865, -0.9034
0.2800, -0.3860, -0.8503
0.2900, -0.3855, -0.8476
0.3000, -0.3850, -0.8139
0.3100, -0.3845, -0.8553
0.3200, -0.3840, -0.7314
0.3300, -0.3835, -0.7678
0.3400, -0.3830, -0.7688
0.3500, -0.3825, -0.7385
0.3600, -0.3820, -0.7970
0.3700, -0.3815, -0.7167
0.3800, -0.3810, -0.7065
0.3900, -0.3805, -0.7068
0.4000, -0.3800, -0.6442
0.4100, -0.3795, -0.7631
0.4200, -0.3790, -0.6631
0.4300, -0.3785, -0.6830
0.4400, -0.3780, -0.6954
0.4500, -0.3775, -0.6054
0.4600, -0.3770, -0.6989
0.4700, -0.3765, -0.6176
0.4800, -0.3760, -0.6348
0.4900, -0.3755, -0.6716
0.5000, -0.3750, -0.5857
0.5100, -0.3745, -0.6969
0.5200, -0.3740, -0.5680
0.5300, -0.3735, -0.6003
0.5400, -0.3730, -0.6360
0.5500, -0.3725, -0.5905
0.5600, -0.3720, -0.6073
0.5700, -0.3715, -0.5857
0.5800, -0.3710, -0.5877
0.5900, -0.3705, -0.5926
0.6000, -0.3700, -0.6036
0.6100, -0.3695, -0.6491
0.6200, -0.3690, -0.4906
0.6300, -0.3685, -0.4964
0.6400, -0.3680, -0.5737
0.6500, -0.3675, -0.5156
0.6600, -0.3670, -0.5778
0.6700, -0.3665, -0.4550
0.6800, -0.3660, -0.4962
0.6900, -0.3655, -0.5566
0.7000, -0.3650, -0.4158
0.7100, -0.3645, -0.4883
0.7200, -0.3640, -0.3872
0.7300, -0.3635, -0.4320
0.7400, -0.3630, -0.4786
0.7500, -0.3625, -0.4411
0.7600, -0.3620, -0.4675
0.7700, -0.3615, -0.3829
0.7800, -0.3610, -0.4228
0.7900, -0.3605, -0.4614
0.8000, -0.3600, -0.4120
0.8100, -0.3595, -0.4713
0.8200, -0.3590, -0.3861
0.8300, -0.3585, -0.4240
0.8400, -0.3580, -0.4325
0.8500, -0.3575, -0.3990
0.8600, -0.3570, -0.4755
0.8700, -0.3565, -0.3622
0.8800, -0.3560, -0.4252
0.8900, -0.3555, -0.4686
0.9000, -0.3550, -0.3914
0.9100, -0.3545, -0.4507
0.9200, -0.3540, -0.3712
0.9300, -0.3535, -0.4209
0.9400, -0.3530, -0.4735
0.9500, -0.3525, -0.4089
0.9600, -0.3520, -0.4567
0.9700, -0.3515, -0.3499
0.9800, -0.3510, -0.4317
0.9900, -0.3505, -0.4063
1.000, -0.3500, -0.3831
1.010, -0.3495, -0.5026
1.020, -0.3490, -0.3885
1.030, -0.3485, -0.4139
1.040, -0.3480, -0.4326
1.050, -0.3475, -0.4049
1.060, -0.3470, -0.4242
1.070, -0.3465, -0.3859
1.080, -0.3460, -0.3915
1.090, -0.3455, -0.3802
1.100, -0.3450, -0.3219
1.110, -0.3445, -0.3782
1.120, -0.3440, -0.2927
1.130, -0.3435, -0.3244
1.140, -0.3430, -0.3503
1.150, -0.3425, -0.3013
1.160, -0.3420, -0.3158
1.170, -0.3415, -0.2889
1.180, -0.3410, -0.3322
1.190, -0.3405, -0.3330
1.200, -0.3400, -0.2913
1.210, -0.3395, -0.3622
1.220, -0.3390, -0.3235
1.230, -0.3385, -0.3747
1.240, -0.3380, -0.3096
1.250, -0.3375, -0.2810
1.260, -0.3370, -0.3984
1.270, -0.3365, -0.3373
1.280, -0.3360, -0.3332
1.290, -0.3355, -0.3535
1.300, -0.3350, -0.3178
1.310, -0.3345, -0.3753
1.320, -0.3340, -0.3058
1.330, -0.3335, -0.3303
1.340, -0.3330, -0.3230
1.350, -0.3325, -0.2725
1.360, -0.3320, -0.3404
1.370, -0.3315, -0.3206
1.380, -0.3310, -0.3319
1.390, -0.3305, -0.3458
1.400, -0.3300, -0.2867
1.410, -0.3295, -0.3976
1.420, -0.3290, -0.3162
1.430, -0.3285, -0.3237
1.440, -0.3280, -0.3311
1.450, -0.3275, -0.2691
1.460, -0.3270, -0.3588
1.470, -0.3265, -0.3286
1.480, -0.3260, -0.3413
1.490, -0.3255, -0.3128
1.500, -0.3250, -0.2881
1.510, -0.3245, -0.3378
1.520, -0.3240, -0.2763
1.530, -0.3235, -0.2703
1.540, -0.3230, -0.2906
1.550, -0.3225, -0.2401
1.560, -0.3220, -0.3627
1.570, -0.3215, -0.2506
1.580, -0.3210, -0.2291
1.590, -0.3205, -0.2674
1.600, -0.3200, -0.2084
1.610, -0.3195, -0.3259
1.620, -0.3190, -0.2325
1.630, -0.3185, -0.2334
1.640, -0.3180, -0.3283
1.650, -0.3175, -0.2012
1.660, -0.3170, -0.3095
1.670, -0.3165, -0.2603
1.680, -0.3160, -0.2526
1.690, -0.3155, -0.2372
1.700, -0.3150, -0.2719
1.710, -0.3145, -0.3658
1.720, -0.3140, -0.2377
1.730, -0.3135, -0.2355
1.740, -0.3130, -0.3126
1.750, -0.3125, -0.2576
1.760, -0.3120, -0.3222
1.770, -0.3115, -0.2358
1.780, -0.3110, -0.2351
1.790, -0.3105, -0.3053
1.800, -0.3100, -0.2527
1.810, -0.3095, -0.3761
1.820, -0.3090, -0.2869
1.830, -0.3085, -0.2629
1.840, -0.3080, -0.3307
1.850, -0.3075, -0.2471
1.860, -0.3070, -0.3568
1.870, -0.3065, -0.2762
1.880, -0.3060, -0.2389
1.890, -0.3055, -0.3094
1.900, -0.3050, -0.2959
1.910, -0.3045, -0.3660
1.920, -0.3040, -0.2925
1.930, -0.3035, -0.2485
1.940, -0.3030, -0.2645
1.950, -0.3025, -0.1946
1.960, -0.3020, -0.2954
1.970, -0.3015, -0.1954
1.980, -0.3010, -0.1644
1.990, -0.3005, -0.2517
2.000, -0.3000, -0.1759
2.010, -0.2995, -0.2697
2.020, -0.2990, -0.1407
2.030, -0.2985, -0.1986
2.040, -0.2980, -0.2370
2.050, -0.2975, -0.2175
2.060, -0.2970, -0.2913
2.070, -0.2965, -0.1810
2.080, -0.2960, -0.1943
2.090, -0.2955, -0.2469
2.100, -0.2950, -0.1905
2.110, -0.2945, -0.2654
2.120, -0.2940, -0.1626
2.130, -0.2935, -0.2294
2.140, -0.2930, -0.2667
2.150, -0.2925, -0.2135
2.160, -0.2920, -0.2819
2.170, -0.2915, -0.2288
2.180, -0.2910, -0.2355
2.190, -0.2905, -0.2408
2.200, -0.2900, -0.2170
2.210, -0.2895, -0.3320
2.220, -0.2890, -0.2128
2.230, -0.2885, -0.2286
2.240, -0.2880, -0.2588
2.250, -0.2875, -0.2093
2.260, -0.2870, -0.3069
2.270, -0.2865, -0.2427
2.280, -0.2860, -0.2614
2.290, -0.2855, -0.3089
2.300, -0.2850, -0.2298
2.310, -0.2845, -0.3677
2.320, -0.2840, -0.2171
2.330, -0.2835, -0.2658
2.340, -0.2830, -0.2840
2.350, -0.2825, -0.2038
2.360, -0.2820, -0.2427
2.370, -0.2815, -0.1752
2.380, -0.2810, -0.1837
2.390, -0.2805, -0.2263
2.400, -0.2800, -0.1728
2.410, -0.2795, -0.2378
2.420, -0.2790, -0.1008
2.430, -0.2785, -0.2061
2.440, -0.2780, -0.2310
2.450, -0.2775, -0.1433
2.460, -0.2770, -0.2850
2.470, -0.2765, -0.1670
2.480, -0.2760, -0.1977
2.490, -0.2755, -0.2227
2.500, -0.2750, -0.1343
2.510, -0.2745, -0.2409
2.520, -0.2740, -0.1824
2.530, -0.2735, -0.2323
2.540, -0.2730, -0.2528
2.550, -0.2725, -0.1734
2.560, -0.2720, -0.3055
2.570, -0.2715, -0.2417
2.580, -0.2710, -0.2206
2.590, -0.2705, -0.2120
2.600, -0.2700, -0.1775
2.610, -0.2695, -0.2960
2.620, -0.2690, -0.2419
2.630, -0.2685, -0.2790
2.640, -0.2680, -0.2710
2.650, -0.2675, -0.1755
2.660, -0.2670, -0.2973
2.670, -0.2665, -0.2061
2.680, -0.2660, -0.1671
2.690, -0.2655, -0.2566
2.700, -0.2650, -0.1900
2.710, -0.2645, -0.2834
2.720, -0.2640, -0.2200
2.730, -0.2635, -0.2469
2.740, -0.2630, -0.2289
2.750, -0.2625, -0.1601
2.760, -0.2620, -0.3029
2.770, -0.2615, -0.2355
2.780, -0.2610, -0.2005
2.790, -0.2605, -0.2260
2.800, -0.2600, -0.1462
2.810, -0.2595, -0.2699
2.820, -0.2590, -0.1669
2.830, -0.2585, -0.1401
2.840, -0.2580, -0.1898
2.850, -0.2575, -0.09454
2.860, -0.2570, -0.2242
2.870, -0.2565, -0.1653
2.880, -0.2560, -0.1638
2.890, -0.2555, -0.1745
2.900, -0.2550, -0.1199
2.910, -0.2545, -0.2179
2.920, -0.2540, -0.1774
2.930, -0.2535, -0.1950
2.940, -0.2530, -0.2393
2.950, -0.2525, -0.1536
2.960, -0.2520, -0.2589
2.970, -0.2515, -0.1855
2.980, -0.2510, -0.1742
2.990, -0.2505, -0.2239
3.000, -0.2500, -0.1609
3.010, -0.2495, -0.2747
3.020, -0.2490, -0.1767
3.030, -0.2485, -0.2222
3.040, -0.2480, -0.1951
3.050, -0.2475, -0.1061
3.060, -0.2470, -0.2983
3.070, -0.2465, -0.1295
3.080, -0.2460, -0.2045
3.090, -0.2455, -0.2377
3.100, -0.2450, -0.1822
3.110, -0.2445, -0.2566
3.120, -0.2440, -0.1984
3.130, -0.2435, -0.2246
3.140, -0.2430, -0.2610
3.150, -0.2425, -0.2088
3.160, -0.2420, -0.2979
3.170, -0.2415, -0.2131
3.180, -0.2410, -0.1905
3.190, -0.2405, -0.2232
3.200, -0.2400, -0.1631
3.210, -0.2395, -0.2039
3.220, -0.2390, -0.1502
3.230, -0.2385, -0.1570
3.240, -0.2380, -0.2009
3.250, -0.2375, -0.1217
3.260, -0.2370, -0.1859
3.270, -0.2365, -0.1221
3.280, -0.2360, -0.1339
3.290, -0.2355, -0.1985
3.300, -0.2350, -0.07753
3.310, -0.2345, -0.1896
3.320, -0.2340, -0.1429
3.330, -0.2335, -0.1449
3.340, -0.2330, -0.1997
3.350, -0.2325, -0.1115
3.360, -0.2320, -0.2302
3.370, -0.2315, -0.1526
3.380, -0.2310, -0.1791
3.390, -0.2305, -0.2504
3.400, -0.2300, -0.1811
3.410, -0.2295, -0.2226
3.420, -0.2290, -0.1992
3.430, -0.2285, -0.1818
3.440, -0.2280, -0.2444
3.450, -0.2275, -0.1764
3.460, -0.2270, -0.2119
3.470, -0.2265, -0.1361
3.480, -0.2260, -0.1338
3.490, -0.2255, -0.2039
3.500, -0.2250, -0.1434
3.510, -0.2245, -0.2505
3.520, -0.2240, -0.1480
3.530, -0.2235, -0.1927
3.540, -0.2230, -0.2195
3.550, -0.2225, -0.1710
3.560, -0.2220, -0.2965
3.570, -0.2215, -0.1977
3.580, -0.2210, -0.1931
3.590, -0.2205, -0.2715
3.600, -0.2200, -0.1794
3.610, -0.2195, -0.2061
3.620, -0.2190, -0.1611
3.630, -0.2185, -0.1759
3.640, -0.2180, -0.2118
3.650, -0.2175, -0.09188
3.660, -0.2170, -0.1780
3.670, -0.2165, -0.1490
3.680, -0.2160, -0.1510
3.690, -0.2155, -0.1317
3.700, -0.2150, -0.07541
3.710, -0.2145, -0.2183
3.720, -0.2140, -0.1036
3.730, -0.2135, -0.1227
3.740, -0.2130, -0.1648
3.750, -0.2125, -0.08947
3.760, -0.2120, -0.2109
3.770, -0.2115, -0.1669
3.780, -0.2110, -0.1534
3.790, -0.2105, -0.1721
3.800, -0.2100, -0.1079
3.810, -0.2095, -0.2286
3.820, -0.2090, -0.1839
3.830, -0.2085, -0.1908
3.840, -0.2080, -0.1732
3.850, -0.2075, -0.1155
3.860, -0.2070, -0.1999
3.870, -0.2065, -0.1742
3.880, -0.2060, -0.1487
3.890, -0.2055, -0.1896
3.900, -0.2050, -0.1705
3.910, -0.2045, -0.2456
3.920, -0.2040, -0.1728
3.930, -0.2035, -0.2261
3.940, -0.2030, -0.2124
3.950, -0.2025, -0.1623
3.960, -0.2020, -0.2125
3.970, -0.2015, -0.2122
3.980, -0.2010, -0.1883
3.990, -0.2005, -0.1967
4.000, -0.2000, -0.1178
4.010, -0.1995, -0.2295
4.020, -0.1990, -0.2166
4.030, -0.1985, -0.1422
4.040, -0.1980, -0.2034
4.050, -0.1975, -0.1287
4.060, -0.1970, -0.2060
4.070, -0.1965, -0.1220
4.080, -0.1960, -0.1612
4.090, -0.1955, -0.1212
4.100, -0.1950, -0.06144
4.110, -0.1945, -0.1902
4.120, -0.1940, -0.1163
4.130, -0.1935, -0.1218
4.140, -0.1930, -0.1161
4.150, -0.1925, -0.08867
4.160, -0.1920, -0.1744
4.170, -0.1915, -0.1344
4.180, -0.1910, -0.1022
4.190, -0.1905, -0.1499
4.200, -0.1900, -0.07281
4.210, -0.1895, -0.1847
4.220, -0.1890, -0.1362
4.230, -0.1885, -0.1658
4.240, -0.1880, -0.1948
4.250, -0.1875, -0.1131
4.260, -0.1870, -0.2247
4.270, -0.1865, -0.1506
4.280, -0.1860, -0.1526
4.290, -0.1855, -0.1983
4.300, -0.1850, -0.1465
4.310, -0.1845, -0.2417
4.320, -0.1840, -0.1696
4.330, -0.1835, -0.1177
4.340, -0.1830, -0.1629
4.350, -0.1825, -0.1627
4.360, -0.1820, -0.2304
4.370, -0.1815, -0.1563
4.380, -0.1810, -0.1756
4.390, -0.1805, -0.2145
4.400, -0.1800, -0.1291
4.410, -0.1795, -0.1828
4.420, -0.1790, -0.2049
4.430, -0.1785, -0.1637
4.440, -0.1780, -0.1984
4.450, -0.1775, -0.1188
4.460, -0.1770, -0.2187
4.470, -0.1765, -0.1846
4.480, -0.1760, -0.1336
4.490, -0.1755, -0.1939
4.500, -0.1750, -0.06936
4.510, -0.1745, -0.1841
4.520, -0.1740, -0.08420
4.530, -0.1735, -0.1106
4.540, -0.1730, -0.1693
4.550, -0.1725, -0.09613
4.560, -0.1720, -0.1943
4.570, -0.1715, -0.1092
4.580, -0.1710, -0.09089
4.590, -0.1705, -0.1523
4.600, -0.1700, -0.1092
4.610, -0.1695, -0.1729
4.620, -0.1690, -0.1462
4.630, -0.1685, -0.1315
4.640, -0.1680, -0.1472
4.650, -0.1675, -0.08979
4.660, -0.1670, -0.1725
4.670, -0.1665, -0.1239
4.680, -0.1660, -0.1175
4.690, -0.1655, -0.2032
4.700, -0.1650, -0.1087
4.710, -0.1645, -0.2015
4.720, -0.1640, -0.1522
4.730, -0.1635, -0.1139
4.740, -0.1630, -0.2198
4.750, -0.1625, -0.1219
4.760, -0.1620, -0.2164
4.770, -0.1615, -0.1772
4.780, -0.1610, -0.2025
4.790, -0.1605, -0.2106
4.800, -0.1600, -0.1157
4.810, -0.1595, -0.2146
4.820, -0.1590, -0.1370
4.830, -0.1585, -0.1532
4.840, -0.1580, -0.2101
4.850, -0.1575, -0.1362
4.860, -0.1570, -0.2289
4.870, -0.1565, -0.1509
4.880, -0.1560, -0.1622
4.890, -0.1555, -0.1992
4.900, -0.1550, -0.09074
4.910, -0.1545, -0.1488
4.920, -0.1540, -0.1542
4.930, -0.1535, -0.1135
4.940, -0.1530, -0.1152
4.950, -0.1525, -0.04971
4.960, -0.1520, -0.1357
4.970, -0.1515, -0.08788
4.980, -0.1510, -0.1102
4.990, -0.1505, -0.1772
5.000, -0.1500, -0.07381
5.010, -0.1495, -0.1961
5.020, -0.1490, -0.09540
5.030, -0.1485, -0.1251
5.040, -0.1480, -0.1596
5.050, -0.1475, -0.07036
5.060, -0.1470, -0.1900
5.070, -0.1465, -0.1620
5.080, -0.1460, -0.1534
5.090, -0.1455, -0.2067
5.100, -0.1450, -0.08979
5.110, -0.1445, -0.1520
5.120, -0.1440, -0.1124
5.130, -0.1435, -0.1623
5.140, -0.1430, -0.1736
5.150, -0.1425, -0.1129
5.160, -0.1420, -0.1976
5.170, -0.1415, -0.1700
5.180, -0.1410, -0.1242
5.190, -0.1405, -0.1803
5.200, -0.1400, -0.09783
5.210, -0.1395, -0.2449
5.220, -0.1390, -0.1223
5.230, -0.1385, -0.1886
5.240, -0.1380, -0.2005
5.250, -0.1375, -0.1064
5.260, -0.1370, -0.1811
5.270, -0.1365, -0.1920
5.280, -0.1360, -0.1870
5.290, -0.1355, -0.1807
5.300, -0.1350, -0.09706
5.310, -0.1345, -0.1929
5.320, -0.1340, -0.1788
5.330, -0.1335, -0.1318
5.340, -0.1330, -0.1281
5.350, -0.1325, -0.06799
5.360, -0.1320, -0.1053
5.370, -0.1315, -0.1048
5.380, -0.1310, -0.07208
5.390, -0.1305, -0.1046
5.400, -0.1300, -0.03364
5.410, -0.1295, -0.1285
5.420, -0.1290, -0.1199
5.430, -0.1285, -0.1396
5.440, -0.1280, -0.1679
5.450, -0.1275, -0.07846
5.460, -0.1270, -0.1560
5.470, -0.1265, -0.1007
5.480, -0.1260, -0.09630
5.490, -0.1255, -0.1577
5.500, -0.1250, -0.1061
5.510, -0.1245, -0.2070
5.520, -0.1240, -0.1442
5.530, -0.1235, -0.1531
5.540, -0.1230, -0.1506
5.550, -0.1225, -0.09341
5.560, -0.1220, -0.1888
5.570, -0.1215, -0.1717
5.580, -0.1210, -0.1056
5.590, -0.1205, -0.1877
5.600, -0.1200, -0.1249
5.610, -0.1195, -0.2148
5.620, -0.1190, -0.09971
5.630, -0.1185, -0.1489
5.640, -0.1180, -0.1891
5.650, -0.1175, -0.1407
5.660, -0.1170, -0.1865
5.670, -0.1165, -0.1897
5.680, -0.1160, -0.1233
5.690, -0.1155, -0.2517
5.700, -0.1150, -0.1358
5.710, -0.1145, -0.1972
5.720, -0.1140, -0.1430
5.730, -0.1135, -0.09756
5.740, -0.1130, -0.1365
5.750, -0.1125, -0.03842
5.760, -0.1120, -0.1285
5.770, -0.1115, -0.08115
5.780, -0.1110, -0.06814
5.790, -0.1105, -0.1143
5.800, -0.1100, -0.07544
5.810, -0.1095, -0.09511
5.820, -0.1090, -0.09995
5.830, -0.1085, -0.04856
5.840, -0.1080, -0.1245
5.850, -0.1075, -0.08261
5.860, -0.1070, -0.1900
5.870, -0.1065, -0.1323
5.880, -0.1060, -0.09220
5.890, -0.1055, -0.1997
5.900, -0.1050, -0.06843
5.910, -0.1045, -0.1558
5.920, -0.1040, -0.1167
5.930, -0.1035, -0.1225
5.940, -0.1030, -0.1650
5.950, -0.1025, -0.09981
5.960, -0.1020, -0.2265
5.970, -0.1015, -0.1554
5.980, -0.1010, -0.1109
5.990, -0.1005, -0.2013
6.000, -0.1000, -0.06706
6.010, -0.09950, -0.1520
6.020, -0.09900, -0.1648
6.030, -0.09850, -0.1169
6.040, -0.09800, -0.1989
6.050, -0.09750, -0.1531
6.060, -0.09700, -0.1833
6.070, -0.09650, -0.1739
6.080, -0.09600, -0.1531
6.090, -0.09550, -0.2475
6.100, -0.09500, -0.1254
6.110, -0.09450, -0.1986
6.120, -0.09400, -0.1396
6.130, -0.09350, -0.1289
6.140, -0.09300, -0.1669
6.150, -0.09250, -0.05275
6.160, -0.09200, -0.09843
6.170, -0.09150, -0.1160
6.180, -0.09100, -0.1100
6.190, -0.09050, -0.1144
6.200, -0.09000, 0.007705
6.210, -0.08950, -0.09436
6.220, -0.08900, -0.07541
6.230, -0.08850, -0.06442
6.240, -0.08800, -0.1302
6.250, -0.08750, -0.02758
6.260, -0.08700, -0.1419
6.270, -0.08650, -0.09615
6.280, -0.08600, -0.08932
6.290, -0.08550, -0.1797
6.300, -0.08500, -0.05421
6.310, -0.08450, -0.1412
6.320, -0.08400, -0.1853
6.330, -0.08350, -0.1171
6.340, -0.08300, -0.1672
6.350, -0.08250, -0.03306
6.360, -0.08200, -0.1357
6.370, -0.08150, -0.1608
6.380, -0.08100, -0.1787
6.390, -0.08050, -0.1878
6.400, -0.08000, -0.03285
6.410, -0.07950, -0.1315
6.420, -0.07900, -0.1658
6.430, -0.07850, -0.1538
6.440, -0.07800, -0.1772
6.450, -0.07750, -0.07862
6.460, -0.07700, -0.2083
6.470, -0.07650, -0.1556
6.480, -0.07600, -0.1506
6.490, -0.07550, -0.1590
6.500, -0.07500, -0.1317
6.510, -0.07450, -0.1910
6.520, -0.07400, -0.1680
6.530, -0.07350, -0.1331
6.540, -0.07300, -0.1912
6.550, -0.07250, -0.07375
6.560, -0.07200, -0.1795
6.570, -0.07150, -0.1255
6.580, -0.07100, -0.05909
6.590, -0.07050, -0.1107
6.600, -0.07000, -0.03280
6.610, -0.06950, -0.1341
6.620, -0.06900, -0.1249
6.630, -0.06850, -0.1032
6.640, -0.06800, -0.1268
6.650, -0.06750, -0.01369
6.660, -0.06700, -0.08299
6.670, -0.06650, -0.06295
6.680, -0.06600, -0.06589
6.690, -0.06550, -0.1099
6.700, -0.06500, -0.07889
6.710, -0.06450, -0.09264
6.720, -0.06400, -0.1021
6.730, -0.06350, -0.06086
6.740, -0.06300, -0.1268
6.750, -0.06250, -0.04134
6.760, -0.06200, -0.1283
6.770, -0.06150, -0.1648
6.780, -0.06100, -0.08467
6.790, -0.06050, -0.1287
6.800, -0.06000, -0.05023
6.810, -0.05950, -0.1739
6.820, -0.05900, -0.1540
6.830, -0.05850, -0.08438
6.840, -0.05800, -0.1678
6.850, -0.05750, -0.07852
6.860, -0.05700, -0.1805
6.870, -0.05650, -0.1209
6.880, -0.05600, -0.1226
6.890, -0.05550, -0.1504
6.900, -0.05500, -0.08202
6.910, -0.05450, -0.1890
6.920, -0.05400, -0.1631
6.930, -0.05350, -0.1019
6.940, -0.05300, -0.1564
6.950, -0.05250, -0.09036
6.960, -0.05200, -0.1705
6.970, -0.05150, -0.1152
6.980, -0.05100, -0.09731
6.990, -0.05050, -0.1622
7.000, -0.05000, -0.01884
7.010, -0.04950, -0.1223
7.020, -0.04900, -0.09438
7.030, -0.04850, 0.008049
7.040, -0.04800, -0.08408
7.050, -0.04750, -0.02665
7.060, -0.04700, -0.07322
7.070, -0.04650, -0.08370
7.080, -0.04600, -0.03791
7.090, -0.04550, -0.04522
7.100, -0.04500, -0.04523
7.110, -0.04450, -0.1471
7.120, -0.04400, -0.07436
7.130, -0.04350, -0.05541
7.140, -0.04300, -0.1115
7.150, -0.04250, -0.04143
7.160, -0.04200, -0.08953
7.170, -0.04150, -0.1142
7.180, -0.04100, -0.05703
7.190, -0.04050, -0.1178
7.200, -0.04000, -0.03589
7.210, -0.03950, -0.1258
7.220, -0.03900, -0.1122
7.230, -0.03850, -0.03700
7.240, -0.03800, -0.06234
7.250, -0.03750, -0.02806
7.260, -0.03700, -0.1200
7.270, -0.03650, -0.06988
7.280, -0.03600, -0.08640
7.290, -0.03550, -0.1502
7.300, -0.03500, -0.05130
7.310, -0.03450, -0.1737
7.320, -0.03400, -0.1321
7.330, -0.03350, -0.1022
7.340, -0.03300, -0.1608
7.350, -0.03250, -0.1023
7.360, -0.03200, -0.1517
7.370, -0.03150, -0.08396
7.380, -0.03100, -0.08833
7.390, -0.03050, -0.1156
7.400, -0.03000, -0.02304
7.410, -0.02950, -0.1230
7.420, -0.02900, -0.04174
7.430, -0.02850, -0.02837
7.440, -0.02800, -0.1103
7.450, -0.02750, 0.02547
7.460, -0.02700, -0.04336
7.470, -0.02650, -0.01500
7.480, -0.02600, 0.0003970
7.490, -0.02550, -0.08428
7.500, -0.02500, 0.04450
7.510, -0.02450, 0.01480
7.520, -0.02400, -0.009883
7.530, -0.02350, -0.04178
7.540, -0.02300, -0.07832
7.550, -0.02250, 0.05259
7.560, -0.02200, -0.07571
7.570, -0.02150, -0.02490
7.580, -0.02100, -0.1063
7.590, -0.02050, -0.07517
7.600, -0.02000, 0.03391
7.610, -0.01950, -0.06163
7.620, -0.01900, -0.07961
7.630, -0.01850, -0.05601
7.640, -0.01800, -0.09016
7.650, -0.01750, 0.01613
7.660, -0.01700, -0.09967
7.670, -0.01650, -0.04356
7.680, -0.01600, 0.01737
7.690, -0.01550, -0.09597
7.700, -0.01500, 0.02380
7.710, -0.01450, -0.04271
7.720, -0.01400, -0.04958
7.730, -0.01350, -0.02101
7.740, -0.01300, -0.1162
7.750, -0.01250, 0.02464
7.760, -0.01200, -0.03906
7.770, -0.01150, -0.03925
7.780, -0.01100, -0.05795
7.790, -0.01050, -0.1005
7.800, -0.01000, 0.02523
7.810, -0.009500, -0.05427
7.820, -0.009000, -0.02855
7.830, -0.008500, 0.01589
7.840, -0.008000, -0.07572
7.850, -0.007500, 0.09651
7.860, -0.007000, -0.006698
7.870, -0.006500, 0.03656
7.880, -0.006000, 0.03580
7.890, -0.005500, 0.01128
7.900, -0.005000, 0.09909
7.910, -0.004500, 0.04453
7.920, -0.004000, 0.07552
7.930, -0.003500, 0.04885
7.940, -0.003000, -0.01085
7.950, -0.002500, 0.1235
7.960, -0.002000, 0.01245
7.970, -0.001500, 0.01008
7.980, -0.001000, 0.06800
7.990, -0.0005000, -0.05126
8.000, 0.000, 0.06406
8.010, 0.0005000, -0.03573
8.020, 0.001000, 0.001241
8.030, 0.001500, 0.006598
8.040, 0.002000, -0.001136
8.050, 0.002500, 0.05013
8.060, 0.003000, 0.04627
8.070, 0.003500, -0.03696
8.080, 0.004000, 0.03905
8.090, 0.004500, 0.009071
8.100, 0.005000, 0.1138
8.110, 0.005500, -0.03507
8.120, 0.006000, 0.008555
8.130, 0.006500, 0.07107
8.140, 0.007000, 0.02375
8.150, 0.007500, 0.09692
8.160, 0.008000, 0.03757
8.170, 0.008500, 0.01752
8.180, 0.009000, 0.02465
8.190, 0.009500, 0.0004580
8.200, 0.01000, 0.1414
8.210, 0.01050, 0.01658
8.220, 0.01100, 0.03567
8.230, 0.01150, 0.07567
8.240, 0.01200, 0.04087
8.250, 0.01250, 0.1396
8.260, 0.01300, 0.05366
8.270, 0.01350, 0.05885
8.280, 0.01400, 0.1052
8.290, 0.01450, 0.04212
8.300, 0.01500, 0.1437
8.310, 0.01550, 0.1331
8.320, 0.01600, 0.08347
8.330, 0.01650, 0.1648
8.340, 0.01700, 0.09722
8.350, 0.01750, 0.2069
8.360, 0.01800, 0.1618
8.370, 0.01850, 0.1320
8.380, 0.01900, 0.1641
8.390, 0.01950, 0.1602
8.400, 0.02000, 0.2502
8.410, 0.02050, 0.1628
8.420, 0.02100, 0.1529
8.430, 0.02150, 0.1664
8.440, 0.02200, 0.07525
8.450, 0.02250, 0.2169
8.460, 0.02300, 0.1289
8.470, 0.02350, 0.06682
8.480, 0.02400, 0.1712
8.490, 0.02450, 0.1286
8.500, 0.02500, 0.2015
8.510, 0.02550, 0.1155
8.520, 0.02600, 0.1326
8.530, 0.02650, 0.1795
8.540, 0.02700, 0.09705
8.550, 0.02750, 0.2388
8.560, 0.02800, 0.1717
8.570, 0.02850, 0.1803
8.580, 0.02900, 0.2251
8.590, 0.02950, 0.1070
8.600, 0.03000, 0.2133
8.610, 0.03050, 0.1661
8.620, 0.03100, 0.1584
8.630, 0.03150, 0.2372
8.640, 0.03200, 0.1448
8.650, 0.03250, 0.2631
8.660, 0.03300, 0.2469
8.670, 0.03350, 0.1819
8.680, 0.03400, 0.2606
8.690, 0.03450, 0.2128
8.700, 0.03500, 0.3625
8.710, 0.03550, 0.2982
8.720, 0.03600, 0.3022
8.730, 0.03650, 0.3060
8.740, 0.03700, 0.2750
8.750, 0.03750, 0.3646
8.760, 0.03800, 0.3538
8.770, 0.03850, 0.3208
8.780, 0.03900, 0.3604
8.790, 0.03950, 0.1829
8.800, 0.04000, 0.3384
8.810, 0.04050, 0.4252
8.820, 0.04100, 0.3277
8.830, 0.04150, 0.3740
8.840, 0.04200, 0.3209
8.850, 0.04250, 0.3600
8.860, 0.04300, 0.4349
8.870, 0.04350, 0.3260
8.880, 0.04400, 0.3863
8.890, 0.04450, 0.2923
8.900, 0.04500, 0.3526
8.910, 0.04550, 0.4093
8.920, 0.04600, 0.3411
8.930, 0.04650, 0.4027
8.940, 0.04700, 0.3073
8.950, 0.04750, 0.4036
8.960, 0.04800, 0.3718
8.970, 0.04850, 0.3336
8.980, 0.04900, 0.3895
8.990, 0.04950, 0.3243
9.000, 0.05000, 0.3975
9.010, 0.05050, 0.4996
9.020, 0.05100, 0.4401
9.030, 0.05150, 0.4275
9.040, 0.05200, 0.3399
9.050, 0.05250, 0.4798
9.060, 0.05300, 0.4243
9.070, 0.05350, 0.4552
9.080, 0.05400, 0.4522
9.090, 0.05450, 0.4375
9.100, 0.05500, 0.5649
9.110, 0.05550, 0.7000
9.120, 0.05600, 0.5055
9.130, 0.05650, 0.5774
9.140, 0.05700, 0.4902
9.150, 0.05750, 0.6140
9.160, 0.05800, 0.7745
9.170, 0.05850, 0.6479
9.180, 0.05900, 0.5494
9.190, 0.05950, 0.4787
9.200, 0.06000, 0.6617
9.210, 0.06050, 0.6638
9.220, 0.06100, 0.6013
9.230, 0.06150, 0.6350
9.240, 0.06200, 0.4996
9.250, 0.06250, 0.7303
9.260, 0.06300, 0.6600
9.270, 0.06350, 0.5725
9.280, 0.06400, 0.6156
9.290, 0.06450, 0.5132
9.300, 0.06500, 0.7403
9.310, 0.06550, 0.7544
9.320, 0.06600, 0.5995
9.330, 0.06650, 0.6412
9.340, 0.06700, 0.5802
9.350, 0.06750, 0.7151
9.360, 0.06800, 0.8564
9.370, 0.06850, 0.6439
9.380, 0.06900, 0.6385
9.390, 0.06950, 0.5956
9.400, 0.07000, 0.7032
9.410, 0.07050, 0.8305
9.420, 0.07100, 0.6668
9.430, 0.07150, 0.6766
9.440, 0.07200, 0.6736
9.450, 0.07250, 0.8763
9.460, 0.07300, 1.016
9.470, 0.07350, 0.6330
9.480, 0.07400, 0.7195
9.490, 0.07450, 0.6347
9.500, 0.07500, 0.8474
9.510, 0.07550, 0.9390
9.520, 0.07600, 0.8893
9.530, 0.07650, 0.7990
9.540, 0.07700, 0.7516
9.550, 0.07750, 0.9273
9.560, 0.07800, 1.191
9.570, 0.07850, 0.8669
9.580, 0.07900, 0.8618
9.590, 0.07950, 0.7942
9.600, 0.08000, 0.9821
9.610, 0.08050, 1.287
9.620, 0.08100, 0.9327
9.630, 0.08150, 0.9440
9.640, 0.08200, 0.8589
9.650, 0.08250, 0.9833
9.660, 0.08300, 1.066
9.670, 0.08350, 1.068
9.680, 0.08400, 0.9326
9.690, 0.08450, 0.9041
9.700, 0.08500, 1.060
9.710, 0.08550, 1.019
9.720, 0.08600, 0.9199
9.730, 0.08650, 1.010
9.740, 0.08700, 0.8877
9.750, 0.08750, 1.107
9.760, 0.08800, 1.101
9.770, 0.08850, 1.000
9.780, 0.08900, 1.050
9.790, 0.08950, 0.9418
9.800, 0.09000, 1.178
9.810, 0.09050, 1.266
9.820, 0.09100, 1.055
9.830, 0.09150, 1.079
9.840, 0.09200, 0.9725
9.850, 0.09250, 1.110
9.860, 0.09300, 1.434
9.870, 0.09350, 1.075
9.880, 0.09400, 1.098
9.890, 0.09450, 1.036
9.900, 0.09500, 1.281
9.910, 0.09550, 1.222
9.920, 0.09600, 1.150
9.930, 0.09650, 1.227
9.940, 0.09700, 1.126
9.950, 0.09750, 1.347
9.960, 0.09800, 1.471
9.970, 0.09850, 1.305
9.980, 0.09900, 1.296
9.990, 0.09950, 1.199
10.00, 0.1000, 1.370
10.01, 0.1005, 1.469
10.02, 0.1010, 1.454
10.03, 0.1015, 1.361
10.04, 0.1020, 1.261
10.05, 0.1025, 1.496
10.06, 0.1030, 1.864
10.07, 0.1035, 1.379
10.08, 0.1040, 1.410
10.09, 0.1045, 1.335
10.10, 0.1050, 1.531
10.11, 0.1055, 1.518
10.12, 0.1060, 1.423
10.13, 0.1065, 1.482
10.14, 0.1070, 1.385
10.15, 0.1075, 1.594
10.16, 0.1080, 2.161
10.17, 0.1085, 1.578
10.18, 0.1090, 1.531
10.19, 0.1095, 1.451
10.20, 0.1100, 1.684
10.21, 0.1105, 2.332
10.22, 0.1110, 1.667
10.23, 0.1115, 1.477
10.24, 0.1120, 1.450
10.25, 0.1125, 1.634
10.26, 0.1130, 1.781
10.27, 0.1135, 1.781
10.28, 0.1140, 1.613
10.29, 0.1145, 1.540
10.30, 0.1150, 1.778
10.31, 0.1155, 1.659
10.32, 0.1160, 1.744
10.33, 0.1165, 1.680
10.34, 0.1170, 1.598
10.35, 0.1175, 2.203
10.36, 0.1180, 2.382
10.37, 0.1185, 1.729
10.38, 0.1190, 1.772
10.39, 0.1195, 1.690
10.40, 0.1200, 2.218
10.41, 0.1205, 2.445
10.42, 0.1210, 1.861
10.43, 0.1215, 1.864
10.44, 0.1220, 1.820
10.45, 0.1225, 1.984
10.46, 0.1230, 2.346
10.47, 0.1235, 2.010
10.48, 0.1240, 1.914
10.49, 0.1245, 1.867
10.50, 0.1250, 2.424
10.51, 0.1255, 2.628
10.52, 0.1260, 1.954
10.53, 0.1265, 1.958
10.54, 0.1270, 1.970
10.55, 0.1275, 2.354
10.56, 0.1280, 2.687
10.57, 0.1285, 2.077
10.58, 0.1290, 1.996
10.59, 0.1295, 1.998
10.60, 0.1300, 2.298
10.61, 0.1305, 3.131
10.62, 0.1310, 2.034
10.63, 0.1315, 2.083
10.64, 0.1320, 2.037
10.65, 0.1325, 2.523
10.66, 0.1330, 2.680
10.67, 0.1335, 2.172
10.68, 0.1340, 2.118
10.69, 0.1345, 2.060
10.70, 0.1350, 2.282
10.71, 0.1355, 2.537
10.72, 0.1360, 2.222
10.73, 0.1365, 2.161
10.74, 0.1370, 2.141
10.75, 0.1375, 2.608
10.76, 0.1380, 2.867
10.77, 0.1385, 2.250
10.78, 0.1390, 2.357
10.79, 0.1395, 2.417
10.80, 0.1400, 2.863
10.81, 0.1405, 3.229
10.82, 0.1410, 2.474
10.83, 0.1415, 2.440
10.84, 0.1420, 2.452
10.85, 0.1425, 2.781
10.86, 0.1430, 3.467
10.87, 0.1435, 2.699
10.88, 0.1440, 2.476
10.89, 0.1445, 2.454
10.90, 0.1450, 2.848
10.91, 0.1455, 3.191
10.92, 0.1460, 2.643
10.93, 0.1465, 2.556
10.94, 0.1470, 2.529
10.95, 0.1475, 2.864
10.96, 0.1480, 3.662
10.97, 0.1485, 2.712
10.98, 0.1490, 2.633
10.99, 0.1495, 2.679
11.00, 0.1500, 3.014
11.01, 0.1505, 3.483
11.02, 0.1510, 2.921
11.03, 0.1515, 2.689
11.04, 0.1520, 2.691
11.05, 0.1525, 3.098
11.06, 0.1530, 3.352
11.07, 0.1535, 2.863
11.08, 0.1540, 2.859
11.09, 0.1545, 2.823
11.10, 0.1550, 3.429
11.11, 0.1555, 4.071
11.12, 0.1560, 2.857
11.13, 0.1565, 2.796
11.14, 0.1570, 2.875
11.15, 0.1575, 3.364
11.16, 0.1580, 3.336
11.17, 0.1585, 2.885
11.18, 0.1590, 2.978
11.19, 0.1595, 2.994
11.20, 0.1600, 3.173
11.21, 0.1605, 3.630
11.22, 0.1610, 3.185
11.23, 0.1615, 3.158
11.24, 0.1620, 3.161
11.25, 0.1625, 3.792
11.26, 0.1630, 4.823
11.27, 0.1635, 3.107
11.28, 0.1640, 3.189
11.29, 0.1645, 3.128
11.30, 0.1650, 3.932
11.31, 0.1655, 3.665
11.32, 0.1660, 3.216
11.33, 0.1665, 3.133
11.34, 0.1670, 3.183
11.35, 0.1675, 3.705
11.36, 0.1680, 4.305
11.37, 0.1685, 3.407
11.38, 0.1690, 3.331
11.39, 0.1695, 3.336
11.40, 0.1700, 3.996
11.41, 0.1705, 4.414
11.42, 0.1710, 3.421
11.43, 0.1715, 3.372
11.44, 0.1720, 3.485
11.45, 0.1725, 3.726
11.46, 0.1730, 3.843
11.47, 0.1735, 3.548
11.48, 0.1740, 3.523
11.49, 0.1745, 3.657
11.50, 0.1750, 4.599
11.51, 0.1755, 4.089
11.52, 0.1760, 3.610
11.53, 0.1765, 3.561
11.54, 0.1770, 3.752
11.55, 0.1775, 4.344
11.56, 0.1780, 5.568
11.57, 0.1785, 3.668
11.58, 0.1790, 3.704
11.59, 0.1795, 3.800
11.60, 0.1800, 4.806
11.61, 0.1805, 5.029
11.62, 0.1810, 3.901
11.63, 0.1815, 3.734
11.64, 0.1820, 3.893
11.65, 0.1825, 4.690
11.66, 0.1830, 5.923
11.67, 0.1835, 4.103
11.68, 0.1840, 3.981
11.69, 0.1845, 4.064
11.70, 0.1850, 4.687
11.71, 0.1855, 5.877
11.72, 0.1860, 4.008
11.73, 0.1865, 3.989
11.74, 0.1870, 4.045
11.75, 0.1875, 4.816
11.76, 0.1880, 4.737
11.77, 0.1885, 4.159
11.78, 0.1890, 4.113
11.79, 0.1895, 4.252
11.80, 0.1900, 5.054
11.81, 0.1905, 4.899
11.82, 0.1910, 4.302
11.83, 0.1915, 4.173
11.84, 0.1920, 4.563
11.85, 0.1925, 5.389
11.86, 0.1930, 6.060
11.87, 0.1935, 4.345
11.88, 0.1940, 4.214
11.89, 0.1945, 4.456
11.90, 0.1950, 5.157
11.91, 0.1955, 5.196
11.92, 0.1960, 4.751
11.93, 0.1965, 4.439
11.94, 0.1970, 4.379
11.95, 0.1975, 5.521
11.96, 0.1980, 5.512
11.97, 0.1985, 4.651
11.98, 0.1990, 4.531
11.99, 0.1995, 4.856
12.00, 0.2000, 5.914
12.01, 0.2005, 5.830
12.02, 0.2010, 5.009
12.03, 0.2015, 4.850
12.04, 0.2020, 5.086
12.05, 0.2025, 6.102
12.06, 0.2030, 6.379
12.07, 0.2035, 5.085
12.08, 0.2040, 4.984
12.09, 0.2045, 5.367
12.10, 0.2050, 6.591
12.11, 0.2055, 6.186
12.12, 0.2060, 5.268
12.13, 0.2065, 5.143
12.14, 0.2070, 5.439
12.15, 0.2075, 5.881
12.16, 0.2080, 6.870
12.17, 0.2085, 5.617
12.18, 0.2090, 5.256
12.19, 0.2095, 5.535
12.20, 0.2100, 6.253
12.21, 0.2105, 6.884
12.22, 0.2110, 5.662
12.23, 0.2115, 5.522
12.24, 0.2120, 5.909
12.25, 0.2125, 6.845
12.26, 0.2130, 6.802
12.27, 0.2135, 5.666
12.28, 0.2140, 5.492
12.29, 0.2145, 5.988
12.30, 0.2150, 6.409
12.31, 0.2155, 7.724
12.32, 0.2160, 5.777
12.33, 0.2165, 5.683
12.34, 0.2170, 5.875
12.35, 0.2175, 6.760
12.36, 0.2180, 7.151
12.37, 0.2185, 6.145
12.38, 0.2190, 5.801
12.39, 0.2195, 5.911
12.40, 0.2200, 7.094
12.41, 0.2205, 7.641
12.42, 0.2210, 6.117
12.43, 0.2215, 6.078
12.44, 0.2220, 6.506
12.45, 0.2225, 7.512
12.46, 0.2230, 7.024
12.47, 0.2235, 6.026
12.48, 0.2240, 6.217
12.49, 0.2245, 6.876
12.50, 0.2250, 8.210
12.51, 0.2255, 8.045
12.52, 0.2260, 6.258
12.53, 0.2265, 6.178
12.54, 0.2270, 6.973
12.55, 0.2275, 7.485
12.56, 0.2280, 8.026
12.57, 0.2285, 6.562
12.58, 0.2290, 6.493
12.59, 0.2295, 7.060
12.60, 0.2300, 8.569
12.61, 0.2305, 9.284
12.62, 0.2310, 6.589
12.63, 0.2315, 6.446
12.64, 0.2320, 7.051
12.65, 0.2325, 9.221
12.66, 0.2330, 8.247
12.67, 0.2335, 6.530
12.68, 0.2340, 6.653
12.69, 0.2345, 7.321
12.70, 0.2350, 8.443
12.71, 0.2355, 9.288
12.72, 0.2360, 6.889
12.73, 0.2365, 7.132
12.74, 0.2370, 7.611
12.75, 0.2375, 8.922
12.76, 0.2380, 9.329
12.77, 0.2385, 6.847
12.78, 0.2390, 6.880
12.79, 0.2395, 7.447
12.80, 0.2400, 7.616
12.81, 0.2405, 8.242
12.82, 0.2410, 7.161
12.83, 0.2415, 7.304
12.84, 0.2420, 7.441
12.85, 0.2425, 8.846
12.86, 0.2430, 8.354
12.87, 0.2435, 7.227
12.88, 0.2440, 7.501
12.89, 0.2445, 7.745
12.90, 0.2450, 9.355
12.91, 0.2455, 8.893
12.92, 0.2460, 7.348
12.93, 0.2465, 7.399
12.94, 0.2470, 7.826
12.95, 0.2475, 9.174
12.96, 0.2480, 9.317
12.97, 0.2485, 7.670
12.98, 0.2490, 7.736
12.99, 0.2495, 8.386
13.00, 0.2500, 10.15
13.01, 0.2505, 9.311
13.02, 0.2510, 7.718
13.03, 0.2515, 7.978
13.04, 0.2520, 8.856
13.05, 0.2525, 10.07
13.06, 0.2530, 10.36
13.07, 0.2535, 8.019
13.08, 0.2540, 7.897
13.09, 0.2545, 8.935
13.10, 0.2550, 10.01
13.11, 0.2555, 10.27
13.12, 0.2560, 8.066
13.13, 0.2565, 8.091
13.14, 0.2570, 9.131
13.15, 0.2575, 10.20
13.16, 0.2580, 10.70
13.17, 0.2585, 8.474
13.18, 0.2590, 8.173
13.19, 0.2595, 8.911
13.20, 0.2600, 10.52
13.21, 0.2605, 11.94
13.22, 0.2610, 8.158
13.23, 0.2615, 8.419
13.24, 0.2620, 9.251
13.25, 0.2625, 9.765
13.26, 0.2630, 11.25
13.27, 0.2635, 8.395
13.28, 0.2640, 8.382
13.29, 0.2645, 9.483
13.30, 0.2650, 10.21
13.31, 0.2655, 10.62
13.32, 0.2660, 8.009
13.33, 0.2665, 7.829
13.34, 0.2670, 8.810
13.35, 0.2675, 10.96
13.36, 0.2680, 9.334
13.37, 0.2685, 8.000
13.38, 0.2690, 8.242
13.39, 0.2695, 8.530
13.40, 0.2700, 11.12
13.41, 0.2705, 10.48
13.42, 0.2710, 8.709
13.43, 0.2715, 9.091
13.44, 0.2720, 9.635
13.45, 0.2725, 10.31
13.46, 0.2730, 10.92
13.47, 0.2735, 8.549
13.48, 0.2740, 9.176
13.49, 0.2745, 10.81
13.50, 0.2750, 11.44
13.51, 0.2755, 11.02
13.52, 0.2760, 8.383
13.53, 0.2765, 9.010
13.54, 0.2770, 9.949
13.55, 0.2775, 10.01
13.56, 0.2780, 11.46
13.57, 0.2785, 8.828
13.58, 0.2790, 9.238
13.59, 0.2795, 10.91
13.60, 0.2800, 11.72
13.61, 0.2805, 12.13
13.62, 0.2810, 8.440
13.63, 0.2815, 9.379
13.64, 0.2820, 10.34
13.65, 0.2825, 10.83
13.66, 0.2830, 11.10
13.67, 0.2835, 8.515
13.68, 0.2840, 9.415
13.69, 0.2845, 11.02
13.70, 0.2850, 11.39
13.71, 0.2855, 12.51
13.72, 0.2860, 8.836
13.73, 0.2865, 9.625
13.74, 0.2870, 10.56
13.75, 0.2875, 13.50
13.76, 0.2880, 11.29
13.77, 0.2885, 8.517
13.78, 0.2890, 9.511
13.79, 0.2895, 11.39
13.80, 0.2900, 11.34
13.81, 0.2905, 12.28
13.82, 0.2910, 8.915
13.83, 0.2915, 9.065
13.84, 0.2920, 10.29
13.85, 0.2925, 12.36
13.86, 0.2930, 11.63
13.87, 0.2935, 8.634
13.88, 0.2940, 9.789
13.89, 0.2945, 10.64
13.90, 0.2950, 10.67
13.91, 0.2955, 13.84
13.92, 0.2960, 8.661
13.93, 0.2965, 9.418
13.94, 0.2970, 10.25
13.95, 0.2975, 11.57
13.96, 0.2980, 11.01
13.97, 0.2985, 8.877
13.98, 0.2990, 9.449
13.99, 0.2995, 10.53
14.00, 0.3000, 13.03
14.01, 0.3005, 11.10
14.02, 0.3010, 8.925
14.03, 0.3015, 9.523
14.04, 0.3020, 11.85
14.05, 0.3025, 12.31
14.06, 0.3030, 12.69
14.07, 0.3035, 9.025
14.08, 0.3040, 10.15
14.09, 0.3045, 11.72
14.10, 0.3050, 12.35
14.11, 0.3055, 14.05
14.12, 0.3060, 8.643
14.13, 0.3065, 9.919
14.14, 0.3070, 10.75
14.15, 0.3075, 13.46
14.16, 0.3080, 14.53
14.17, 0.3085, 8.887
14.18, 0.3090, 10.02
14.19, 0.3095, 11.70
14.20, 0.3100, 11.62
14.21, 0.3105, 14.41
14.22, 0.3110, 8.739
14.23, 0.3115, 10.45
14.24, 0.3120, 12.06
14.25, 0.3125, 14.00
14.26, 0.3130, 13.99
14.27, 0.3135, 9.085
14.28, 0.3140, 10.47
14.29, 0.3145, 12.59
14.30, 0.3150, 12.62
14.31, 0.3155, 12.16
14.32, 0.3160, 8.676
14.33, 0.3165, 10.56
14.34, 0.3170, 11.45
14.35, 0.3175, 12.13
14.36, 0.3180, 12.44
14.37, 0.3185, 9.301
14.38, 0.3190, 9.403
14.39, 0.3195, 10.53
14.40, 0.3200, 13.06
14.41, 0.3205, 11.91
14.42, 0.3210, 8.914
14.43, 0.3215, 10.90
14.44, 0.3220, 11.67
14.45, 0.3225, 11.81
14.46, 0.3230, 12.60
14.47, 0.3235, 8.318
14.48, 0.3240, 11.19
14.49, 0.3245, 13.19
14.50, 0.3250, 13.57
14.51, 0.3255, 13.75
14.52, 0.3260, 8.526
14.53, 0.3265, 10.42
14.54, 0.3270, 12.80
14.55, 0.3275, 13.29
14.56, 0.3280, 14.18
14.57, 0.3285, 8.346
14.58, 0.3290, 11.28
14.59, 0.3295, 13.18
14.60, 0.3300, 13.25
14.61, 0.3305, 13.56
14.62, 0.3310, 8.316
14.63, 0.3315, 11.21
14.64, 0.3320, 12.52
14.65, 0.3325, 12.74
14.66, 0.3330, 13.42
14.67, 0.3335, 8.581
14.68, 0.3340, 11.39
14.69, 0.3345, 13.36
14.70, 0.3350, 14.75
14.71, 0.3355, 14.93
14.72, 0.3360, 8.207
14.73, 0.3365, 11.78
14.74, 0.3370, 13.60
14.75, 0.3375, 13.35
14.76, 0.3380, 13.54
14.77, 0.3385, 8.197
14.78, 0.3390, 11.32
14.79, 0.3395, 12.90
14.80, 0.3400, 13.95
14.81, 0.3405, 15.29
14.82, 0.3410, 8.229
14.83, 0.3415, 11.96
14.84, 0.3420, 13.40
14.85, 0.3425, 14.28
14.86, 0.3430, 12.94
14.87, 0.3435, 7.857
14.88, 0.3440, 11.04
14.89, 0.3445, 12.70
14.90, 0.3450, 14.64
14.91, 0.3455, 12.66
14.92, 0.3460, 8.082
14.93, 0.3465, 11.17
14.94, 0.3470, 11.40
14.95, 0.3475, 13.22
14.96, 0.3480, 14.42
14.97, 0.3485, 8.380
14.98, 0.3490, 11.76
14.99, 0.3495, 14.92
15.00, 0.3500, 12.38
15.01, 0.3505, 12.00
15.02, 0.3510, 7.646
15.03, 0.3515, 11.47
15.04, 0.3520, 14.37
15.05, 0.3525, 16.42
15.06, 0.3530, 15.29
15.07, 0.3535, 8.447
15.08, 0.3540, 12.65
15.09, 0.3545, 14.18
15.10, 0.3550, 12.83
15.11, 0.3555, 14.23
15.12, 0.3560, 8.344
15.13, 0.3565, 12.22
15.14, 0.3570, 13.93
15.15, 0.3575, 15.59
15.16, 0.3580, 14.54
15.17, 0.3585, 8.073
15.18, 0.3590, 12.28
15.19, 0.3595, 14.29
15.20, 0.3600, 15.67
15.21, 0.3605, 15.36
15.22, 0.3610, 7.959
15.23, 0.3615, 12.64
15.24, 0.3620, 14.15
15.25, 0.3625, 14.09
15.26, 0.3630, 13.76
15.27, 0.3635, 7.706
15.28, 0.3640, 13.31
15.29, 0.3645, 15.76
15.30, 0.3650, 15.07
15.31, 0.3655, 14.68
15.32, 0.3660, 7.744
15.33, 0.3665, 13.29
15.34, 0.3670, 14.38
15.35, 0.3675, 13.10
15.36, 0.3680, 14.22
15.37, 0.3685, 8.283
15.38, 0.3690, 11.78
15.39, 0.3695, 11.26
15.40, 0.3700, 15.39
15.41, 0.3705, 13.25
15.42, 0.3710, 7.809
15.43, 0.3715, 14.29
15.44, 0.3720, 15.19
15.45, 0.3725, 13.32
15.46, 0.3730, 13.43
15.47, 0.3735, 8.053
15.48, 0.3740, 13.88
15.49, 0.3745, 16.14
15.50, 0.3750, 14.67
15.51, 0.3755, 11.51
15.52, 0.3760, 8.399
15.53, 0.3765, 14.65
15.54, 0.3770, 13.77
15.55, 0.3775, 12.66
15.56, 0.3780, 12.54
15.57, 0.3785, 7.310
15.58, 0.3790, 14.98
15.59, 0.3795, 15.67
15.60, 0.3800, 16.24
15.61, 0.3805, 16.40
15.62, 0.3810, 7.470
15.63, 0.3815, 14.45
15.64, 0.3820, 15.64
15.65, 0.3825, 15.36
15.66, 0.3830, 15.20
15.67, 0.3835, 7.291
15.68, 0.3840, 14.44
15.69, 0.3845, 15.76
15.70, 0.3850, 14.64
15.71, 0.3855, 16.85
15.72, 0.3860, 7.420
15.73, 0.3865, 14.64
15.74, 0.3870, 14.97
15.75, 0.3875, 14.53
15.76, 0.3880, 15.08
15.77, 0.3885, 7.256
15.78, 0.3890, 14.57
15.79, 0.3895, 16.58
15.80, 0.3900, 15.38
15.81, 0.3905, 16.11
15.82, 0.3910, 7.464
15.83, 0.3915, 15.59
15.84, 0.3920, 16.55
15.85, 0.3925, 15.17
15.86, 0.3930, 16.05
15.87, 0.3935, 7.381
15.88, 0.3940, 15.49
15.89, 0.3945, 17.25
15.90, 0.3950, 15.74
15.91, 0.3955, 16.29
15.92, 0.3960, 7.341
15.93, 0.3965, 14.65
15.94, 0.3970, 14.69
15.95, 0.3975, 15.20
15.96, 0.3980, 13.66
15.97, 0.3985, 7.687
15.98, 0.3990, 14.22
15.99, 0.3995, 14.60
16.00, 0.4000, 14.14
16.01, 0.3995, 16.07
16.02, 0.3990, 8.222
16.03, 0.3985, 15.40
16.04, 0.3980, 15.83
16.05, 0.3975, 16.62
16.06, 0.3970, 13.59
16.07, 0.3965, 6.710
16.08, 0.3960, 15.06
16.09, 0.3955, 15.96
16.10, 0.3950, 14.72
16.11, 0.3945, 15.75
16.12, 0.3940, 7.201
16.13, 0.3935, 14.18
16.14, 0.3930, 15.74
16.15, 0.3925, 14.88
16.16, 0.3920, 14.41
16.17, 0.3915, 6.695
16.18, 0.3910, 14.27
16.19, 0.3905, 16.62
16.20, 0.3900, 13.57
16.21, 0.3895, 13.95
16.22, 0.3890, 6.650
16.23, 0.3885, 13.55
16.24, 0.3880, 14.99
16.25, 0.3875, 13.90
16.26, 0.3870, 14.09
16.27, 0.3865, 6.116
16.28, 0.3860, 13.15
16.29, 0.3855, 15.41
16.30, 0.3850, 12.22
16.31, 0.3845, 14.35
16.32, 0.3840, 6.370
16.33, 0.3835, 11.89
16.34, 0.3830, 14.97
16.35, 0.3825, 14.75
16.36, 0.3820, 13.54
16.37, 0.3815, 6.157
16.38, 0.3810, 13.09
16.39, 0.3805, 13.74
16.40, 0.3800, 12.35
16.41, 0.3795, 12.51
16.42, 0.3790, 6.422
16.43, 0.3785, 11.68
16.44, 0.3780, 11.22
16.45, 0.3775, 11.02
16.46, 0.3770, 11.72
16.47, 0.3765, 5.787
16.48, 0.3760, 11.43
16.49, 0.3755, 13.16
16.50, 0.3750, 13.93
16.51, 0.3745, 13.08
16.52, 0.3740, 5.611
16.53, 0.3735, 12.24
16.54, 0.3730, 12.12
16.55, 0.3725, 11.61
16.56, 0.3720, 11.86
16.57, 0.3715, 5.602
16.58, 0.3710, 13.84
16.59, 0.3705, 14.62
16.60, 0.3700, 13.26
16.61, 0.3695, 12.74
16.62, 0.3690, 5.346
16.63, 0.3685, 12.29
16.64, 0.3680, 12.44
16.65, 0.3675, 11.10
16.66, 0.3670, 12.06
16.67, 0.3665, 5.413
16.68, 0.3660, 13.05
16.69, 0.3655, 12.66
16.70, 0.3650, 11.96
16.71, 0.3645, 12.37
16.72, 0.3640, 5.252
16.73, 0.3635, 12.00
16.74, 0.3630, 12.16
16.75, 0.3625, 10.69
16.76, 0.3620, 10.36
16.77, 0.3615, 5.152
16.78, 0.3610, 11.29
16.79, 0.3605, 12.64
16.80, 0.3600, 12.11
16.81, 0.3595, 11.05
16.82, 0.3590, 4.982
16.83, 0.3585, 11.34
16.84, 0.3580, 11.67
16.85, 0.3575, 9.574
16.86, 0.3570, 10.94
16.87, 0.3565, 5.186
16.88, 0.3560, 11.52
16.89, 0.3555, 8.184
16.90, 0.3550, 12.11
16.91, 0.3545, 10.27
16.92, 0.3540, 5.283
16.93, 0.3535, 10.42
16.94, 0.3530, 10.64
16.95, 0.3525, 9.714
16.96, 0.3520, 8.917
16.97, 0.3515, 4.887
16.98, 0.3510, 9.152
16.99, 0.3505, 10.64
17.00, 0.3500, 10.15
17.01, 0.3495, 8.320
17.02, 0.3490, 4.806
17.03, 0.3485, 9.333
17.04, 0.3480, 10.04
17.05, 0.3475, 8.834
17.06, 0.3470, 9.245
17.07, 0.3465, 5.139
17.08, 0.3460, 9.771
17.09, 0.3455, 10.32
17.10, 0.3450, 9.477
17.11, 0.3445, 8.484
17.12, 0.3440, 4.705
17.13, 0.3435, 9.054
17.14, 0.3430, 10.62
17.15, 0.3425, 10.07
17.16, 0.3420, 9.769
17.17, 0.3415, 5.066
17.18, 0.3410, 10.13
17.19, 0.3405, 11.16
17.20, 0.3400, 8.048
17.21, 0.3395, 8.442
17.22, 0.3390, 4.645
17.23, 0.3385, 9.707
17.24, 0.3380, 11.64
17.25, 0.3375, 9.224
17.26, 0.3370, 8.326
17.27, 0.3365, 4.794
17.28, 0.3360, 9.609
17.29, 0.3355, 9.166
17.30, 0.3350, 10.39
17.31, 0.3345, 8.560
17.32, 0.3340, 4.671
17.33, 0.3335, 9.746
17.34, 0.3330, 11.47
17.35, 0.3325, 8.742
17.36, 0.3320, 7.975
17.37, 0.3315, 4.498
17.38, 0.3310, 8.875
17.39, 0.3305, 8.403
17.40, 0.3300, 8.331
17.41, 0.3295, 9.172
17.42, 0.3290, 4.353
17.43, 0.3285, 8.309
17.44, 0.3280, 7.700
17.45, 0.3275, 8.331
17.46, 0.3270, 7.396
17.47, 0.3265, 4.438
17.48, 0.3260, 7.766
17.49, 0.3255, 8.357
17.50, 0.3250, 7.929
17.51, 0.3245, 7.864
17.52, 0.3240, 4.240
17.53, 0.3235, 9.060
17.54, 0.3230, 10.14
17.55, 0.3225, 9.379
17.56, 0.3220, 8.434
17.57, 0.3215, 4.443
17.58, 0.3210, 9.366
17.59, 0.3205, 8.346
17.60, 0.3200, 7.452
17.61, 0.3195, 7.258
17.62, 0.3190, 4.132
17.63, 0.3185, 7.321
17.64, 0.3180, 9.992
17.65, 0.3175, 7.645
17.66, 0.3170, 7.426
17.67, 0.3165, 4.129
17.68, 0.3160, 8.082
17.69, 0.3155, 9.588
17.70, 0.3150, 7.292
17.71, 0.3145, 6.988
17.72, 0.3140, 4.191
17.73, 0.3135, 8.934
17.74, 0.3130, 7.795
17.75, 0.3125, 6.750
17.76, 0.3120, 7.155
17.77, 0.3115, 4.077
17.78, 0.3110, 7.925
17.79, 0.3105, 9.618
17.80, 0.3100, 6.943
17.81, 0.3095, 6.825
17.82, 0.3090, 4.170
17.83, 0.3085, 8.075
17.84, 0.3080, 7.450
17.85, 0.3075, 6.490
17.86, 0.3070, 6.354
17.87, 0.3065, 4.104
17.88, 0.3060, 7.973
17.89, 0.3055, 7.647
17.90, 0.3050, 6.947
17.91, 0.3045, 6.543
17.92, 0.3040, 3.985
17.93, 0.3035, 8.169
17.94, 0.3030, 8.092
17.95, 0.3025, 6.097
17.96, 0.3020, 5.867
17.97, 0.3015, 3.840
17.98, 0.3010, 7.551
17.99, 0.3005, 7.893
18.00, 0.3000, 6.850
18.01, 0.2995, 5.285
18.02, 0.2990, 3.797
18.03, 0.2985, 5.800
18.04, 0.2980, 7.153
18.05, 0.2975, 5.192
18.06, 0.2970, 5.202
18.07, 0.2965, 4.052
18.08, 0.2960, 6.254
18.09, 0.2955, 8.375
18.10, 0.2950, 5.895
18.11, 0.2945, 5.776
18.12, 0.2940, 4.169
18.13, 0.2935, 8.014
18.14, 0.2930, 8.995
18.15, 0.2925, 6.387
18.16, 0.2920, 5.009
18.17, 0.2915, 4.026
18.18, 0.2910, 6.765
18.19, 0.2905, 7.136
18.20, 0.2900, 5.578
18.21, 0.2895, 5.403
18.22, 0.2890, 3.980
18.23, 0.2885, 7.170
18.24, 0.2880, 7.968
18.25, 0.2875, 6.834
18.26, 0.2870, 5.222
18.27, 0.2865, 3.892
18.28, 0.2860, 6.671
18.29, 0.2855, 6.667
18.30, 0.2850, 5.758
18.31, 0.2845, 5.741
18.32, 0.2840, 3.850
18.33, 0.2835, 6.203
18.34, 0.2830, 8.108
18.35, 0.2825, 5.624
18.36, 0.2820, 4.856
18.37, 0.2815, 3.655
18.38, 0.2810, 6.620
18.39, 0.2805, 7.286
18.40, 0.2800, 5.605
18.41, 0.2795, 4.894
18.42, 0.2790, 3.886
18.43, 0.2785, 4.541
18.44, 0.2780, 6.362
18.45, 0.2775, 6.552
18.46, 0.2770, 4.710
18.47, 0.2765, 3.679
18.48, 0.2760, 5.317
18.49, 0.2755, 5.401
18.50, 0.2750, 5.102
18.51, 0.2745, 3.784
18.52, 0.2740, 3.710
18.53, 0.2735, 5.641
18.54, 0.2730, 7.263
18.55, 0.2725, 5.341
18.56, 0.2720, 4.191
18.57, 0.2715, 3.423
18.58, 0.2710, 6.454
18.59, 0.2705, 7.320
18.60, 0.2700, 6.304
18.61, 0.2695, 4.761
18.62, 0.2690, 3.317
18.63, 0.2685, 5.734
18.64, 0.2680, 6.345
18.65, 0.2675, 4.725
18.66, 0.2670, 4.336
18.67, 0.2665, 3.478
18.68, 0.2660, 5.763
18.69, 0.2655, 6.920
18.70, 0.2650, 5.349
18.71, 0.2645, 4.309
18.72, 0.2640, 3.368
18.73, 0.2635, 5.573
18.74, 0.2630, 5.343
18.75, 0.2625, 4.188
18.76, 0.2620, 4.001
18.77, 0.2615, 3.295
18.78, 0.2610, 5.481
18.79, 0.2605, 5.139
18.80, 0.2600, 4.623
18.81, 0.2595, 4.174
18.82, 0.2590, 3.334
18.83, 0.2585, 5.154
18.84, 0.2580, 6.107
18.85, 0.2575, 4.247
18.86, 0.2570, 3.928
18.87, 0.2565, 3.359
18.88, 0.2560, 5.450
18.89, 0.2555, 6.365
18.90, 0.2550, 3.935
18.91, 0.2545, 3.837
18.92, 0.2540, 3.186
18.93, 0.2535, 4.819
18.94, 0.2530, 5.238
18.95, 0.2525, 4.079
18.96, 0.2520, 3.711
18.97, 0.2515, 3.097
18.98, 0.2510, 4.794
18.99, 0.2505, 5.556
19.00, 0.2500, 4.265
19.01, 0.2495, 3.853
19.02, 0.2490, 3.090
19.03, 0.2485, 4.475
19.04, 0.2480, 4.971
19.05, 0.2475, 3.917
19.06, 0.2470, 3.369
19.07, 0.2465, 3.029
19.08, 0.2460, 4.417
19.09, 0.2455, 4.631
19.10, 0.2450, 3.573
19.11, 0.2445, 3.163
19.12, 0.2440, 2.902
19.13, 0.2435, 4.708
19.14, 0.2430, 5.248
19.15, 0.2425, 3.978
19.16, 0.2420, 3.741
19.17, 0.2415, 3.311
19.18, 0.2410, 4.714
19.19, 0.2405, 4.988
19.20, 0.2400, 4.179
19.21, 0.2395, 3.178
19.22, 0.2390, 2.935
19.23, 0.2385, 4.468
19.24, 0.2380, 5.312
19.25, 0.2375, 3.638
19.26, 0.2370, 3.234
19.27, 0.2365, 2.996
19.28, 0.2360, 4.539
19.29, 0.2355, 5.161
19.30, 0.2350, 3.891
19.31, 0.2345, 3.024
19.32, 0.2340, 2.901
19.33, 0.2335, 4.528
19.34, 0.2330, 4.066
19.35, 0.2325, 3.228
19.36, 0.2320, 3.029
19.37, 0.2315, 2.804
19.38, 0.2310, 4.531
19.39, 0.2305, 4.196
19.40, 0.2300, 3.790
19.41, 0.2295, 2.959
19.42, 0.2290, 2.800
19.43, 0.2285, 4.127
19.44, 0.2280, 4.183
19.45, 0.2275, 3.364
19.46, 0.2270, 2.986
19.47, 0.2265, 2.488
19.48, 0.2260, 2.932
19.49, 0.2255, 3.620
19.50, 0.2250, 3.352
19.51, 0.2245, 2.708
19.52, 0.2240, 2.589
19.53, 0.2235, 3.406
19.54, 0.2230, 3.650
19.55, 0.2225, 3.129
19.56, 0.2220, 2.825
19.57, 0.2215, 2.920
19.58, 0.2210, 3.998
19.59, 0.2205, 4.129
19.60, 0.2200, 2.761
19.61, 0.2195, 2.668
19.62, 0.2190, 2.501
19.63, 0.2185, 3.696
19.64, 0.2180, 4.559
19.65, 0.2175, 2.909
19.66, 0.2170, 2.691
19.67, 0.2165, 2.494
19.68, 0.2160, 3.964
19.69, 0.2155, 4.683
19.70, 0.2150, 2.860
19.71, 0.2145, 2.679
19.72, 0.2140, 2.329
19.73, 0.2135, 4.018
19.74, 0.2130, 3.482
19.75, 0.2125, 2.584
19.76, 0.2120, 2.478
19.77, 0.2115, 2.336
19.78, 0.2110, 3.445
19.79, 0.2105, 3.501
19.80, 0.2100, 2.973
19.81, 0.2095, 2.445
19.82, 0.2090, 2.336
19.83, 0.2085, 3.719
19.84, 0.2080, 4.448
19.85, 0.2075, 2.596
19.86, 0.2070, 2.516
19.87, 0.2065, 2.409
19.88, 0.2060, 3.854
19.89, 0.2055, 3.779
19.90, 0.2050, 2.500
19.91, 0.2045, 2.405
19.92, 0.2040, 2.337
19.93, 0.2035, 3.596
19.94, 0.2030, 3.138
19.95, 0.2025, 2.529
19.96, 0.2020, 2.288
19.97, 0.2015, 2.272
19.98, 0.2010, 3.063
19.99, 0.2005, 3.429
20.00, 0.2000, 2.578
20.01, 0.1995, 2.419
20.02, 0.1990, 2.173
20.03, 0.1985, 3.115
20.04, 0.1980, 3.987
20.05, 0.1975, 2.412
20.06, 0.1970, 2.201
20.07, 0.1965, 2.160
20.08, 0.1960, 3.193
20.09, 0.1955, 2.899
20.10, 0.1950, 2.143
20.11, 0.1945, 2.013
20.12, 0.1940, 1.966
20.13, 0.1935, 2.589
20.14, 0.1930, 2.958
20.15, 0.1925, 2.050
20.16, 0.1920, 1.921
20.17, 0.1915, 1.936
20.18, 0.1910, 2.870
20.19, 0.1905, 3.420
20.20, 0.1900, 2.190
20.21, 0.1895, 2.058
20.22, 0.1890, 1.961
20.23, 0.1885, 3.019
20.24, 0.1880, 2.600
20.25, 0.1875, 2.053
20.26, 0.1870, 1.912
20.27, 0.1865, 1.973
20.28, 0.1860, 3.124
20.29, 0.1855, 3.415
20.30, 0.1850, 2.067
20.31, 0.1845, 1.962
20.32, 0.1840, 1.929
20.33, 0.1835, 2.612
20.34, 0.1830, 2.786
20.35, 0.1825, 2.120
20.36, 0.1820, 1.946
20.37, 0.1815, 1.939
20.38, 0.1810, 2.688
20.39, 0.1805, 3.023
20.40, 0.1800, 1.984
20.41, 0.1795, 1.869
20.42, 0.1790, 1.814
20.43, 0.1785, 2.786
20.44, 0.1780, 2.851
20.45, 0.1775, 2.112
20.46, 0.1770, 1.814
20.47, 0.1765, 1.729
20.48, 0.1760, 2.738
20.49, 0.1755, 2.737
20.50, 0.1750, 1.784
20.51, 0.1745, 1.582
20.52, 0.1740, 1.716
20.53, 0.1735, 2.144
20.54, 0.1730, 2.582
20.55, 0.1725, 1.733
20.56, 0.1720, 1.559
20.57, 0.1715, 1.626
20.58, 0.1710, 2.186
20.59, 0.1705, 3.059
20.60, 0.1700, 1.866
20.61, 0.1695, 1.590
20.62, 0.1690, 1.571
20.63, 0.1685, 2.449
20.64, 0.1680, 2.439
20.65, 0.1675, 1.691
20.66, 0.1670, 1.525
20.67, 0.1665, 1.566
20.68, 0.1660, 2.429
20.69, 0.1655, 2.554
20.70, 0.1650, 1.705
20.71, 0.1645, 1.590
20.72, 0.1640, 1.530
20.73, 0.1635, 2.460
20.74, 0.1630, 2.412
20.75, 0.1625, 1.603
20.76, 0.1620, 1.481
20.77, 0.1615, 1.451
20.78, 0.1610, 2.149
20.79, 0.1605, 2.700
20.80, 0.1600, 1.635
20.81, 0.1595, 1.498
20.82, 0.1590, 1.430
20.83, 0.1585, 2.211
20.84, 0.1580, 2.584
20.85, 0.1575, 1.509
20.86, 0.1570, 1.399
20.87, 0.1565, 1.390
20.88, 0.1560, 1.943
20.89, 0.1555, 2.041
20.90, 0.1550, 1.433
20.91, 0.1545, 1.369
20.92, 0.1540, 1.236
20.93, 0.1535, 1.964
20.94, 0.1530, 1.584
20.95, 0.1525, 1.238
20.96, 0.1520, 1.281
20.97, 0.1515, 1.207
20.98, 0.1510, 2.198
20.99, 0.1505, 1.714
21.00, 0.1500, 1.369
21.01, 0.1495, 1.286
21.02, 0.1490, 1.229
21.03, 0.1485, 1.879
21.04, 0.1480, 1.723
21.05, 0.1475, 1.201
21.06, 0.1470, 1.182
21.07, 0.1465, 1.204
21.08, 0.1460, 1.718
21.09, 0.1455, 2.321
21.10, 0.1450, 1.273
21.11, 0.1445, 1.193
21.12, 0.1440, 1.108
21.13, 0.1435, 1.357
21.14, 0.1430, 1.432
21.15, 0.1425, 1.114
21.16, 0.1420, 1.188
21.17, 0.1415, 1.134
21.18, 0.1410, 1.662
21.19, 0.1405, 1.483
21.20, 0.1400, 1.097
21.21, 0.1395, 1.069
21.22, 0.1390, 1.084
21.23, 0.1385, 1.567
21.24, 0.1380, 1.667
21.25, 0.1375, 1.260
21.26, 0.1370, 1.141
21.27, 0.1365, 1.083
21.28, 0.1360, 1.494
21.29, 0.1355, 1.711
21.30, 0.1350, 1.028
21.31, 0.1345, 0.9740
21.32, 0.1340, 1.042
21.33, 0.1335, 1.354
21.34, 0.1330, 1.844
21.35, 0.1325, 1.001
21.36, 0.1320, 0.9158
21.37, 0.1315, 0.9446
21.38, 0.1310, 1.425
21.39, 0.1305, 1.293
21.40, 0.1300, 0.9135
21.41, 0.1295, 0.9555
21.42, 0.1290, 0.8844
21.43, 0.1285, 1.211
21.44, 0.1280, 1.183
21.45, 0.1275, 0.9558
21.46, 0.1270, 0.8616
21.47, 0.1265, 0.8577
21.48, 0.1260, 1.389
21.49, 0.1255, 1.549
21.50, 0.1250, 0.8691
21.51, 0.1245, 0.8946
21.52, 0.1240, 0.7452
21.53, 0.1235, 1.077
21.54, 0.1230, 1.013
21.55, 0.1225, 0.8315
21.56, 0.1220, 0.8568
21.57, 0.1215, 0.8278
21.58, 0.1210, 0.9242
21.59, 0.1205, 0.9801
21.60, 0.1200, 0.9236
21.61, 0.1195, 0.8074
21.62, 0.1190, 0.7876
21.63, 0.1185, 1.168
21.64, 0.1180, 1.079
21.65, 0.1175, 0.7401
21.66, 0.1170, 0.7847
21.67, 0.1165, 0.7012
21.68, 0.1160, 0.9611
21.69, 0.1155, 1.565
21.70, 0.1150, 0.7814
21.71, 0.1145, 0.7651
21.72, 0.1140, 0.5949
21.73, 0.1135, 1.083
21.74, 0.1130, 0.9177
21.75, 0.1125, 0.6709
21.76, 0.1120, 0.6849
21.77, 0.1115, 0.5618
21.78, 0.1110, 0.9872
21.79, 0.1105, 0.7690
21.80, 0.1100, 0.6253
21.81, 0.1095, 0.6046
21.82, 0.1090, 0.5259
21.83, 0.1085, 0.8793
21.84, 0.1080, 0.6983
21.85, 0.1075, 0.5812
21.86, 0.1070, 0.5270
21.87, 0.1065, 0.5425
21.88, 0.1060, 0.8897
21.89, 0.1055, 0.9254
21.90, 0.1050, 0.6127
21.91, 0.1045, 0.5562
21.92, 0.1040, 0.5348
21.93, 0.1035, 0.6630
21.94, 0.1030, 0.6837
21.95, 0.1025, 0.5420
21.96, 0.1020, 0.5857
21.97, 0.1015, 0.4523
21.98, 0.1010, 0.9772
21.99, 0.1005, 0.8253
22.00, 0.1000, 0.4768
22.01, 0.09950, 0.5148
22.02, 0.09900, 0.4685
22.03, 0.09850, 0.9044
22.04, 0.09800, 0.7608
22.05, 0.09750, 0.4768
22.06, 0.09700, 0.5336
22.07, 0.09650, 0.4267
22.08, 0.09600, 0.5936
22.09, 0.09550, 0.7317
22.10, 0.09500, 0.3922
22.11, 0.09450, 0.4853
22.12, 0.09400, 0.3686
22.13, 0.09350, 0.5509
22.14, 0.09300, 0.7181
22.15, 0.09250, 0.3796
22.16, 0.09200, 0.3983
22.17, 0.09150, 0.3121
22.18, 0.09100, 0.5326
22.19, 0.09050, 0.4008
22.20, 0.09000, 0.3008
22.21, 0.08950, 0.3538
22.22, 0.08900, 0.2817
22.23, 0.08850, 0.5245
22.24, 0.08800, 0.2857
22.25, 0.08750, 0.2476
22.26, 0.08700, 0.3082
22.27, 0.08650, 0.2852
22.28, 0.08600, 0.4344
22.29, 0.08550, 0.3684
22.30, 0.08500, 0.2357
22.31, 0.08450, 0.3414
22.32, 0.08400, 0.2491
22.33, 0.08350, 0.3467
22.34, 0.08300, 0.3673
22.35, 0.08250, 0.2443
22.36, 0.08200, 0.3236
22.37, 0.08150, 0.2866
22.38, 0.08100, 0.5016
22.39, 0.08050, 0.3402
22.40, 0.08000, 0.2659
22.41, 0.07950, 0.2893
22.42, 0.07900, 0.2218
22.43, 0.07850, 0.4608
22.44, 0.07800, 0.3095
22.45, 0.07750, 0.2093
22.46, 0.07700, 0.2698
22.47, 0.07650, 0.1778
22.48, 0.07600, 0.3089
22.49, 0.07550, 0.2841
22.50, 0.07500, 0.1719
22.51, 0.07450, 0.2397
22.52, 0.07400, 0.1640
22.53, 0.07350, 0.3082
22.54, 0.07300, 0.4480
22.55, 0.07250, 0.1585
22.56, 0.07200, 0.2065
22.57, 0.07150, 0.1113
22.58, 0.07100, 0.1958
22.59, 0.07050, 0.2092
22.60, 0.07000, 0.06195
22.61, 0.06950, 0.1480
22.62, 0.06900, 0.009035
22.63, 0.06850, 0.09941
22.64, 0.06800, 0.07099
22.65, 0.06750, 0.02396
22.66, 0.06700, 0.1479
22.67, 0.06650, 0.05934
22.68, 0.06600, 0.1280
22.69, 0.06550, 0.08443
22.70, 0.06500, 0.02361
22.71, 0.06450, 0.1032
22.72, 0.06400, 0.008939
22.73, 0.06350, 0.2030
22.74, 0.06300, 0.04041
22.75, 0.06250, 0.03537
22.76, 0.06200, 0.09410
22.77, 0.06150, -0.04189
22.78, 0.06100, 0.1320
22.79, 0.06050, 0.02327
22.80, 0.06000, -0.006573
22.81, 0.05950, 0.07005
22.82, 0.05900, -0.06449
22.83, 0.05850, 0.1070
22.84, 0.05800, 0.04839
22.85, 0.05750, -0.009142
22.86, 0.05700, 0.04180
22.87, 0.05650, -0.03067
22.88, 0.05600, 0.1107
22.89, 0.05550, 0.08964
22.90, 0.05500, -0.05341
22.91, 0.05450, -0.01093
22.92, 0.05400, -0.06152
22.93, 0.05350, 0.01984
22.94, 0.05300, -0.01954
22.95, 0.05250, -0.05138
22.96, 0.05200, -0.009582
22.97, 0.05150, -0.1589
22.98, 0.05100, 0.04337
22.99, 0.05050, -0.05815
23.00, 0.05000, -0.08467
23.01, 0.04950, -0.1158
23.02, 0.04900, -0.1838
23.03, 0.04850, -0.1345
23.04, 0.04800, -0.1225
23.05, 0.04750, -0.1789
23.06, 0.04700, -0.1331
23.07, 0.04650, -0.2287
23.08, 0.04600, -0.1426
23.09, 0.04550, -0.1427
23.10, 0.04500, -0.1599
23.11, 0.04450, -0.1643
23.12, 0.04400, -0.2550
23.13, 0.04350, -0.1081
23.14, 0.04300, -0.08386
23.15, 0.04250, -0.2341
23.16, 0.04200, -0.2075
23.17, 0.04150, -0.2507
23.18, 0.04100, -0.1260
23.19, 0.04050, -0.1836
23.20, 0.04000, -0.2229
23.21, 0.03950, -0.1800
23.22, 0.03900, -0.3169
23.23, 0.03850, -0.1571
23.24, 0.03800, -0.1722
23.25, 0.03750, -0.2110
23.26, 0.03700, -0.2154
23.27, 0.03650, -0.2995
23.28, 0.03600, -0.2411
23.29, 0.03550, -0.2112
23.30, 0.03500, -0.2707
23.31, 0.03450, -0.2089
23.32, 0.03400, -0.2567
23.33, 0.03350, -0.08136
23.34, 0.03300, -0.2570
23.35, 0.03250, -0.3086
23.36, 0.03200, -0.2707
23.37, 0.03150, -0.3262
23.38, 0.03100, -0.2300
23.39, 0.03050, -0.2604
23.40, 0.03000, -0.3347
23.41, 0.02950, -0.3007
23.42, 0.02900, -0.3994
23.43, 0.02850, -0.3434
23.44, 0.02800, -0.3386
23.45, 0.02750, -0.4558
23.46, 0.02700, -0.3271
23.47, 0.02650, -0.4426
23.48, 0.02600, -0.3672
23.49, 0.02550, -0.3945
23.50, 0.02500, -0.4164
23.51, 0.02450, -0.4115
23.52, 0.02400, -0.4972
23.53, 0.02350, -0.3034
23.54, 0.02300, -0.3745
23.55, 0.02250, -0.4965
23.56, 0.02200, -0.4281
23.57, 0.02150, -0.4984
23.58, 0.02100, -0.3804
23.59, 0.02050, -0.4472
23.60, 0.02000, -0.4895
23.61, 0.01950, -0.4419
23.62, 0.01900, -0.4967
23.63, 0.01850, -0.4414
23.64, 0.01800, -0.4531
23.65, 0.01750, -0.4964
23.66, 0.01700, -0.4525
23.67, 0.01650, -0.4889
23.68, 0.01600, -0.4273
23.69, 0.01550, -0.4503
23.70, 0.01500, -0.5091
23.71, 0.01450, -0.5089
23.72, 0.01400, -0.5831
23.73, 0.01350, -0.4552
23.74, 0.01300, -0.5458
23.75, 0.01250, -0.5939
23.76, 0.01200, -0.4500
23.77, 0.01150, -0.5805
23.78, 0.01100, -0.4403
23.79, 0.01050, -0.5104
23.80, 0.01000, -0.5620
23.81, 0.009500, -0.5427
23.82, 0.009000, -0.6174
23.83, 0.008500, -0.5855
23.84, 0.008000, -0.6025
23.85, 0.007500, -0.6550
23.86, 0.007000, -0.5741
23.87, 0.006500, -0.6923
23.88, 0.006000, -0.5799
23.89, 0.005500, -0.6613
23.90, 0.005000, -0.6764
23.91, 0.004500, -0.6561
23.92, 0.004000, -0.7461
23.93, 0.003500, -0.6711
23.94, 0.003000, -0.6992
23.95, 0.002500, -0.7599
23.96, 0.002000, -0.7092
23.97, 0.001500, -0.6819
23.98, 0.001000, -0.6794
23.99, 0.0005000, -0.7456
24.00, 0.000, -0.7669
24.01, -0.0005000, -0.6450
24.02, -0.001000, -0.7495
24.03, -0.001500, -0.7142
24.04, -0.002000, -0.7356
24.05, -0.002500, -0.7313
24.06, -0.003000, -0.6678
24.07, -0.003500, -0.8243
24.08, -0.004000, -0.7275
24.09, -0.004500, -0.7546
24.10, -0.005000, -0.7689
24.11, -0.005500, -0.7482
24.12, -0.006000, -0.8142
24.13, -0.006500, -0.7443
24.14, -0.007000, -0.7334
24.15, -0.007500, -0.7207
24.16, -0.008000, -0.7368
24.17, -0.008500, -0.8250
24.18, -0.009000, -0.7340
24.19, -0.009500, -0.7938
24.20, -0.01000, -0.8117
24.21, -0.01050, -0.7330
24.22, -0.01100, -0.8639
24.23, -0.01150, -0.8103
24.24, -0.01200, -0.7642
24.25, -0.01250, -0.8758
24.26, -0.01300, -0.8285
24.27, -0.01350, -0.9454
24.28, -0.01400, -0.8594
24.29, -0.01450, -0.8865
24.30, -0.01500, -0.9426
24.31, -0.01550, -0.8447
24.32, -0.01600, -1.029
24.33, -0.01650, -0.9428
24.34, -0.01700, -0.8850
24.35, -0.01750, -0.9379
24.36, -0.01800, -0.8892
24.37, -0.01850, -0.9895
24.38, -0.01900, -0.9682
24.39, -0.01950, -0.9275
24.40, -0.02000, -1.039
24.41, -0.02050, -0.9606
24.42, -0.02100, -1.013
24.43, -0.02150, -0.9392
24.44, -0.02200, -0.9742
24.45, -0.02250, -0.9748
24.46, -0.02300, -0.9424
24.47, -0.02350, -1.018
24.48, -0.02400, -0.9479
24.49, -0.02450, -0.9663
24.50, -0.02500, -1.017
24.51, -0.02550, -0.9522
24.52, -0.02600, -1.040
24.53, -0.02650, -0.9784
24.54, -0.02700, -1.009
24.55, -0.02750, -1.007
24.56, -0.02800, -0.9638
24.57, -0.02850, -1.138
24.58, -0.02900, -1.008
24.59, -0.02950, -1.043
24.60, -0.03000, -1.031
24.61, -0.03050, -1.016
24.62, -0.03100, -1.110
24.63, -0.03150, -1.043
24.64, -0.03200, -1.053
24.65, -0.03250, -1.096
24.66, -0.03300, -1.017
24.67, -0.03350, -1.101
24.68, -0.03400, -1.132
24.69, -0.03450, -1.096
24.70, -0.03500, -1.146
24.71, -0.03550, -1.064
24.72, -0.03600, -1.235
24.73, -0.03650, -1.162
24.74, -0.03700, -1.159
24.75, -0.03750, -1.197
24.76, -0.03800, -1.174
24.77, -0.03850, -1.278
24.78, -0.03900, -1.232
24.79, -0.03950, -1.241
24.80, -0.04000, -1.264
24.81, -0.04050, -1.176
24.82, -0.04100, -1.249
24.83, -0.04150, -1.176
24.84, -0.04200, -1.251
24.85, -0.04250, -1.256
24.86, -0.04300, -1.141
24.87, -0.04350, -1.234
24.88, -0.04400, -1.191
24.89, -0.04450, -1.268
24.90, -0.04500, -1.259
24.91, -0.04550, -1.187
24.92, -0.04600, -1.307
24.93, -0.04650, -1.271
24.94, -0.04700, -1.247
24.95, -0.04750, -1.282
24.96, -0.04800, -1.217
24.97, -0.04850, -1.348
24.98, -0.04900, -1.275
24.99, -0.04950, -1.279
25.00, -0.05000, -1.362
25.01, -0.05050, -1.236
25.02, -0.05100, -1.354
25.03, -0.05150, -1.257
25.04, -0.05200, -1.305
25.05, -0.05250, -1.339
25.06, -0.05300, -1.235
25.07, -0.05350, -1.400
25.08, -0.05400, -1.369
25.09, -0.05450, -1.345
25.10, -0.05500, -1.413
25.11, -0.05550, -1.320
25.12, -0.05600, -1.409
25.13, -0.05650, -1.431
25.14, -0.05700, -1.457
25.15, -0.05750, -1.423
25.16, -0.05800, -1.340
25.17, -0.05850, -1.536
25.18, -0.05900, -1.437
25.19, -0.05950, -1.442
25.20, -0.06000, -1.478
25.21, -0.06050, -1.418
25.22, -0.06100, -1.528
25.23, -0.06150, -1.476
25.24, -0.06200, -1.454
25.25, -0.06250, -1.490
25.26, -0.06300, -1.427
25.27, -0.06350, -1.506
25.28, -0.06400, -1.498
25.29, -0.06450, -1.429
25.30, -0.06500, -1.477
25.31, -0.06550, -1.408
25.32, -0.06600, -1.556
25.33, -0.06650, -1.501
25.34, -0.06700, -1.454
25.35, -0.06750, -1.514
25.36, -0.06800, -1.472
25.37, -0.06850, -1.574
25.38, -0.06900, -1.484
25.39, -0.06950, -1.492
25.40, -0.07000, -1.540
25.41, -0.07050, -1.441
25.42, -0.07100, -1.568
25.43, -0.07150, -1.555
25.44, -0.07200, -1.533
25.45, -0.07250, -1.554
25.46, -0.07300, -1.522
25.47, -0.07350, -1.592
25.48, -0.07400, -1.541
25.49, -0.07450, -1.563
25.50, -0.07500, -1.620
25.51, -0.07550, -1.515
25.52, -0.07600, -1.665
25.53, -0.07650, -1.650
25.54, -0.07700, -1.628
25.55, -0.07750, -1.685
25.56, -0.07800, -1.559
25.57, -0.07850, -1.706
25.58, -0.07900, -1.686
25.59, -0.07950, -1.663
25.60, -0.08000, -1.697
25.61, -0.08050, -1.658
25.62, -0.08100, -1.733
25.63, -0.08150, -1.701
25.64, -0.08200, -1.671
25.65, -0.08250, -1.770
25.66, -0.08300, -1.664
25.67, -0.08350, -1.771
25.68, -0.08400, -1.693
25.69, -0.08450, -1.649
25.70, -0.08500, -1.743
25.71, -0.08550, -1.663
25.72, -0.08600, -1.736
25.73, -0.08650, -1.715
25.74, -0.08700, -1.702
25.75, -0.08750, -1.776
25.76, -0.08800, -1.663
25.77, -0.08850, -1.807
25.78, -0.08900, -1.758
25.79, -0.08950, -1.702
25.80, -0.09000, -1.756
25.81, -0.09050, -1.683
25.82, -0.09100, -1.797
25.83, -0.09150, -1.741
25.84, -0.09200, -1.710
25.85, -0.09250, -1.795
25.86, -0.09300, -1.748
25.87, -0.09350, -1.799
25.88, -0.09400, -1.746
25.89, -0.09450, -1.760
25.90, -0.09500, -1.811
25.91, -0.09550, -1.735
25.92, -0.09600, -1.837
25.93, -0.09650, -1.793
25.94, -0.09700, -1.842
25.95, -0.09750, -1.899
25.96, -0.09800, -1.795
25.97, -0.09850, -1.914
25.98, -0.09900, -1.923
25.99, -0.09950, -1.852
26.00, -0.1000, -1.943
26.01, -0.1005, -1.906
26.02, -0.1010, -1.950
26.03, -0.1015, -1.929
26.04, -0.1020, -1.915
26.05, -0.1025, -1.946
26.06, -0.1030, -1.871
26.07, -0.1035, -1.913
26.08, -0.1040, -1.942
26.09, -0.1045, -1.914
26.10, -0.1050, -1.975
26.11, -0.1055, -1.897
26.12, -0.1060, -1.944
26.13, -0.1065, -1.920
26.14, -0.1070, -1.884
26.15, -0.1075, -1.983
26.16, -0.1080, -1.917
26.17, -0.1085, -2.010
26.18, -0.1090, -1.966
26.19, -0.1095, -1.953
26.20, -0.1100, -2.019
26.21, -0.1105, -1.928
26.22, -0.1110, -1.977
26.23, -0.1115, -1.972
26.24, -0.1120, -1.952
26.25, -0.1125, -2.056
26.26, -0.1130, -1.893
26.27, -0.1135, -2.013
26.28, -0.1140, -1.960
26.29, -0.1145, -1.955
26.30, -0.1150, -1.989
26.31, -0.1155, -1.909
26.32, -0.1160, -1.987
26.33, -0.1165, -2.008
26.34, -0.1170, -1.980
26.35, -0.1175, -2.057
26.36, -0.1180, -2.006
26.37, -0.1185, -2.108
26.38, -0.1190, -2.045
26.39, -0.1195, -2.084
26.40, -0.1200, -2.135
26.41, -0.1205, -2.087
26.42, -0.1210, -2.167
26.43, -0.1215, -2.149
26.44, -0.1220, -2.112
26.45, -0.1225, -2.186
26.46, -0.1230, -2.057
26.47, -0.1235, -2.142
26.48, -0.1240, -2.152
26.49, -0.1245, -2.105
26.50, -0.1250, -2.135
26.51, -0.1255, -2.022
26.52, -0.1260, -2.192
26.53, -0.1265, -2.132
26.54, -0.1270, -2.136
26.55, -0.1275, -2.201
26.56, -0.1280, -2.074
26.57, -0.1285, -2.147
26.58, -0.1290, -2.135
26.59, -0.1295, -2.145
26.60, -0.1300, -2.159
26.61, -0.1305, -2.074
26.62, -0.1310, -2.212
26.63, -0.1315, -2.161
26.64, -0.1320, -2.130
26.65, -0.1325, -2.173
26.66, -0.1330, -2.093
26.67, -0.1335, -2.248
26.68, -0.1340, -2.235
26.69, -0.1345, -2.142
26.70, -0.1350, -2.193
26.71, -0.1355, -2.097
26.72, -0.1360, -2.202
26.73, -0.1365, -2.203
26.74, -0.1370, -2.152
26.75, -0.1375, -2.212
26.76, -0.1380, -2.128
26.77, -0.1385, -2.226
26.78, -0.1390, -2.251
26.79, -0.1395, -2.210
26.80, -0.1400, -2.305
26.81, -0.1405, -2.189
26.82, -0.1410, -2.300
26.83, -0.1415, -2.285
26.84, -0.1420, -2.309
26.85, -0.1425, -2.370
26.86, -0.1430, -2.239
26.87, -0.1435, -2.328
26.88, -0.1440, -2.346
26.89, -0.1445, -2.292
26.90, -0.1450, -2.341
26.91, -0.1455, -2.250
26.92, -0.1460, -2.407
26.93, -0.1465, -2.344
26.94, -0.1470, -2.277
26.95, -0.1475, -2.325
26.96, -0.1480, -2.241
26.97, -0.1485, -2.344
26.98, -0.1490, -2.360
26.99, -0.1495, -2.324
27.00, -0.1500, -2.380
27.01, -0.1505, -2.262
27.02, -0.1510, -2.321
27.03, -0.1515, -2.336
27.04, -0.1520, -2.272
27.05, -0.1525, -2.368
27.06, -0.1530, -2.290
27.07, -0.1535, -2.383
27.08, -0.1540, -2.363
27.09, -0.1545, -2.315
27.10, -0.1550, -2.412
27.11, -0.1555, -2.315
27.12, -0.1560, -2.351
27.13, -0.1565, -2.360
27.14, -0.1570, -2.349
27.15, -0.1575, -2.362
27.16, -0.1580, -2.311
27.17, -0.1585, -2.332
27.18, -0.1590, -2.369
27.19, -0.1595, -2.368
27.20, -0.1600, -2.421
27.21, -0.1605, -2.344
27.22, -0.1610, -2.397
27.23, -0.1615, -2.455
27.24, -0.1620, -2.423
27.25, -0.1625, -2.531
27.26, -0.1630, -2.422
27.27, -0.1635, -2.487
27.28, -0.1640, -2.440
27.29, -0.1645, -2.440
27.30, -0.1650, -2.502
27.31, -0.1655, -2.429
27.32, -0.1660, -2.460
27.33, -0.1665, -2.482
27.34, -0.1670, -2.427
27.35, -0.1675, -2.501
27.36, -0.1680, -2.435
27.37, -0.1685, -2.479
27.38, -0.1690, -2.429
27.39, -0.1695, -2.436
27.40, -0.1700, -2.514
27.41, -0.1705, -2.431
27.42, -0.1710, -2.492
27.43, -0.1715, -2.514
27.44, -0.1720, -2.433
27.45, -0.1725, -2.527
27.46, -0.1730, -2.446
27.47, -0.1735, -2.489
27.48, -0.1740, -2.442
27.49, -0.1745, -2.435
27.50, -0.1750, -2.503
27.51, -0.1755, -2.430
27.52, -0.1760, -2.483
27.53, -0.1765, -2.527
27.54, -0.1770, -2.453
27.55, -0.1775, -2.540
27.56, -0.1780, -2.436
27.57, -0.1785, -2.490
27.58, -0.1790, -2.448
27.59, -0.1795, -2.499
27.60, -0.1800, -2.505
27.61, -0.1805, -2.407
27.62, -0.1810, -2.520
27.63, -0.1815, -2.561
27.64, -0.1820, -2.542
27.65, -0.1825, -2.591
27.66, -0.1830, -2.522
27.67, -0.1835, -2.544
27.68, -0.1840, -2.595
27.69, -0.1845, -2.531
27.70, -0.1850, -2.611
27.71, -0.1855, -2.506
27.72, -0.1860, -2.575
27.73, -0.1865, -2.622
27.74, -0.1870, -2.543
27.75, -0.1875, -2.579
27.76, -0.1880, -2.479
27.77, -0.1885, -2.586
27.78, -0.1890, -2.606
27.79, -0.1895, -2.564
27.80, -0.1900, -2.623
27.81, -0.1905, -2.508
27.82, -0.1910, -2.608
27.83, -0.1915, -2.608
27.84, -0.1920, -2.562
27.85, -0.1925, -2.629
27.86, -0.1930, -2.559
27.87, -0.1935, -2.611
27.88, -0.1940, -2.579
27.89, -0.1945, -2.553
27.90, -0.1950, -2.632
27.91, -0.1955, -2.509
27.92, -0.1960, -2.567
27.93, -0.1965, -2.603
27.94, -0.1970, -2.567
27.95, -0.1975, -2.660
27.96, -0.1980, -2.535
27.97, -0.1985, -2.566
27.98, -0.1990, -2.631
27.99, -0.1995, -2.501
28.00, -0.2000, -2.659
28.01, -0.2005, -2.511
28.02, -0.2010, -2.572
28.03, -0.2015, -2.641
28.04, -0.2020, -2.573
28.05, -0.2025, -2.675
28.06, -0.2030, -2.581
28.07, -0.2035, -2.678
28.08, -0.2040, -2.710
28.09, -0.2045, -2.653
28.10, -0.2050, -2.715
28.11, -0.2055, -2.566
28.12, -0.2060, -2.669
28.13, -0.2065, -2.695
28.14, -0.2070, -2.647
28.15, -0.2075, -2.676
28.16, -0.2080, -2.608
28.17, -0.2085, -2.703
28.18, -0.2090, -2.622
28.19, -0.2095, -2.604
28.20, -0.2100, -2.641
28.21, -0.2105, -2.586
28.22, -0.2110, -2.662
28.23, -0.2115, -2.638
28.24, -0.2120, -2.591
28.25, -0.2125, -2.683
28.26, -0.2130, -2.585
28.27, -0.2135, -2.664
28.28, -0.2140, -2.628
28.29, -0.2145, -2.606
28.30, -0.2150, -2.661
28.31, -0.2155, -2.620
28.32, -0.2160, -2.683
28.33, -0.2165, -2.643
28.34, -0.2170, -2.590
28.35, -0.2175, -2.689
28.36, -0.2180, -2.561
28.37, -0.2185, -2.656
28.38, -0.2190, -2.651
28.39, -0.2195, -2.563
28.40, -0.2200, -2.714
28.41, -0.2205, -2.616
28.42, -0.2210, -2.625
28.43, -0.2215, -2.607
28.44, -0.2220, -2.619
28.45, -0.2225, -2.718
28.46, -0.2230, -2.620
28.47, -0.2235, -2.587
28.48, -0.2240, -2.659
28.49, -0.2245, -2.638
28.50, -0.2250, -2.761
28.51, -0.2255, -2.652
28.52, -0.2260, -2.688
28.53, -0.2265, -2.689
28.54, -0.2270, -2.673
28.55, -0.2275, -2.763
28.56, -0.2280, -2.675
28.57, -0.2285, -2.749
28.58, -0.2290, -2.645
28.59, -0.2295, -2.602
28.60, -0.2300, -2.709
28.61, -0.2305, -2.605
28.62, -0.2310, -2.682
28.63, -0.2315, -2.707
28.64, -0.2320, -2.603
28.65, -0.2325, -2.683
28.66, -0.2330, -2.654
28.67, -0.2335, -2.690
28.68, -0.2340, -2.680
28.69, -0.2345, -2.618
28.70, -0.2350, -2.698
28.71, -0.2355, -2.615
28.72, -0.2360, -2.641
28.73, -0.2365, -2.651
28.74, -0.2370, -2.624
28.75, -0.2375, -2.724
28.76, -0.2380, -2.613
28.77, -0.2385, -2.628
28.78, -0.2390, -2.634
28.79, -0.2395, -2.535
28.80, -0.2400, -2.694
28.81, -0.2405, -2.563
28.82, -0.2410, -2.641
28.83, -0.2415, -2.660
28.84, -0.2420, -2.592
28.85, -0.2425, -2.663
28.86, -0.2430, -2.589
28.87, -0.2435, -2.639
28.88, -0.2440, -2.699
28.89, -0.2445, -2.677
28.90, -0.2450, -2.741
28.91, -0.2455, -2.644
28.92, -0.2460, -2.707
28.93, -0.2465, -2.718
28.94, -0.2470, -2.689
28.95, -0.2475, -2.775
28.96, -0.2480, -2.651
28.97, -0.2485, -2.671
28.98, -0.2490, -2.705
28.99, -0.2495, -2.654
29.00, -0.2500, -2.765
29.01, -0.2505, -2.627
29.02, -0.2510, -2.684
29.03, -0.2515, -2.657
29.04, -0.2520, -2.708
29.05, -0.2525, -2.742
29.06, -0.2530, -2.606
29.07, -0.2535, -2.637
29.08, -0.2540, -2.705
29.09, -0.2545, -2.620
29.10, -0.2550, -2.695
29.11, -0.2555, -2.610
29.12, -0.2560, -2.623
29.13, -0.2565, -2.654
29.14, -0.2570, -2.617
29.15, -0.2575, -2.705
29.16, -0.2580, -2.599
29.17, -0.2585, -2.673
29.18, -0.2590, -2.670
29.19, -0.2595, -2.631
29.20, -0.2600, -2.642
29.21, -0.2605, -2.564
29.22, -0.2610, -2.594
29.23, -0.2615, -2.649
29.24, -0.2620, -2.591
29.25, -0.2625, -2.665
29.26, -0.2630, -2.568
29.27, -0.2635, -2.596
29.28, -0.2640, -2.624
29.29, -0.2645, -2.568
29.30, -0.2650, -2.719
29.31, -0.2655, -2.520
29.32, -0.2660, -2.626
29.33, -0.2665, -2.674
29.34, -0.2670, -2.629
29.35, -0.2675, -2.684
29.36, -0.2680, -2.612
29.37, -0.2685, -2.615
29.38, -0.2690, -2.638
29.39, -0.2695, -2.621
29.40, -0.2700, -2.698
29.41, -0.2705, -2.600
29.42, -0.2710, -2.639
29.43, -0.2715, -2.665
29.44, -0.2720, -2.627
29.45, -0.2725, -2.661
29.46, -0.2730, -2.568
29.47, -0.2735, -2.588
29.48, -0.2740, -2.578
29.49, -0.2745, -2.580
29.50, -0.2750, -2.675
29.51, -0.2755, -2.550
29.52, -0.2760, -2.546
29.53, -0.2765, -2.580
29.54, -0.2770, -2.541
29.55, -0.2775, -2.636
29.56, -0.2780, -2.490
29.57, -0.2785, -2.533
29.58, -0.2790, -2.604
29.59, -0.2795, -2.557
29.60, -0.2800, -2.571
29.61, -0.2805, -2.478
29.62, -0.2810, -2.528
29.63, -0.2815, -2.554
29.64, -0.2820, -2.523
29.65, -0.2825, -2.549
29.66, -0.2830, -2.493
29.67, -0.2835, -2.510
29.68, -0.2840, -2.535
29.69, -0.2845, -2.436
29.70, -0.2850, -2.508
29.71, -0.2855, -2.436
29.72, -0.2860, -2.518
29.73, -0.2865, -2.494
29.74, -0.2870, -2.452
29.75, -0.2875, -2.563
29.76, -0.2880, -2.522
29.77, -0.2885, -2.578
29.78, -0.2890, -2.560
29.79, -0.2895, -2.480
29.80, -0.2900, -2.599
29.81, -0.2905, -2.497
29.82, -0.2910, -2.508
29.83, -0.2915, -2.573
29.84, -0.2920, -2.462
29.85, -0.2925, -2.587
29.86, -0.2930, -2.436
29.87, -0.2935, -2.529
29.88, -0.2940, -2.504
29.89, -0.2945, -2.443
29.90, -0.2950, -2.558
29.91, -0.2955, -2.438
29.92, -0.2960, -2.482
29.93, -0.2965, -2.421
29.94, -0.2970, -2.407
29.95, -0.2975, -2.461
29.96, -0.2980, -2.398
29.97, -0.2985, -2.445
29.98, -0.2990, -2.426
29.99, -0.2995, -2.411
30.00, -0.3000, -2.443
30.01, -0.3005, -2.393
30.02, -0.3010, -2.366
30.03, -0.3015, -2.394
30.04, -0.3020, -2.345
30.05, -0.3025, -2.450
30.06, -0.3030, -2.396
30.07, -0.3035, -2.379
30.08, -0.3040, -2.361
30.09, -0.3045, -2.337
30.10, -0.3050, -2.412
30.11, -0.3055, -2.302
30.12, -0.3060, -2.327
30.13, -0.3065, -2.376
30.14, -0.3070, -2.341
30.15, -0.3075, -2.469
30.16, -0.3080, -2.361
30.17, -0.3085, -2.395
30.18, -0.3090, -2.375
30.19, -0.3095, -2.382
30.20, -0.3100, -2.484
30.21, -0.3105, -2.388
30.22, -0.3110, -2.319
30.23, -0.3115, -2.408
30.24, -0.3120, -2.336
30.25, -0.3125, -2.424
30.26, -0.3130, -2.323
30.27, -0.3135, -2.349
30.28, -0.3140, -2.370
30.29, -0.3145, -2.328
30.30, -0.3150, -2.381
30.31, -0.3155, -2.302
30.32, -0.3160, -2.288
30.33, -0.3165, -2.290
30.34, -0.3170, -2.261
30.35, -0.3175, -2.324
30.36, -0.3180, -2.259
30.37, -0.3185, -2.281
30.38, -0.3190, -2.287
30.39, -0.3195, -2.253
30.40, -0.3200, -2.339
30.41, -0.3205, -2.191
30.42, -0.3210, -2.239
30.43, -0.3215, -2.303
30.44, -0.3220, -2.229
30.45, -0.3225, -2.272
30.46, -0.3230, -2.208
30.47, -0.3235, -2.219
30.48, -0.3240, -2.227
30.49, -0.3245, -2.183
30.50, -0.3250, -2.264
30.51, -0.3255, -2.166
30.52, -0.3260, -2.226
30.53, -0.3265, -2.218
30.54, -0.3270, -2.163
30.55, -0.3275, -2.222
30.56, -0.3280, -2.145
30.57, -0.3285, -2.214
30.58, -0.3290, -2.267
30.59, -0.3295, -2.171
30.60, -0.3300, -2.293
30.61, -0.3305, -2.178
30.62, -0.3310, -2.228
30.63, -0.3315, -2.242
30.64, -0.3320, -2.178
30.65, -0.3325, -2.276
30.66, -0.3330, -2.183
30.67, -0.3335, -2.190
30.68, -0.3340, -2.206
30.69, -0.3345, -2.133
30.70, -0.3350, -2.258
30.71, -0.3355, -2.115
30.72, -0.3360, -2.157
30.73, -0.3365, -2.199
30.74, -0.3370, -2.106
30.75, -0.3375, -2.208
30.76, -0.3380, -2.067
30.77, -0.3385, -2.100
30.78, -0.3390, -2.171
30.79, -0.3395, -2.064
30.80, -0.3400, -2.133
30.81, -0.3405, -2.103
30.82, -0.3410, -2.111
30.83, -0.3415, -2.096
30.84, -0.3420, -2.064
30.85, -0.3425, -2.140
30.86, -0.3430, -2.080
30.87, -0.3435, -2.073
30.88, -0.3440, -2.105
30.89, -0.3445, -2.035
30.90, -0.3450, -2.100
30.91, -0.3455, -2.061
30.92, -0.3460, -2.062
30.93, -0.3465, -2.067
30.94, -0.3470, -1.974
30.95, -0.3475, -2.069
30.96, -0.3480, -2.013
30.97, -0.3485, -2.032
30.98, -0.3490, -2.083
30.99, -0.3495, -1.983
31.00, -0.3500, -2.049
31.01, -0.3505, -2.031
31.02, -0.3510, -2.097
31.03, -0.3515, -2.091
31.04, -0.3520, -1.997
31.05, -0.3525, -2.098
31.06, -0.3530, -2.065
31.07, -0.3535, -2.081
31.08, -0.3540, -2.065
31.09, -0.3545, -2.012
31.10, -0.3550, -2.109
31.11, -0.3555, -1.995
31.12, -0.3560, -2.064
31.13, -0.3565, -2.044
31.14, -0.3570, -1.959
31.15, -0.3575, -2.064
31.16, -0.3580, -1.990
31.17, -0.3585, -2.004
31.18, -0.3590, -2.033
31.19, -0.3595, -1.962
31.20, -0.3600, -2.069
31.21, -0.3605, -1.938
31.22, -0.3610, -2.017
31.23, -0.3615, -2.020
31.24, -0.3620, -1.926
31.25, -0.3625, -2.022
31.26, -0.3630, -1.979
31.27, -0.3635, -1.964
31.28, -0.3640, -1.986
31.29, -0.3645, -1.881
31.30, -0.3650, -1.992
31.31, -0.3655, -1.944
31.32, -0.3660, -1.981
31.33, -0.3665, -1.968
31.34, -0.3670, -1.899
31.35, -0.3675, -1.940
31.36, -0.3680, -1.887
31.37, -0.3685, -1.882
31.38, -0.3690, -1.912
31.39, -0.3695, -1.879
31.40, -0.3700, -1.977
31.41, -0.3705, -1.923
31.42, -0.3710, -1.877
31.43, -0.3715, -1.957
31.44, -0.3720, -1.879
31.45, -0.3725, -2.034
31.46, -0.3730, -1.925
31.47, -0.3735, -1.970
31.48, -0.3740, -1.952
31.49, -0.3745, -1.904
31.50, -0.3750, -1.973
31.51, -0.3755, -1.959
31.52, -0.3760, -1.953
31.53, -0.3765, -1.910
31.54, -0.3770, -1.889
31.55, -0.3775, -1.989
31.56, -0.3780, -1.872
31.57, -0.3785, -1.843
31.58, -0.3790, -1.918
31.59, -0.3795, -1.875
31.60, -0.3800, -1.943
31.61, -0.3805, -1.886
31.62, -0.3810, -1.839
31.63, -0.3815, -1.851
31.64, -0.3820, -1.811
31.65, -0.3825, -1.883
31.66, -0.3830, -1.837
31.67, -0.3835, -1.805
31.68, -0.3840, -1.953
31.69, -0.3845, -1.875
31.70, -0.3850, -1.929
31.71, -0.3855, -1.824
31.72, -0.3860, -1.804
31.73, -0.3865, -1.845
31.74, -0.3870, -1.779
31.75, -0.3875, -1.929
31.76, -0.3880, -1.860
31.77, -0.3885, -1.826
31.78, -0.3890, -1.844
31.79, -0.3895, -1.771
31.80, -0.3900, -1.844
31.81, -0.3905, -1.811
31.82, -0.3910, -1.784
31.83, -0.3915, -1.931
31.84, -0.3920, -1.774
31.85, -0.3925, -1.898
31.86, -0.3930, -1.836
31.87, -0.3935, -1.831
31.88, -0.3940, -1.887
31.89, -0.3945, -1.811
31.90, -0.3950, -1.921
31.91, -0.3955, -1.879
31.92, -0.3960, -1.807
31.93, -0.3965, -1.895
31.94, -0.3970, -1.840
31.95, -0.3975, -1.905
31.96, -0.3980, -1.834
31.97, -0.3985, -1.849
31.98, -0.3990, -1.867
31.99, -0.3995, -1.849
32.00, -0.4000, -1.882
