0.01000, -0.3995, -100.0
0.02000, -0.3990, -100.0
0.03000, -0.3985, -100.0
0.04000, -0.3980, -99.04
0.05000, -0.3975, -92.29
0.06000, -0.3970, -86.29
0.07000, -0.3965, -80.86
0.08000, -0.3960, -76.33
0.09000, -0.3955, -72.15
0.1000, -0.3950, -68.54
0.1100, -0.3945, -65.28
0.1200, -0.3940, -62.34
0.1300, -0.3935, -59.70
0.1400, -0.3930, -57.19
0.1500, -0.3925, -55.04
0.1600, -0.3920, -53.01
0.1700, -0.3915, -51.04
0.1800, -0.3910, -49.34
0.1900, -0.3905, -47.71
0.2000, -0.3900, -46.21
0.2100, -0.3895, -44.77
0.2200, -0.3890, -43.26
0.2300, -0.3885, -42.17
0.2400, -0.3880, -40.88
0.2500, -0.3875, -39.84
0.2600, -0.3870, -38.75
0.2700, -0.3865, -37.67
0.2800, -0.3860, -36.81
0.2900, -0.3855, -35.90
0.3000, -0.3850, -35.03
0.3100, -0.3845, -34.19
0.3200, -0.3840, -33.31
0.3300, -0.3835, -32.63
0.3400, -0.3830, -31.90
0.3500, -0.3825, -31.28
0.3600, -0.3820, -30.64
0.3700, -0.3815, -30.04
0.3800, -0.3810, -29.41
0.3900, -0.3805, -28.79
0.4000, -0.3800, -28.32
0.4100, -0.3795, -27.80
0.4200, -0.3790, -27.20
0.4300, -0.3785, -26.83
0.4400, -0.3780, -26.33
0.4500, -0.3775, -25.89
0.4600, -0.3770, -25.47
0.4700, -0.3765, -25.02
0.4800, -0.3760, -24.64
0.4900, -0.3755, -24.23
0.5000, -0.3750, -23.88
0.5100, -0.3745, -23.52
0.5200, -0.3740, -23.17
0.5300, -0.3735, -22.81
0.5400, -0.3730, -22.36
0.5500, -0.3725, -22.08
0.5600, -0.3720, -21.78
0.5700, -0.3715, -21.46
0.5800, -0.3710, -21.20
0.5900, -0.3705, -20.87
0.6000, -0.3700, -20.59
0.6100, -0.3695, -20.28
0.6200, -0.3690, -19.90
0.6300, -0.3685, -19.79
0.6400, -0.3680, -19.41
0.6500, -0.3675, -19.20
0.6600, -0.3670, -18.95
0.6700, -0.3665, -18.58
0.6800, -0.3660, -18.42
0.6900, -0.3655, -18.14
0.7000, -0.3650, -17.92
0.7100, -0.3645, -17.67
0.7200, -0.3640, -17.39
0.7300, -0.3635, -17.21
0.7400, -0.3630, -16.92
0.7500, -0.3625, -16.76
0.7600, -0.3620, -16.55
0.7700, -0.3615, -16.30
0.7800, -0.3610, -16.13
0.7900, -0.3605, -15.91
0.8000, -0.3600, -15.71
0.8100, -0.3595, -15.54
0.8200, -0.3590, -15.25
0.8300, -0.3585, -15.18
0.8400, -0.3580, -14.93
0.8500, -0.3575, -14.82
0.8600, -0.3570, -14.63
0.8700, -0.3565, -14.44
0.8800, -0.3560, -14.25
0.8900, -0.3555, -14.01
0.9000, -0.3550, -13.94
0.9100, -0.3545, -13.76
0.9200, -0.3540, -13.58
0.9300, -0.3535, -13.44
0.9400, -0.3530, -13.20
0.9500, -0.3525, -13.12
0.9600, -0.3520, -12.98
0.9700, -0.3515, -12.65
0.9800, -0.3510, -12.69
0.9900, -0.3505, -12.50
1.000, -0.3500, -12.39
1.010, -0.3495, -12.23
1.020, -0.3490, -12.00
1.030, -0.3485, -11.98
1.040, -0.3480, -11.72
1.050, -0.3475, -11.68
1.060, -0.3470, -11.55
1.070, -0.3465, -11.28
1.080, -0.3460, -11.26
1.090, -0.3455, -11.04
1.100, -0.3450, -10.99
1.110, -0.3445, -10.81
1.120, -0.3440, -10.63
1.130, -0.3435, -10.54
1.140, -0.3430, -10.40
1.150, -0.3425, -10.27
1.160, -0.3420, -10.11
1.170, -0.3415, -9.837
1.180, -0.3410, -9.912
1.190, -0.3405, -9.743
1.200, -0.3400, -9.640
1.210, -0.3395, -9.513
1.220, -0.3390, -9.431
1.230, -0.3385, -9.295
1.240, -0.3380, -9.045
1.250, -0.3375, -9.096
1.260, -0.3370, -8.969
1.270, -0.3365, -8.860
1.280, -0.3360, -8.751
1.290, -0.3355, -8.544
1.300, -0.3350, -8.585
1.310, -0.3345, -8.458
1.320, -0.3340, -8.287
1.330, -0.3335, -8.272
1.340, -0.3330, -8.216
1.350, -0.3325, -8.093
1.360, -0.3320, -7.969
1.370, -0.3315, -7.782
1.380, -0.3310, -7.794
1.390, -0.3305, -7.667
1.400, -0.3300, -7.670
1.410, -0.3295, -7.517
1.420, -0.3290, -7.234
1.430, -0.3285, -7.334
1.440, -0.3280, -7.137
1.450, -0.3275, -7.204
1.460, -0.3270, -7.080
1.470, -0.3265, -6.906
1.480, -0.3260, -6.928
1.490, -0.3255, -6.707
1.500, -0.3250, -6.743
1.510, -0.3245, -6.642
1.520, -0.3240, -6.520
1.530, -0.3235, -6.436
1.540, -0.3230, -6.246
1.550, -0.3225, -6.234
1.560, -0.3220, -6.170
1.570, -0.3215, -5.949
1.580, -0.3210, -5.972
1.590, -0.3205, -5.901
1.600, -0.3200, -5.864
1.610, -0.3195, -5.722
1.620, -0.3190, -5.557
1.630, -0.3185, -5.622
1.640, -0.3180, -5.501
1.650, -0.3175, -5.467
1.660, -0.3170, -5.380
1.670, -0.3165, -5.316
1.680, -0.3160, -5.275
1.690, -0.3155, -5.068
1.700, -0.3150, -5.170
1.710, -0.3145, -5.077
1.720, -0.3140, -5.000
1.730, -0.3135, -4.935
1.740, -0.3130, -4.898
1.750, -0.3125, -4.846
1.760, -0.3120, -4.752
1.770, -0.3115, -4.625
1.780, -0.3110, -4.648
1.790, -0.3105, -4.444
1.800, -0.3100, -4.524
1.810, -0.3095, -4.441
1.820, -0.3090, -4.276
1.830, -0.3085, -4.357
1.840, -0.3080, -4.211
1.850, -0.3075, -4.226
1.860, -0.3070, -4.203
1.870, -0.3065, -4.041
1.880, -0.3060, -4.094
1.890, -0.3055, -4.074
1.900, -0.3050, -3.962
1.910, -0.3045, -3.886
1.920, -0.3040, -3.821
1.930, -0.3035, -3.754
1.940, -0.3030, -3.648
1.950, -0.3025, -3.622
1.960, -0.3020, -3.543
1.970, -0.3015, -3.391
1.980, -0.3010, -3.430
1.990, -0.3005, -3.303
2.000, -0.3000, -3.306
2.010, -0.2995, -3.225
2.020, -0.2990, -3.095
2.030, -0.2985, -3.152
2.040, -0.2980, -3.045
2.050, -0.2975, -3.065
2.060, -0.2970, -2.990
2.070, -0.2965, -2.886
2.080, -0.2960, -2.925
2.090, -0.2955, -2.891
2.100, -0.2950, -2.847
2.110, -0.2945, -2.786
2.120, -0.2940, -2.703
2.130, -0.2935, -2.709
2.140, -0.2930, -2.592
2.150, -0.2925, -2.641
2.160, -0.2920, -2.575
2.170, -0.2915, -2.538
2.180, -0.2910, -2.481
2.190, -0.2905, -2.381
2.200, -0.2900, -2.427
2.210, -0.2895, -2.373
2.220, -0.2890, -2.326
2.230, -0.2885, -2.342
2.240, -0.2880, -2.194
2.250, -0.2875, -2.253
2.260, -0.2870, -2.197
2.270, -0.2865, -2.284
2.280, -0.2860, -2.144
2.290, -0.2855, -2.097
2.300, -0.2850, -2.064
2.310, -0.2845, -2.019
2.320, -0.2840, -1.967
2.330, -0.2835, -1.970
2.340, -0.2830, -1.842
2.350, -0.2825, -1.898
2.360, -0.2820, -1.839
2.370, -0.2815, -1.687
2.380, -0.2810, -1.753
2.390, -0.2805, -1.594
2.400, -0.2800, -1.644
2.410, -0.2795, -1.595
2.420, -0.2790, -1.522
2.430, -0.2785, -1.484
2.440, -0.2780, -1.293
2.450, -0.2775, -1.416
2.460, -0.2770, -1.323
2.470, -0.2765, -1.379
2.480, -0.2760, -1.321
2.490, -0.2755, -1.186
2.500, -0.2750, -1.305
2.510, -0.2745, -1.215
2.520, -0.2740, -0.9937
2.530, -0.2735, -1.161
2.540, -0.2730, -0.9962
2.550, -0.2725, -1.140
2.560, -0.2720, -1.130
2.570, -0.2715, -0.9027
2.580, -0.2710, -1.038
2.590, -0.2705, -0.9636
2.600, -0.2700, -1.003
2.610, -0.2695, -0.9554
2.620, -0.2690, -0.8235
2.630, -0.2685, -0.9509
2.640, -0.2680, -0.9063
2.650, -0.2675, -0.9146
2.660, -0.2670, -0.8730
2.670, -0.2665, -0.6132
2.680, -0.2660, -0.7919
2.690, -0.2655, -0.6573
2.700, -0.2650, -0.7701
2.710, -0.2645, -0.7400
2.720, -0.2640, -0.4622
2.730, -0.2635, -0.6967
2.740, -0.2630, -0.4695
2.750, -0.2625, -0.6711
2.760, -0.2620, -0.5882
2.770, -0.2615, -0.4340
2.780, -0.2610, -0.5444
2.790, -0.2605, -0.2983
2.800, -0.2600, -0.4535
2.810, -0.2595, -0.4069
2.820, -0.2590, -0.2333
2.830, -0.2585, -0.3389
2.840, -0.2580, -0.1828
2.850, -0.2575, -0.2711
2.860, -0.2570, -0.2723
2.870, -0.2565, -0.1380
2.880, -0.2560, -0.2115
2.890, -0.2555, -0.07115
2.900, -0.2550, -0.1758
2.910, -0.2545, -0.1627
2.920, -0.2540, -0.01323
2.930, -0.2535, -0.1093
2.940, -0.2530, -0.02682
2.950, -0.2525, -0.08511
2.960, -0.2520, -0.04292
2.970, -0.2515, -0.004567
2.980, -0.2510, -0.03572
2.990, -0.2505, 0.01102
3.000, -0.2500, 0.02864
3.010, -0.2495, 0.05474
3.020, -0.2490, 0.06683
3.030, -0.2485, 0.04668
3.040, -0.2480, 0.2966
3.050, -0.2475, 0.1426
3.060, -0.2470, 0.1431
3.070, -0.2465, 0.1793
3.080, -0.2460, 0.1638
3.090, -0.2455, 0.3508
3.100, -0.2450, 0.2163
3.110, -0.2445, 0.2276
3.120, -0.2440, 0.1572
3.130, -0.2435, 0.1991
3.140, -0.2430, 0.4158
3.150, -0.2425, 0.2724
3.160, -0.2420, 0.3168
3.170, -0.2415, 0.3177
3.180, -0.2410, 0.3544
3.190, -0.2405, 0.5476
3.200, -0.2400, 0.3780
3.210, -0.2395, 0.4564
3.220, -0.2390, 0.4840
3.230, -0.2385, 0.4891
3.240, -0.2380, 0.6838
3.250, -0.2375, 0.5271
3.260, -0.2370, 0.5717
3.270, -0.2365, 0.6534
3.280, -0.2360, 0.5666
3.290, -0.2355, 0.7874
3.300, -0.2350, 0.6175
3.310, -0.2345, 0.6535
3.320, -0.2340, 0.6862
3.330, -0.2335, 0.6507
3.340, -0.2330, 0.9025
3.350, -0.2325, 0.7222
3.360, -0.2320, 0.7296
3.370, -0.2315, 0.8934
3.380, -0.2310, 0.7505
3.390, -0.2305, 0.8052
3.400, -0.2300, 0.7334
3.410, -0.2295, 0.7998
3.420, -0.2290, 0.9001
3.430, -0.2285, 0.7454
3.440, -0.2280, 0.9458
3.450, -0.2275, 0.8119
3.460, -0.2270, 0.8495
3.470, -0.2265, 0.7239
3.480, -0.2260, 0.8304
3.490, -0.2255, 0.9236
3.500, -0.2250, 0.8676
3.510, -0.2245, 0.8906
3.520, -0.2240, 0.8553
3.530, -0.2235, 0.9230
3.540, -0.2230, 0.9935
3.550, -0.2225, 0.9331
3.560, -0.2220, 0.9280
3.570, -0.2215, 1.009
3.580, -0.2210, 0.9294
3.590, -0.2205, 1.022
3.600, -0.2200, 0.9454
3.610, -0.2195, 0.9882
3.620, -0.2190, 0.9892
3.630, -0.2185, 1.047
3.640, -0.2180, 1.140
3.650, -0.2175, 1.077
3.660, -0.2170, 1.128
3.670, -0.2165, 1.189
3.680, -0.2160, 1.173
3.690, -0.2155, 1.253
3.700, -0.2150, 1.178
3.710, -0.2145, 1.180
3.720, -0.2140, 1.271
3.730, -0.2135, 1.244
3.740, -0.2130, 1.306
3.750, -0.2125, 1.206
3.760, -0.2120, 1.234
3.770, -0.2115, 1.323
3.780, -0.2110, 1.262
3.790, -0.2105, 1.350
3.800, -0.2100, 1.248
3.810, -0.2095, 1.253
3.820, -0.2090, 1.339
3.830, -0.2085, 1.304
3.840, -0.2080, 1.397
3.850, -0.2075, 1.324
3.860, -0.2070, 1.334
3.870, -0.2065, 1.386
3.880, -0.2060, 1.317
3.890, -0.2055, 1.380
3.900, -0.2050, 1.331
3.910, -0.2045, 1.327
3.920, -0.2040, 1.408
3.930, -0.2035, 1.349
3.940, -0.2030, 1.423
3.950, -0.2025, 1.333
3.960, -0.2020, 1.342
3.970, -0.2015, 1.429
3.980, -0.2010, 1.363
3.990, -0.2005, 1.430
4.000, -0.2000, 1.384
4.010, -0.1995, 1.396
4.020, -0.1990, 1.466
4.030, -0.1985, 1.441
4.040, -0.1980, 1.556
4.050, -0.1975, 1.443
4.060, -0.1970, 1.455
4.070, -0.1965, 1.558
4.080, -0.1960, 1.562
4.090, -0.1955, 1.675
4.100, -0.1950, 1.547
4.110, -0.1945, 1.569
4.120, -0.1940, 1.631
4.130, -0.1935, 1.577
4.140, -0.1930, 1.704
4.150, -0.1925, 1.590
4.160, -0.1920, 1.620
4.170, -0.1915, 1.656
4.180, -0.1910, 1.613
4.190, -0.1905, 1.684
4.200, -0.1900, 1.591
4.210, -0.1895, 1.646
4.220, -0.1890, 1.670
4.230, -0.1885, 1.632
4.240, -0.1880, 1.732
4.250, -0.1875, 1.638
4.260, -0.1870, 1.629
4.270, -0.1865, 1.686
4.280, -0.1860, 1.634
4.290, -0.1855, 1.730
4.300, -0.1850, 1.638
4.310, -0.1845, 1.665
4.320, -0.1840, 1.724
4.330, -0.1835, 1.623
4.340, -0.1830, 1.702
4.350, -0.1825, 1.635
4.360, -0.1820, 1.629
4.370, -0.1815, 1.675
4.380, -0.1810, 1.621
4.390, -0.1805, 1.718
4.400, -0.1800, 1.639
4.410, -0.1795, 1.647
4.420, -0.1790, 1.690
4.430, -0.1785, 1.666
4.440, -0.1780, 1.759
4.450, -0.1775, 1.687
4.460, -0.1770, 1.700
4.470, -0.1765, 1.795
4.480, -0.1760, 1.719
4.490, -0.1755, 1.832
4.500, -0.1750, 1.810
4.510, -0.1745, 1.782
4.520, -0.1740, 1.833
4.530, -0.1735, 1.798
4.540, -0.1730, 1.936
4.550, -0.1725, 1.815
4.560, -0.1720, 1.858
4.570, -0.1715, 1.908
4.580, -0.1710, 1.819
4.590, -0.1705, 1.895
4.600, -0.1700, 1.798
4.610, -0.1695, 1.839
4.620, -0.1690, 1.906
4.630, -0.1685, 1.806
4.640, -0.1680, 1.905
4.650, -0.1675, 1.854
4.660, -0.1670, 1.846
4.670, -0.1665, 1.875
4.680, -0.1660, 1.811
4.690, -0.1655, 1.889
4.700, -0.1650, 1.848
4.710, -0.1645, 1.845
4.720, -0.1640, 1.900
4.730, -0.1635, 1.856
4.740, -0.1630, 1.889
4.750, -0.1625, 1.792
4.760, -0.1620, 1.819
4.770, -0.1615, 1.870
4.780, -0.1610, 1.790
4.790, -0.1605, 1.865
4.800, -0.1600, 1.816
4.810, -0.1595, 1.819
4.820, -0.1590, 1.875
4.830, -0.1585, 1.808
4.840, -0.1580, 1.895
4.850, -0.1575, 1.814
4.860, -0.1570, 1.772
4.870, -0.1565, 1.917
4.880, -0.1560, 1.846
4.890, -0.1555, 1.933
4.900, -0.1550, 1.867
4.910, -0.1545, 1.907
4.920, -0.1540, 1.969
4.930, -0.1535, 1.943
4.940, -0.1530, 1.976
4.950, -0.1525, 1.914
4.960, -0.1520, 1.990
4.970, -0.1515, 2.034
4.980, -0.1510, 1.945
4.990, -0.1505, 2.009
5.000, -0.1500, 1.925
5.010, -0.1495, 1.931
5.020, -0.1490, 2.045
5.030, -0.1485, 1.934
5.040, -0.1480, 2.002
5.050, -0.1475, 1.948
5.060, -0.1470, 1.968
5.070, -0.1465, 2.036
5.080, -0.1460, 1.948
5.090, -0.1455, 2.012
5.100, -0.1450, 1.929
5.110, -0.1445, 1.970
5.120, -0.1440, 2.001
5.130, -0.1435, 1.916
5.140, -0.1430, 2.025
5.150, -0.1425, 1.915
5.160, -0.1420, 1.918
5.170, -0.1415, 2.007
5.180, -0.1410, 1.933
5.190, -0.1405, 1.978
5.200, -0.1400, 1.903
5.210, -0.1395, 1.909
5.220, -0.1390, 2.008
5.230, -0.1385, 1.904
5.240, -0.1380, 2.008
5.250, -0.1375, 1.906
5.260, -0.1370, 1.889
5.270, -0.1365, 1.987
5.280, -0.1360, 1.918
5.290, -0.1355, 1.983
5.300, -0.1350, 1.929
5.310, -0.1345, 1.956
5.320, -0.1340, 1.980
5.330, -0.1335, 2.011
5.340, -0.1330, 2.127
5.350, -0.1325, 2.040
5.360, -0.1320, 2.069
5.370, -0.1315, 2.145
5.380, -0.1310, 2.027
5.390, -0.1305, 2.114
5.400, -0.1300, 2.055
5.410, -0.1295, 2.054
5.420, -0.1290, 2.084
5.430, -0.1285, 2.042
5.440, -0.1280, 2.140
5.450, -0.1275, 2.043
5.460, -0.1270, 2.041
5.470, -0.1265, 2.150
5.480, -0.1260, 2.042
5.490, -0.1255, 2.153
5.500, -0.1250, 2.044
5.510, -0.1245, 2.033
5.520, -0.1240, 2.136
5.530, -0.1235, 2.056
5.540, -0.1230, 2.135
5.550, -0.1225, 2.063
5.560, -0.1220, 2.018
5.570, -0.1215, 2.066
5.580, -0.1210, 2.025
5.590, -0.1205, 2.161
5.600, -0.1200, 2.010
5.610, -0.1195, 2.042
5.620, -0.1190, 2.096
5.630, -0.1185, 2.039
5.640, -0.1180, 2.122
5.650, -0.1175, 2.009
5.660, -0.1170, 1.991
5.670, -0.1165, 2.066
5.680, -0.1160, 1.981
5.690, -0.1155, 2.064
5.700, -0.1150, 2.019
5.710, -0.1145, 1.992
5.720, -0.1140, 2.152
5.730, -0.1135, 2.091
5.740, -0.1130, 2.216
5.750, -0.1125, 2.060
5.760, -0.1120, 2.093
5.770, -0.1115, 2.158
5.780, -0.1110, 2.150
5.790, -0.1105, 2.219
5.800, -0.1100, 2.159
5.810, -0.1095, 2.136
5.820, -0.1090, 2.267
5.830, -0.1085, 2.106
5.840, -0.1080, 2.181
5.850, -0.1075, 2.141
5.860, -0.1070, 2.172
5.870, -0.1065, 2.173
5.880, -0.1060, 2.131
5.890, -0.1055, 2.260
5.900, -0.1050, 2.118
5.910, -0.1045, 2.162
5.920, -0.1040, 2.270
5.930, -0.1035, 2.151
5.940, -0.1030, 2.197
5.950, -0.1025, 2.143
5.960, -0.1020, 2.139
5.970, -0.1015, 2.260
5.980, -0.1010, 2.140
5.990, -0.1005, 2.221
6.000, -0.1000, 2.136
6.010, -0.09950, 2.163
6.020, -0.09900, 2.201
6.030, -0.09850, 2.120
6.040, -0.09800, 2.233
6.050, -0.09750, 2.147
6.060, -0.09700, 2.175
6.070, -0.09650, 2.260
6.080, -0.09600, 2.147
6.090, -0.09550, 2.233
6.100, -0.09500, 2.136
6.110, -0.09450, 2.153
6.120, -0.09400, 2.201
6.130, -0.09350, 2.164
6.140, -0.09300, 2.275
6.150, -0.09250, 2.185
6.160, -0.09200, 2.253
6.170, -0.09150, 2.314
6.180, -0.09100, 2.256
6.190, -0.09050, 2.346
6.200, -0.09000, 2.291
6.210, -0.08950, 2.311
6.220, -0.08900, 2.396
6.230, -0.08850, 2.298
6.240, -0.08800, 2.408
6.250, -0.08750, 2.343
6.260, -0.08700, 2.324
6.270, -0.08650, 2.404
6.280, -0.08600, 2.322
6.290, -0.08550, 2.397
6.300, -0.08500, 2.331
6.310, -0.08450, 2.306
6.320, -0.08400, 2.374
6.330, -0.08350, 2.304
6.340, -0.08300, 2.436
6.350, -0.08250, 2.330
6.360, -0.08200, 2.354
6.370, -0.08150, 2.449
6.380, -0.08100, 2.354
6.390, -0.08050, 2.418
6.400, -0.08000, 2.349
6.410, -0.07950, 2.361
6.420, -0.07900, 2.428
6.430, -0.07850, 2.348
6.440, -0.07800, 2.416
6.450, -0.07750, 2.322
6.460, -0.07700, 2.372
6.470, -0.07650, 2.489
6.480, -0.07600, 2.339
6.490, -0.07550, 2.430
6.500, -0.07500, 2.333
6.510, -0.07450, 2.387
6.520, -0.07400, 2.474
6.530, -0.07350, 2.374
6.540, -0.07300, 2.479
6.550, -0.07250, 2.387
6.560, -0.07200, 2.441
6.570, -0.07150, 2.534
6.580, -0.07100, 2.494
6.590, -0.07050, 2.614
6.600, -0.07000, 2.500
6.610, -0.06950, 2.541
6.620, -0.06900, 2.639
6.630, -0.06850, 2.607
6.640, -0.06800, 2.728
6.650, -0.06750, 2.558
6.660, -0.06700, 2.584
6.670, -0.06650, 2.696
6.680, -0.06600, 2.602
6.690, -0.06550, 2.696
6.700, -0.06500, 2.598
6.710, -0.06450, 2.637
6.720, -0.06400, 2.688
6.730, -0.06350, 2.647
6.740, -0.06300, 2.761
6.750, -0.06250, 2.663
6.760, -0.06200, 2.657
6.770, -0.06150, 2.722
6.780, -0.06100, 2.687
6.790, -0.06050, 2.863
6.800, -0.06000, 2.686
6.810, -0.05950, 2.710
6.820, -0.05900, 2.767
6.830, -0.05850, 2.682
6.840, -0.05800, 2.839
6.850, -0.05750, 2.726
6.860, -0.05700, 2.756
6.870, -0.05650, 2.852
6.880, -0.05600, 2.750
6.890, -0.05550, 2.840
6.900, -0.05500, 2.756
6.910, -0.05450, 2.750
6.920, -0.05400, 2.848
6.930, -0.05350, 2.779
6.940, -0.05300, 2.976
6.950, -0.05250, 2.830
6.960, -0.05200, 2.862
6.970, -0.05150, 2.924
6.980, -0.05100, 2.868
6.990, -0.05050, 2.961
7.000, -0.05000, 2.943
7.010, -0.04950, 2.985
7.020, -0.04900, 3.072
7.030, -0.04850, 3.004
7.040, -0.04800, 3.135
7.050, -0.04750, 3.065
7.060, -0.04700, 3.104
7.070, -0.04650, 3.177
7.080, -0.04600, 3.139
7.090, -0.04550, 3.265
7.100, -0.04500, 3.137
7.110, -0.04450, 3.150
7.120, -0.04400, 3.208
7.130, -0.04350, 3.191
7.140, -0.04300, 3.169
7.150, -0.04250, 3.163
7.160, -0.04200, 3.218
7.170, -0.04150, 3.341
7.180, -0.04100, 3.248
7.190, -0.04050, 3.313
7.200, -0.04000, 3.265
7.210, -0.03950, 3.283
7.220, -0.03900, 3.375
7.230, -0.03850, 3.320
7.240, -0.03800, 3.407
7.250, -0.03750, 3.393
7.260, -0.03700, 3.386
7.270, -0.03650, 3.487
7.280, -0.03600, 3.401
7.290, -0.03550, 3.501
7.300, -0.03500, 3.456
7.310, -0.03450, 3.473
7.320, -0.03400, 3.610
7.330, -0.03350, 3.457
7.340, -0.03300, 3.575
7.350, -0.03250, 3.506
7.360, -0.03200, 3.569
7.370, -0.03150, 3.628
7.380, -0.03100, 3.575
7.390, -0.03050, 3.702
7.400, -0.03000, 3.667
7.410, -0.02950, 3.734
7.420, -0.02900, 3.881
7.430, -0.02850, 3.784
7.440, -0.02800, 3.910
7.450, -0.02750, 3.868
7.460, -0.02700, 3.901
7.470, -0.02650, 3.970
7.480, -0.02600, 3.943
7.490, -0.02550, 4.050
7.500, -0.02500, 4.005
7.510, -0.02450, 4.039
7.520, -0.02400, 4.198
7.530, -0.02350, 4.098
7.540, -0.02300, 4.270
7.550, -0.02250, 4.115
7.560, -0.02200, 4.175
7.570, -0.02150, 4.275
7.580, -0.02100, 4.209
7.590, -0.02050, 4.374
7.600, -0.02000, 4.266
7.610, -0.01950, 4.334
7.620, -0.01900, 4.427
7.630, -0.01850, 4.374
7.640, -0.01800, 4.468
7.650, -0.01750, 4.426
7.660, -0.01700, 4.510
7.670, -0.01650, 4.587
7.680, -0.01600, 4.526
7.690, -0.01550, 4.674
7.700, -0.01500, 4.596
7.710, -0.01450, 4.646
7.720, -0.01400, 4.737
7.730, -0.01350, 4.695
7.740, -0.01300, 4.846
7.750, -0.01250, 4.762
7.760, -0.01200, 4.810
7.770, -0.01150, 4.971
7.780, -0.01100, 4.861
7.790, -0.01050, 4.991
7.800, -0.01000, 4.933
7.810, -0.009500, 5.021
7.820, -0.009000, 5.149
7.830, -0.008500, 5.100
7.840, -0.008000, 5.276
7.850, -0.007500, 5.212
7.860, -0.007000, 5.282
7.870, -0.006500, 5.426
7.880, -0.006000, 5.385
7.890, -0.005500, 5.521
7.900, -0.005000, 5.456
7.910, -0.004500, 5.525
7.920, -0.004000, 5.685
7.930, -0.003500, 5.579
7.940, -0.003000, 5.747
7.950, -0.002500, 5.676
7.960, -0.002000, 5.776
7.970, -0.001500, 5.885
7.980, -0.001000, 5.813
7.990, -0.0005000, 5.967
8.000, 0.000, 5.912
8.010, 0.0005000, 5.952
8.020, 0.001000, 6.131
8.030, 0.001500, 6.063
8.040, 0.002000, 6.197
8.050, 0.002500, 6.126
8.060, 0.003000, 6.219
8.070, 0.003500, 6.298
8.080, 0.004000, 6.288
8.090, 0.004500, 6.380
8.100, 0.005000, 6.392
8.110, 0.005500, 6.454
8.120, 0.006000, 6.530
8.130, 0.006500, 6.517
8.140, 0.007000, 6.691
8.150, 0.007500, 6.640
8.160, 0.008000, 6.726
8.170, 0.008500, 6.774
8.180, 0.009000, 6.795
8.190, 0.009500, 6.964
8.200, 0.01000, 6.890
8.210, 0.01050, 6.960
8.220, 0.01100, 7.107
8.230, 0.01150, 7.068
8.240, 0.01200, 7.277
8.250, 0.01250, 7.191
8.260, 0.01300, 7.300
8.270, 0.01350, 7.570
8.280, 0.01400, 7.465
8.290, 0.01450, 7.664
8.300, 0.01500, 7.566
8.310, 0.01550, 7.658
8.320, 0.01600, 7.978
8.330, 0.01650, 7.799
8.340, 0.01700, 7.982
8.350, 0.01750, 7.882
8.360, 0.01800, 7.946
8.370, 0.01850, 8.004
8.380, 0.01900, 8.058
8.390, 0.01950, 8.223
8.400, 0.02000, 8.162
8.410, 0.02050, 8.251
8.420, 0.02100, 8.748
8.430, 0.02150, 8.376
8.440, 0.02200, 8.615
8.450, 0.02250, 8.456
8.460, 0.02300, 8.529
8.470, 0.02350, 8.652
8.480, 0.02400, 8.656
8.490, 0.02450, 8.844
8.500, 0.02500, 8.770
8.510, 0.02550, 8.817
8.520, 0.02600, 9.178
8.530, 0.02650, 8.950
8.540, 0.02700, 9.079
8.550, 0.02750, 9.052
8.560, 0.02800, 9.131
8.570, 0.02850, 9.228
8.580, 0.02900, 9.241
8.590, 0.02950, 9.418
8.600, 0.03000, 9.338
8.610, 0.03050, 9.423
8.620, 0.03100, 9.499
8.630, 0.03150, 9.485
8.640, 0.03200, 9.701
8.650, 0.03250, 9.654
8.660, 0.03300, 9.732
8.670, 0.03350, 9.979
8.680, 0.03400, 9.891
8.690, 0.03450, 10.07
8.700, 0.03500, 10.01
8.710, 0.03550, 10.14
8.720, 0.03600, 10.01
8.730, 0.03650, 10.23
8.740, 0.03700, 10.40
8.750, 0.03750, 10.36
8.760, 0.03800, 10.44
8.770, 0.03850, 10.66
8.780, 0.03900, 10.56
8.790, 0.03950, 10.73
8.800, 0.04000, 10.69
8.810, 0.04050, 10.72
8.820, 0.04100, 10.92
8.830, 0.04150, 10.84
8.840, 0.04200, 10.96
8.850, 0.04250, 10.91
8.860, 0.04300, 11.00
8.870, 0.04350, 11.18
8.880, 0.04400, 11.12
8.890, 0.04450, 11.25
8.900, 0.04500, 11.21
8.910, 0.04550, 11.30
8.920, 0.04600, 11.43
8.930, 0.04650, 11.35
8.940, 0.04700, 11.50
8.950, 0.04750, 11.49
8.960, 0.04800, 11.54
8.970, 0.04850, 11.67
8.980, 0.04900, 11.62
8.990, 0.04950, 11.77
9.000, 0.05000, 11.68
9.010, 0.05050, 11.79
9.020, 0.05100, 11.82
9.030, 0.05150, 11.86
9.040, 0.05200, 12.04
9.050, 0.05250, 11.96
9.060, 0.05300, 12.05
9.070, 0.05350, 12.15
9.080, 0.05400, 12.11
9.090, 0.05450, 12.32
9.100, 0.05500, 12.27
9.110, 0.05550, 12.35
9.120, 0.05600, 12.52
9.130, 0.05650, 12.44
9.140, 0.05700, 12.55
9.150, 0.05750, 12.54
9.160, 0.05800, 12.61
9.170, 0.05850, 12.78
9.180, 0.05900, 12.68
9.190, 0.05950, 12.79
9.200, 0.06000, 12.78
9.210, 0.06050, 12.83
9.220, 0.06100, 13.00
9.230, 0.06150, 12.88
9.240, 0.06200, 13.04
9.250, 0.06250, 12.96
9.260, 0.06300, 13.03
9.270, 0.06350, 13.23
9.280, 0.06400, 13.09
9.290, 0.06450, 13.25
9.300, 0.06500, 13.14
9.310, 0.06550, 13.21
9.320, 0.06600, 13.29
9.330, 0.06650, 13.30
9.340, 0.06700, 13.50
9.350, 0.06750, 13.33
9.360, 0.06800, 13.40
9.370, 0.06850, 13.48
9.380, 0.06900, 13.40
9.390, 0.06950, 13.55
9.400, 0.07000, 13.45
9.410, 0.07050, 13.53
9.420, 0.07100, 13.66
9.430, 0.07150, 13.53
9.440, 0.07200, 13.64
9.450, 0.07250, 13.58
9.460, 0.07300, 13.62
9.470, 0.07350, 13.78
9.480, 0.07400, 13.63
9.490, 0.07450, 13.83
9.500, 0.07500, 13.74
9.510, 0.07550, 13.77
9.520, 0.07600, 13.95
9.530, 0.07650, 13.82
9.540, 0.07700, 13.93
9.550, 0.07750, 13.85
9.560, 0.07800, 13.93
9.570, 0.07850, 14.08
9.580, 0.07900, 13.93
9.590, 0.07950, 14.03
9.600, 0.08000, 14.02
9.610, 0.08050, 13.99
9.620, 0.08100, 14.05
9.630, 0.08150, 13.98
9.640, 0.08200, 14.09
9.650, 0.08250, 14.01
9.660, 0.08300, 14.08
9.670, 0.08350, 14.16
9.680, 0.08400, 14.05
9.690, 0.08450, 14.07
9.700, 0.08500, 14.04
9.710, 0.08550, 14.07
9.720, 0.08600, 14.19
9.730, 0.08650, 14.05
9.740, 0.08700, 14.20
9.750, 0.08750, 14.08
9.760, 0.08800, 14.06
9.770, 0.08850, 14.14
9.780, 0.08900, 14.05
9.790, 0.08950, 14.11
9.800, 0.09000, 14.02
9.810, 0.09050, 14.03
9.820, 0.09100, 14.12
9.830, 0.09150, 13.99
9.840, 0.09200, 14.15
9.850, 0.09250, 13.99
9.860, 0.09300, 14.00
9.870, 0.09350, 14.09
9.880, 0.09400, 13.97
9.890, 0.09450, 14.04
9.900, 0.09500, 13.99
9.910, 0.09550, 13.96
9.920, 0.09600, 14.07
9.930, 0.09650, 13.92
9.940, 0.09700, 14.04
9.950, 0.09750, 13.99
9.960, 0.09800, 13.99
9.970, 0.09850, 14.10
9.980, 0.09900, 14.00
9.990, 0.09950, 14.05
10.00, 0.1000, 13.93
10.01, 0.1005, 13.96
10.02, 0.1010, 14.07
10.03, 0.1015, 13.91
10.04, 0.1020, 14.02
10.05, 0.1025, 13.88
10.06, 0.1030, 13.88
10.07, 0.1035, 14.06
10.08, 0.1040, 13.81
10.09, 0.1045, 13.90
10.10, 0.1050, 13.78
10.11, 0.1055, 13.82
10.12, 0.1060, 13.81
10.13, 0.1065, 13.74
10.14, 0.1070, 13.84
10.15, 0.1075, 13.73
10.16, 0.1080, 13.70
10.17, 0.1085, 14.11
10.18, 0.1090, 13.67
10.19, 0.1095, 13.75
10.20, 0.1100, 13.59
10.21, 0.1105, 13.60
10.22, 0.1110, 13.69
10.23, 0.1115, 13.54
10.24, 0.1120, 13.68
10.25, 0.1125, 13.47
10.26, 0.1130, 13.51
10.27, 0.1135, 13.29
10.28, 0.1140, 13.39
10.29, 0.1145, 13.61
10.30, 0.1150, 13.39
10.31, 0.1155, 13.41
10.32, 0.1160, 13.67
10.33, 0.1165, 13.33
10.34, 0.1170, 13.40
10.35, 0.1175, 13.31
10.36, 0.1180, 13.32
10.37, 0.1185, 13.43
10.38, 0.1190, 13.31
10.39, 0.1195, 13.48
10.40, 0.1200, 13.28
10.41, 0.1205, 13.30
10.42, 0.1210, 13.53
10.43, 0.1215, 13.26
10.44, 0.1220, 13.37
10.45, 0.1225, 13.24
10.46, 0.1230, 13.23
10.47, 0.1235, 13.25
10.48, 0.1240, 13.18
10.49, 0.1245, 13.36
10.50, 0.1250, 13.14
10.51, 0.1255, 13.18
10.52, 0.1260, 13.24
10.53, 0.1265, 13.09
10.54, 0.1270, 13.15
10.55, 0.1275, 13.09
10.56, 0.1280, 13.09
10.57, 0.1285, 13.18
10.58, 0.1290, 13.03
10.59, 0.1295, 13.14
10.60, 0.1300, 13.02
10.61, 0.1305, 13.00
10.62, 0.1310, 12.99
10.63, 0.1315, 12.91
10.64, 0.1320, 13.12
10.65, 0.1325, 12.87
10.66, 0.1330, 12.92
10.67, 0.1335, 13.02
10.68, 0.1340, 12.85
10.69, 0.1345, 12.92
10.70, 0.1350, 12.82
10.71, 0.1355, 12.84
10.72, 0.1360, 12.90
10.73, 0.1365, 12.79
10.74, 0.1370, 12.81
10.75, 0.1375, 12.74
10.76, 0.1380, 12.79
10.77, 0.1385, 12.91
10.78, 0.1390, 12.80
10.79, 0.1395, 12.95
10.80, 0.1400, 12.80
10.81, 0.1405, 12.80
10.82, 0.1410, 12.89
10.83, 0.1415, 12.81
10.84, 0.1420, 13.04
10.85, 0.1425, 12.80
10.86, 0.1430, 12.82
10.87, 0.1435, 12.89
10.88, 0.1440, 12.77
10.89, 0.1445, 12.98
10.90, 0.1450, 12.72
10.91, 0.1455, 12.77
10.92, 0.1460, 12.86
10.93, 0.1465, 12.69
10.94, 0.1470, 12.78
10.95, 0.1475, 12.70
10.96, 0.1480, 12.71
10.97, 0.1485, 12.83
10.98, 0.1490, 12.69
10.99, 0.1495, 12.78
11.00, 0.1500, 12.66
11.01, 0.1505, 12.68
11.02, 0.1510, 12.86
11.03, 0.1515, 12.65
11.04, 0.1520, 12.77
11.05, 0.1525, 12.62
11.06, 0.1530, 12.66
11.07, 0.1535, 12.80
11.08, 0.1540, 12.61
11.09, 0.1545, 12.61
11.10, 0.1550, 12.57
11.11, 0.1555, 12.61
11.12, 0.1560, 12.69
11.13, 0.1565, 12.58
11.14, 0.1570, 12.61
11.15, 0.1575, 12.57
11.16, 0.1580, 12.57
11.17, 0.1585, 12.47
11.18, 0.1590, 12.57
11.19, 0.1595, 12.69
11.20, 0.1600, 12.52
11.21, 0.1605, 12.56
11.22, 0.1610, 12.75
11.23, 0.1615, 12.62
11.24, 0.1620, 12.68
11.25, 0.1625, 12.62
11.26, 0.1630, 12.62
11.27, 0.1635, 12.72
11.28, 0.1640, 12.61
11.29, 0.1645, 12.69
11.30, 0.1650, 12.61
11.31, 0.1655, 12.63
11.32, 0.1660, 12.74
11.33, 0.1665, 12.63
11.34, 0.1670, 12.62
11.35, 0.1675, 12.61
11.36, 0.1680, 12.60
11.37, 0.1685, 12.70
11.38, 0.1690, 12.58
11.39, 0.1695, 12.67
11.40, 0.1700, 12.56
11.41, 0.1705, 12.56
11.42, 0.1710, 12.73
11.43, 0.1715, 12.51
11.44, 0.1720, 12.61
11.45, 0.1725, 12.49
11.46, 0.1730, 12.53
11.47, 0.1735, 12.04
11.48, 0.1740, 12.54
11.49, 0.1745, 12.69
11.50, 0.1750, 12.51
11.51, 0.1755, 12.49
11.52, 0.1760, 12.83
11.53, 0.1765, 12.48
11.54, 0.1770, 12.59
11.55, 0.1775, 12.49
11.56, 0.1780, 12.46
11.57, 0.1785, 12.84
11.58, 0.1790, 12.43
11.59, 0.1795, 12.49
11.60, 0.1800, 12.45
11.61, 0.1805, 12.50
11.62, 0.1810, 12.50
11.63, 0.1815, 12.51
11.64, 0.1820, 12.59
11.65, 0.1825, 12.54
11.66, 0.1830, 12.58
11.67, 0.1835, 12.72
11.68, 0.1840, 12.56
11.69, 0.1845, 12.69
11.70, 0.1850, 12.55
11.71, 0.1855, 12.60
11.72, 0.1860, 12.65
11.73, 0.1865, 12.57
11.74, 0.1870, 12.68
11.75, 0.1875, 12.57
11.76, 0.1880, 12.57
11.77, 0.1885, 12.64
11.78, 0.1890, 12.56
11.79, 0.1895, 12.64
11.80, 0.1900, 12.58
11.81, 0.1905, 12.58
11.82, 0.1910, 12.63
11.83, 0.1915, 12.57
11.84, 0.1920, 12.63
11.85, 0.1925, 12.57
11.86, 0.1930, 12.56
11.87, 0.1935, 12.58
11.88, 0.1940, 12.57
11.89, 0.1945, 12.62
11.90, 0.1950, 12.55
11.91, 0.1955, 12.57
11.92, 0.1960, 12.60
11.93, 0.1965, 12.53
11.94, 0.1970, 12.65
11.95, 0.1975, 12.55
11.96, 0.1980, 12.57
11.97, 0.1985, 12.76
11.98, 0.1990, 12.57
11.99, 0.1995, 12.67
12.00, 0.2000, 12.55
12.01, 0.2005, 12.58
12.02, 0.2010, 12.74
12.03, 0.2015, 12.57
12.04, 0.2020, 12.70
12.05, 0.2025, 12.62
12.06, 0.2030, 12.67
12.07, 0.2035, 12.31
12.08, 0.2040, 12.71
12.09, 0.2045, 12.82
12.10, 0.2050, 12.72
12.11, 0.2055, 12.74
12.12, 0.2060, 12.67
12.13, 0.2065, 12.75
12.14, 0.2070, 12.90
12.15, 0.2075, 12.81
12.16, 0.2080, 12.79
12.17, 0.2085, 12.98
12.18, 0.2090, 12.78
12.19, 0.2095, 12.89
12.20, 0.2100, 12.74
12.21, 0.2105, 12.79
12.22, 0.2110, 12.88
12.23, 0.2115, 12.79
12.24, 0.2120, 12.93
12.25, 0.2125, 12.75
12.26, 0.2130, 12.83
12.27, 0.2135, 13.05
12.28, 0.2140, 12.81
12.29, 0.2145, 12.93
12.30, 0.2150, 12.82
12.31, 0.2155, 12.84
12.32, 0.2160, 12.98
12.33, 0.2165, 12.81
12.34, 0.2170, 12.97
12.35, 0.2175, 12.83
12.36, 0.2180, 12.85
12.37, 0.2185, 13.03
12.38, 0.2190, 12.84
12.39, 0.2195, 12.95
12.40, 0.2200, 12.82
12.41, 0.2205, 12.85
12.42, 0.2210, 12.92
12.43, 0.2215, 12.84
12.44, 0.2220, 13.01
12.45, 0.2225, 12.87
12.46, 0.2230, 12.91
12.47, 0.2235, 12.98
12.48, 0.2240, 12.96
12.49, 0.2245, 13.07
12.50, 0.2250, 12.99
12.51, 0.2255, 13.05
12.52, 0.2260, 13.11
12.53, 0.2265, 13.06
12.54, 0.2270, 13.14
12.55, 0.2275, 13.07
12.56, 0.2280, 13.11
12.57, 0.2285, 13.17
12.58, 0.2290, 13.07
12.59, 0.2295, 13.15
12.60, 0.2300, 13.05
12.61, 0.2305, 13.08
12.62, 0.2310, 13.16
12.63, 0.2315, 13.11
12.64, 0.2320, 13.20
12.65, 0.2325, 13.12
12.66, 0.2330, 13.14
12.67, 0.2335, 13.31
12.68, 0.2340, 13.11
12.69, 0.2345, 13.35
12.70, 0.2350, 13.14
12.71, 0.2355, 13.18
12.72, 0.2360, 13.26
12.73, 0.2365, 13.15
12.74, 0.2370, 13.30
12.75, 0.2375, 13.13
12.76, 0.2380, 13.19
12.77, 0.2385, 13.38
12.78, 0.2390, 13.15
12.79, 0.2395, 13.24
12.80, 0.2400, 13.18
12.81, 0.2405, 13.19
12.82, 0.2410, 13.32
12.83, 0.2415, 13.17
12.84, 0.2420, 13.32
12.85, 0.2425, 13.14
12.86, 0.2430, 13.23
12.87, 0.2435, 13.34
12.88, 0.2440, 13.25
12.89, 0.2445, 13.37
12.90, 0.2450, 13.26
12.91, 0.2455, 13.30
12.92, 0.2460, 13.38
12.93, 0.2465, 13.32
12.94, 0.2470, 13.53
12.95, 0.2475, 13.38
12.96, 0.2480, 13.40
12.97, 0.2485, 13.53
12.98, 0.2490, 13.39
12.99, 0.2495, 13.69
13.00, 0.2500, 13.41
13.01, 0.2505, 13.41
13.02, 0.2510, 13.55
13.03, 0.2515, 13.40
13.04, 0.2520, 13.36
13.05, 0.2525, 13.39
13.06, 0.2530, 13.42
13.07, 0.2535, 13.93
13.08, 0.2540, 13.40
13.09, 0.2545, 13.33
13.10, 0.2550, 13.39
13.11, 0.2555, 13.40
13.12, 0.2560, 13.36
13.13, 0.2565, 13.39
13.14, 0.2570, 13.44
13.15, 0.2575, 13.43
13.16, 0.2580, 13.44
13.17, 0.2585, 13.65
13.18, 0.2590, 13.41
13.19, 0.2595, 13.48
13.20, 0.2600, 13.41
13.21, 0.2605, 13.42
13.22, 0.2610, 13.57
13.23, 0.2615, 13.37
13.24, 0.2620, 13.37
13.25, 0.2625, 13.37
13.26, 0.2630, 13.40
13.27, 0.2635, 13.43
13.28, 0.2640, 13.39
13.29, 0.2645, 13.50
13.30, 0.2650, 13.41
13.31, 0.2655, 13.42
13.32, 0.2660, 13.59
13.33, 0.2665, 13.46
13.34, 0.2670, 13.41
13.35, 0.2675, 13.49
13.36, 0.2680, 13.57
13.37, 0.2685, 13.58
13.38, 0.2690, 13.51
13.39, 0.2695, 13.55
13.40, 0.2700, 13.48
13.41, 0.2705, 13.53
13.42, 0.2710, 13.50
13.43, 0.2715, 13.48
13.44, 0.2720, 13.57
13.45, 0.2725, 13.51
13.46, 0.2730, 13.51
13.47, 0.2735, 13.53
13.48, 0.2740, 13.47
13.49, 0.2745, 13.50
13.50, 0.2750, 13.47
13.51, 0.2755, 13.51
13.52, 0.2760, 13.54
13.53, 0.2765, 13.45
13.54, 0.2770, 13.50
13.55, 0.2775, 13.55
13.56, 0.2780, 13.53
13.57, 0.2785, 13.57
13.58, 0.2790, 13.45
13.59, 0.2795, 13.54
13.60, 0.2800, 13.45
13.61, 0.2805, 13.47
13.62, 0.2810, 13.54
13.63, 0.2815, 13.46
13.64, 0.2820, 13.52
13.65, 0.2825, 13.40
13.66, 0.2830, 13.43
13.67, 0.2835, 13.50
13.68, 0.2840, 13.39
13.69, 0.2845, 13.44
13.70, 0.2850, 13.38
13.71, 0.2855, 13.41
13.72, 0.2860, 13.49
13.73, 0.2865, 13.44
13.74, 0.2870, 13.49
13.75, 0.2875, 13.48
13.76, 0.2880, 13.49
13.77, 0.2885, 13.56
13.78, 0.2890, 13.51
13.79, 0.2895, 13.49
13.80, 0.2900, 13.49
13.81, 0.2905, 13.51
13.82, 0.2910, 13.57
13.83, 0.2915, 13.50
13.84, 0.2920, 13.52
13.85, 0.2925, 13.46
13.86, 0.2930, 13.47
13.87, 0.2935, 13.54
13.88, 0.2940, 13.51
13.89, 0.2945, 13.50
13.90, 0.2950, 13.46
13.91, 0.2955, 13.46
13.92, 0.2960, 13.54
13.93, 0.2965, 13.45
13.94, 0.2970, 13.46
13.95, 0.2975, 13.45
13.96, 0.2980, 13.43
13.97, 0.2985, 13.52
13.98, 0.2990, 13.41
13.99, 0.2995, 13.49
14.00, 0.3000, 13.43
14.01, 0.3005, 13.43
14.02, 0.3010, 13.50
14.03, 0.3015, 13.43
14.04, 0.3020, 13.45
14.05, 0.3025, 13.40
14.06, 0.3030, 13.41
14.07, 0.3035, 13.45
14.08, 0.3040, 13.39
14.09, 0.3045, 13.38
14.10, 0.3050, 13.36
14.11, 0.3055, 13.35
14.12, 0.3060, 13.39
14.13, 0.3065, 13.35
14.14, 0.3070, 13.45
14.15, 0.3075, 13.41
14.16, 0.3080, 13.40
14.17, 0.3085, 13.49
14.18, 0.3090, 13.46
14.19, 0.3095, 13.54
14.20, 0.3100, 13.46
14.21, 0.3105, 13.56
14.22, 0.3110, 13.60
14.23, 0.3115, 13.47
14.24, 0.3120, 13.60
14.25, 0.3125, 13.49
14.26, 0.3130, 13.48
14.27, 0.3135, 13.57
14.28, 0.3140, 13.48
14.29, 0.3145, 13.58
14.30, 0.3150, 13.48
14.31, 0.3155, 13.44
14.32, 0.3160, 13.52
14.33, 0.3165, 13.42
14.34, 0.3170, 13.52
14.35, 0.3175, 13.41
14.36, 0.3180, 13.43
14.37, 0.3185, 13.52
14.38, 0.3190, 13.42
14.39, 0.3195, 13.44
14.40, 0.3200, 13.42
14.41, 0.3205, 13.41
14.42, 0.3210, 13.45
14.43, 0.3215, 13.40
14.44, 0.3220, 13.41
14.45, 0.3225, 13.43
14.46, 0.3230, 13.42
14.47, 0.3235, 13.50
14.48, 0.3240, 13.35
14.49, 0.3245, 13.43
14.50, 0.3250, 13.37
14.51, 0.3255, 13.42
14.52, 0.3260, 13.43
14.53, 0.3265, 13.37
14.54, 0.3270, 13.42
14.55, 0.3275, 13.46
14.56, 0.3280, 13.41
14.57, 0.3285, 13.55
14.58, 0.3290, 13.40
14.59, 0.3295, 13.45
14.60, 0.3300, 13.50
14.61, 0.3305, 13.51
14.62, 0.3310, 13.58
14.63, 0.3315, 13.44
14.64, 0.3320, 13.53
14.65, 0.3325, 13.51
14.66, 0.3330, 13.50
14.67, 0.3335, 13.58
14.68, 0.3340, 13.48
14.69, 0.3345, 13.56
14.70, 0.3350, 13.48
14.71, 0.3355, 13.50
14.72, 0.3360, 13.55
14.73, 0.3365, 13.47
14.74, 0.3370, 13.55
14.75, 0.3375, 13.48
14.76, 0.3380, 13.50
14.77, 0.3385, 13.63
14.78, 0.3390, 13.47
14.79, 0.3395, 13.56
14.80, 0.3400, 13.53
14.81, 0.3405, 13.52
14.82, 0.3410, 13.62
14.83, 0.3415, 13.50
14.84, 0.3420, 13.55
14.85, 0.3425, 13.44
14.86, 0.3430, 13.48
14.87, 0.3435, 13.55
14.88, 0.3440, 13.46
14.89, 0.3445, 13.56
14.90, 0.3450, 13.46
14.91, 0.3455, 13.46
14.92, 0.3460, 13.59
14.93, 0.3465, 13.50
14.94, 0.3470, 13.61
14.95, 0.3475, 13.43
14.96, 0.3480, 13.49
14.97, 0.3485, 13.59
14.98, 0.3490, 13.52
14.99, 0.3495, 13.62
15.00, 0.3500, 13.52
15.01, 0.3505, 13.59
15.02, 0.3510, 13.73
15.03, 0.3515, 13.60
15.04, 0.3520, 13.71
15.05, 0.3525, 13.66
15.06, 0.3530, 13.67
15.07, 0.3535, 13.71
15.08, 0.3540, 13.67
15.09, 0.3545, 13.84
15.10, 0.3550, 13.64
15.11, 0.3555, 13.70
15.12, 0.3560, 13.80
15.13, 0.3565, 13.66
15.14, 0.3570, 13.77
15.15, 0.3575, 13.79
15.16, 0.3580, 13.68
15.17, 0.3585, 13.78
15.18, 0.3590, 13.68
15.19, 0.3595, 13.71
15.20, 0.3600, 13.73
15.21, 0.3605, 13.72
15.22, 0.3610, 13.86
15.23, 0.3615, 13.69
15.24, 0.3620, 13.80
15.25, 0.3625, 13.74
15.26, 0.3630, 13.76
15.27, 0.3635, 13.84
15.28, 0.3640, 13.75
15.29, 0.3645, 13.84
15.30, 0.3650, 13.76
15.31, 0.3655, 13.77
15.32, 0.3660, 13.81
15.33, 0.3665, 13.79
15.34, 0.3670, 13.83
15.35, 0.3675, 13.84
15.36, 0.3680, 13.77
15.37, 0.3685, 13.89
15.38, 0.3690, 13.79
15.39, 0.3695, 13.92
15.40, 0.3700, 13.88
15.41, 0.3705, 13.87
15.42, 0.3710, 14.01
15.43, 0.3715, 13.93
15.44, 0.3720, 13.96
15.45, 0.3725, 13.96
15.46, 0.3730, 13.98
15.47, 0.3735, 14.09
15.48, 0.3740, 14.00
15.49, 0.3745, 14.13
15.50, 0.3750, 13.99
15.51, 0.3755, 14.06
15.52, 0.3760, 14.15
15.53, 0.3765, 14.07
15.54, 0.3770, 14.26
15.55, 0.3775, 13.99
15.56, 0.3780, 14.07
15.57, 0.3785, 14.19
15.58, 0.3790, 14.11
15.59, 0.3795, 14.22
15.60, 0.3800, 14.00
15.61, 0.3805, 14.16
15.62, 0.3810, 14.17
15.63, 0.3815, 14.14
15.64, 0.3820, 14.27
15.65, 0.3825, 14.27
15.66, 0.3830, 14.18
15.67, 0.3835, 14.31
15.68, 0.3840, 14.20
15.69, 0.3845, 14.33
15.70, 0.3850, 14.27
15.71, 0.3855, 14.28
15.72, 0.3860, 14.34
15.73, 0.3865, 14.28
15.74, 0.3870, 14.37
15.75, 0.3875, 14.31
15.76, 0.3880, 14.33
15.77, 0.3885, 14.33
15.78, 0.3890, 14.32
15.79, 0.3895, 14.39
15.80, 0.3900, 14.34
15.81, 0.3905, 14.38
15.82, 0.3910, 14.49
15.83, 0.3915, 14.41
15.84, 0.3920, 14.49
15.85, 0.3925, 14.50
15.86, 0.3930, 14.54
15.87, 0.3935, 14.63
15.88, 0.3940, 14.56
15.89, 0.3945, 14.69
15.90, 0.3950, 14.63
15.91, 0.3955, 14.67
15.92, 0.3960, 14.78
15.93, 0.3965, 14.68
15.94, 0.3970, 14.76
15.95, 0.3975, 14.74
15.96, 0.3980, 14.72
15.97, 0.3985, 14.79
15.98, 0.3990, 14.71
15.99, 0.3995, 14.83
16.00, 0.4000, 14.79
16.01, 0.3995, 14.50
16.02, 0.3990, 14.18
16.03, 0.3985, 13.92
16.04, 0.3980, 13.75
16.05, 0.3975, 13.49
16.06, 0.3970, 13.30
16.07, 0.3965, 13.16
16.08, 0.3960, 12.94
16.09, 0.3955, 12.77
16.10, 0.3950, 12.60
16.11, 0.3945, 12.48
16.12, 0.3940, 12.39
16.13, 0.3935, 12.17
16.14, 0.3930, 12.06
16.15, 0.3925, 11.88
16.16, 0.3920, 11.79
16.17, 0.3915, 11.72
16.18, 0.3910, 11.49
16.19, 0.3905, 11.42
16.20, 0.3900, 11.26
16.21, 0.3895, 11.14
16.22, 0.3890, 11.09
16.23, 0.3885, 10.90
16.24, 0.3880, 10.79
16.25, 0.3875, 10.61
16.26, 0.3870, 10.52
16.27, 0.3865, 10.42
16.28, 0.3860, 10.27
16.29, 0.3855, 10.20
16.30, 0.3850, 10.04
16.31, 0.3845, 9.947
16.32, 0.3840, 9.858
16.33, 0.3835, 9.740
16.34, 0.3830, 9.680
16.35, 0.3825, 9.500
16.36, 0.3820, 9.424
16.37, 0.3815, 9.414
16.38, 0.3810, 9.288
16.39, 0.3805, 9.183
16.40, 0.3800, 9.065
16.41, 0.3795, 8.996
16.42, 0.3790, 8.936
16.43, 0.3785, 8.838
16.44, 0.3780, 8.777
16.45, 0.3775, 8.637
16.46, 0.3770, 8.609
16.47, 0.3765, 8.684
16.48, 0.3760, 8.422
16.49, 0.3755, 8.393
16.50, 0.3750, 8.273
16.51, 0.3745, 8.203
16.52, 0.3740, 8.182
16.53, 0.3735, 8.043
16.54, 0.3730, 8.057
16.55, 0.3725, 7.891
16.56, 0.3720, 7.844
16.57, 0.3715, 7.779
16.58, 0.3710, 7.719
16.59, 0.3705, 7.704
16.60, 0.3700, 7.556
16.61, 0.3695, 7.479
16.62, 0.3690, 7.438
16.63, 0.3685, 7.360
16.64, 0.3680, 7.336
16.65, 0.3675, 7.247
16.66, 0.3670, 7.181
16.67, 0.3665, 7.164
16.68, 0.3660, 7.009
16.69, 0.3655, 7.062
16.70, 0.3650, 6.840
16.71, 0.3645, 6.777
16.72, 0.3640, 6.781
16.73, 0.3635, 6.638
16.74, 0.3630, 6.657
16.75, 0.3625, 6.481
16.76, 0.3620, 6.486
16.77, 0.3615, 6.538
16.78, 0.3610, 6.350
16.79, 0.3605, 6.393
16.80, 0.3600, 6.246
16.81, 0.3595, 6.187
16.82, 0.3590, 6.216
16.83, 0.3585, 6.123
16.84, 0.3580, 6.118
16.85, 0.3575, 5.996
16.86, 0.3570, 5.940
16.87, 0.3565, 6.003
16.88, 0.3560, 5.849
16.89, 0.3555, 5.900
16.90, 0.3550, 5.724
16.91, 0.3545, 5.731
16.92, 0.3540, 5.715
16.93, 0.3535, 5.665
16.94, 0.3530, 5.658
16.95, 0.3525, 5.525
16.96, 0.3520, 5.559
16.97, 0.3515, 5.523
16.98, 0.3510, 5.461
16.99, 0.3505, 5.526
17.00, 0.3500, 5.417
17.01, 0.3495, 5.309
17.02, 0.3490, 5.356
17.03, 0.3485, 5.236
17.04, 0.3480, 5.381
17.05, 0.3475, 5.194
17.06, 0.3470, 5.146
17.07, 0.3465, 5.116
17.08, 0.3460, 5.030
17.09, 0.3455, 5.068
17.10, 0.3450, 5.053
17.11, 0.3445, 4.869
17.12, 0.3440, 4.852
17.13, 0.3435, 4.730
17.14, 0.3430, 4.731
17.15, 0.3425, 4.842
17.16, 0.3420, 4.646
17.17, 0.3415, 4.716
17.18, 0.3410, 4.532
17.19, 0.3405, 4.591
17.20, 0.3400, 4.546
17.21, 0.3395, 4.504
17.22, 0.3390, 4.496
17.23, 0.3385, 4.427
17.24, 0.3380, 4.513
17.25, 0.3375, 4.456
17.26, 0.3370, 4.335
17.27, 0.3365, 4.295
17.28, 0.3360, 4.273
17.29, 0.3355, 4.404
17.30, 0.3350, 4.321
17.31, 0.3345, 4.214
17.32, 0.3340, 4.193
17.33, 0.3335, 4.115
17.34, 0.3330, 4.117
17.35, 0.3325, 4.147
17.36, 0.3320, 4.111
17.37, 0.3315, 4.136
17.38, 0.3310, 3.998
17.39, 0.3305, 4.196
17.40, 0.3300, 3.918
17.41, 0.3295, 3.958
17.42, 0.3290, 3.991
17.43, 0.3285, 3.885
17.44, 0.3280, 3.815
17.45, 0.3275, 3.828
17.46, 0.3270, 3.849
17.47, 0.3265, 3.871
17.48, 0.3260, 3.801
17.49, 0.3255, 3.794
17.50, 0.3250, 3.759
17.51, 0.3245, 3.734
17.52, 0.3240, 3.695
17.53, 0.3235, 3.577
17.54, 0.3230, 3.745
17.55, 0.3225, 3.466
17.56, 0.3220, 3.513
17.57, 0.3215, 3.501
17.58, 0.3210, 3.432
17.59, 0.3205, 3.476
17.60, 0.3200, 3.409
17.61, 0.3195, 3.393
17.62, 0.3190, 3.439
17.63, 0.3185, 3.296
17.64, 0.3180, 3.359
17.65, 0.3175, 3.221
17.66, 0.3170, 3.293
17.67, 0.3165, 3.351
17.68, 0.3160, 3.222
17.69, 0.3155, 3.321
17.70, 0.3150, 3.275
17.71, 0.3145, 3.194
17.72, 0.3140, 3.272
17.73, 0.3135, 3.145
17.74, 0.3130, 3.226
17.75, 0.3125, 3.057
17.76, 0.3120, 3.087
17.77, 0.3115, 3.138
17.78, 0.3110, 3.047
17.79, 0.3105, 3.167
17.80, 0.3100, 2.899
17.81, 0.3095, 3.031
17.82, 0.3090, 3.054
17.83, 0.3085, 2.999
17.84, 0.3080, 3.037
17.85, 0.3075, 2.955
17.86, 0.3070, 2.975
17.87, 0.3065, 3.040
17.88, 0.3060, 2.914
17.89, 0.3055, 2.961
17.90, 0.3050, 2.893
17.91, 0.3045, 2.911
17.92, 0.3040, 2.929
17.93, 0.3035, 2.790
17.94, 0.3030, 2.947
17.95, 0.3025, 2.809
17.96, 0.3020, 2.702
17.97, 0.3015, 2.746
17.98, 0.3010, 2.609
17.99, 0.3005, 2.663
18.00, 0.3000, 2.454
18.01, 0.2995, 2.592
18.02, 0.2990, 2.653
18.03, 0.2985, 2.552
18.04, 0.2980, 2.582
18.05, 0.2975, 2.707
18.06, 0.2970, 2.505
18.07, 0.2965, 2.591
18.08, 0.2960, 2.505
18.09, 0.2955, 2.525
18.10, 0.2950, 2.471
18.11, 0.2945, 2.449
18.12, 0.2940, 2.455
18.13, 0.2935, 2.448
18.14, 0.2930, 2.564
18.15, 0.2925, 2.473
18.16, 0.2920, 2.429
18.17, 0.2915, 2.508
18.18, 0.2910, 2.383
18.19, 0.2905, 2.445
18.20, 0.2900, 2.399
18.21, 0.2895, 2.346
18.22, 0.2890, 2.389
18.23, 0.2885, 2.346
18.24, 0.2880, 2.423
18.25, 0.2875, 2.387
18.26, 0.2870, 2.299
18.27, 0.2865, 2.367
18.28, 0.2860, 2.321
18.29, 0.2855, 2.333
18.30, 0.2850, 2.199
18.31, 0.2845, 2.293
18.32, 0.2840, 2.399
18.33, 0.2835, 2.259
18.34, 0.2830, 2.307
18.35, 0.2825, 2.101
18.36, 0.2820, 2.174
18.37, 0.2815, 2.216
18.38, 0.2810, 2.075
18.39, 0.2805, 2.170
18.40, 0.2800, 2.062
18.41, 0.2795, 2.030
18.42, 0.2790, 2.108
18.43, 0.2785, 2.000
18.44, 0.2780, 2.117
18.45, 0.2775, 1.998
18.46, 0.2770, 1.963
18.47, 0.2765, 1.985
18.48, 0.2760, 1.939
18.49, 0.2755, 1.970
18.50, 0.2750, 1.964
18.51, 0.2745, 1.911
18.52, 0.2740, 2.025
18.53, 0.2735, 1.891
18.54, 0.2730, 2.004
18.55, 0.2725, 1.772
18.56, 0.2720, 1.891
18.57, 0.2715, 2.090
18.58, 0.2710, 1.839
18.59, 0.2705, 1.936
18.60, 0.2700, 1.918
18.61, 0.2695, 1.837
18.62, 0.2690, 1.931
18.63, 0.2685, 1.821
18.64, 0.2680, 1.873
18.65, 0.2675, 1.898
18.66, 0.2670, 1.840
18.67, 0.2665, 1.904
18.68, 0.2660, 1.780
18.69, 0.2655, 1.815
18.70, 0.2650, 1.680
18.71, 0.2645, 1.806
18.72, 0.2640, 1.882
18.73, 0.2635, 1.754
18.74, 0.2630, 1.789
18.75, 0.2625, 1.825
18.76, 0.2620, 1.758
18.77, 0.2615, 1.783
18.78, 0.2610, 1.637
18.79, 0.2605, 1.690
18.80, 0.2600, 1.710
18.81, 0.2595, 1.620
18.82, 0.2590, 1.650
18.83, 0.2585, 1.565
18.84, 0.2580, 1.689
18.85, 0.2575, 1.427
18.86, 0.2570, 1.531
18.87, 0.2565, 1.594
18.88, 0.2560, 1.527
18.89, 0.2555, 1.607
18.90, 0.2550, 1.586
18.91, 0.2545, 1.512
18.92, 0.2540, 1.549
18.93, 0.2535, 1.478
18.94, 0.2530, 1.571
18.95, 0.2525, 1.376
18.96, 0.2520, 1.516
18.97, 0.2515, 1.448
18.98, 0.2510, 1.441
18.99, 0.2505, 1.520
19.00, 0.2500, 1.313
19.01, 0.2495, 1.473
19.02, 0.2490, 1.571
19.03, 0.2485, 1.401
19.04, 0.2480, 1.449
19.05, 0.2475, 1.450
19.06, 0.2470, 1.408
19.07, 0.2465, 1.446
19.08, 0.2460, 1.366
19.09, 0.2455, 1.428
19.10, 0.2450, 1.424
19.11, 0.2445, 1.391
19.12, 0.2440, 1.434
19.13, 0.2435, 1.370
19.14, 0.2430, 1.409
19.15, 0.2425, 1.435
19.16, 0.2420, 1.388
19.17, 0.2415, 1.423
19.18, 0.2410, 1.339
19.19, 0.2405, 1.387
19.20, 0.2400, 1.469
19.21, 0.2395, 1.246
19.22, 0.2390, 1.321
19.23, 0.2385, 1.222
19.24, 0.2380, 1.323
19.25, 0.2375, 1.264
19.26, 0.2370, 1.177
19.27, 0.2365, 1.200
19.28, 0.2360, 1.103
19.29, 0.2355, 1.225
19.30, 0.2350, 1.042
19.31, 0.2345, 1.101
19.32, 0.2340, 1.198
19.33, 0.2335, 1.089
19.34, 0.2330, 1.166
19.35, 0.2325, 0.9175
19.36, 0.2320, 1.076
19.37, 0.2315, 1.162
19.38, 0.2310, 1.056
19.39, 0.2305, 1.151
19.40, 0.2300, 1.003
19.41, 0.2295, 1.043
19.42, 0.2290, 1.169
19.43, 0.2285, 1.045
19.44, 0.2280, 1.174
19.45, 0.2275, 1.159
19.46, 0.2270, 1.036
19.47, 0.2265, 1.154
19.48, 0.2260, 1.009
19.49, 0.2255, 1.072
19.50, 0.2250, 1.003
19.51, 0.2245, 0.9984
19.52, 0.2240, 1.035
19.53, 0.2235, 0.9521
19.54, 0.2230, 1.107
19.55, 0.2225, 1.168
19.56, 0.2220, 0.9787
19.57, 0.2215, 1.061
19.58, 0.2210, 0.9462
19.59, 0.2205, 1.074
19.60, 0.2200, 0.9366
19.61, 0.2195, 0.9235
19.62, 0.2190, 0.9588
19.63, 0.2185, 0.9069
19.64, 0.2180, 0.9583
19.65, 0.2175, 0.7943
19.66, 0.2170, 0.8105
19.67, 0.2165, 0.8949
19.68, 0.2160, 0.7663
19.69, 0.2155, 0.8696
19.70, 0.2150, 0.7502
19.71, 0.2145, 0.7582
19.72, 0.2140, 0.7888
19.73, 0.2135, 0.6779
19.74, 0.2130, 0.8237
19.75, 0.2125, 0.7599
19.76, 0.2120, 0.7027
19.77, 0.2115, 0.7549
19.78, 0.2110, 0.6837
19.79, 0.2105, 0.7418
19.80, 0.2100, 0.7359
19.81, 0.2095, 0.7081
19.82, 0.2090, 0.7223
19.83, 0.2085, 0.6572
19.84, 0.2080, 0.7246
19.85, 0.2075, 0.7057
19.86, 0.2070, 0.6431
19.87, 0.2065, 0.7341
19.88, 0.2060, 0.6078
19.89, 0.2055, 0.7357
19.90, 0.2050, 0.6875
19.91, 0.2045, 0.6409
19.92, 0.2040, 0.6896
19.93, 0.2035, 0.5941
19.94, 0.2030, 0.6599
19.95, 0.2025, 0.5578
19.96, 0.2020, 0.6180
19.97, 0.2015, 0.6441
19.98, 0.2010, 0.5734
19.99, 0.2005, 0.7191
20.00, 0.2000, 0.7215
20.01, 0.1995, 0.5676
20.02, 0.1990, 0.6114
20.03, 0.1985, 0.5332
20.04, 0.1980, 0.5964
20.05, 0.1975, 0.5037
20.06, 0.1970, 0.4740
20.07, 0.1965, 0.4962
20.08, 0.1960, 0.3555
20.09, 0.1955, 0.4314
20.10, 0.1950, 0.2925
20.11, 0.1945, 0.3425
20.12, 0.1940, 0.3746
20.13, 0.1935, 0.2948
20.14, 0.1930, 0.3720
20.15, 0.1925, 0.3093
20.16, 0.1920, 0.2858
20.17, 0.1915, 0.3748
20.18, 0.1910, 0.2731
20.19, 0.1905, 0.3400
20.20, 0.1900, 0.3328
20.21, 0.1895, 0.2972
20.22, 0.1890, 0.3535
20.23, 0.1885, 0.2434
20.24, 0.1880, 0.3229
20.25, 0.1875, 0.2487
20.26, 0.1870, 0.2558
20.27, 0.1865, 0.2558
20.28, 0.1860, 0.2164
20.29, 0.1855, 0.2953
20.30, 0.1850, 0.2024
20.31, 0.1845, 0.2533
20.32, 0.1840, 0.3256
20.33, 0.1835, 0.2217
20.34, 0.1830, 0.3201
20.35, 0.1825, 0.2197
20.36, 0.1820, 0.1786
20.37, 0.1815, 0.2194
20.38, 0.1810, 0.1529
20.39, 0.1805, 0.2315
20.40, 0.1800, 0.07473
20.41, 0.1795, 0.1892
20.42, 0.1790, 0.2059
20.43, 0.1785, 0.1482
20.44, 0.1780, 0.2363
20.45, 0.1775, 0.2420
20.46, 0.1770, 0.1101
20.47, 0.1765, 0.08525
20.48, 0.1760, 0.01303
20.49, 0.1755, 0.1388
20.50, 0.1750, -0.1762
20.51, 0.1745, -0.03216
20.52, 0.1740, 0.1404
20.53, 0.1735, -0.06537
20.54, 0.1730, -0.01329
20.55, 0.1725, -0.01584
20.56, 0.1720, -0.06935
20.57, 0.1715, -0.03874
20.58, 0.1710, -0.1003
20.59, 0.1705, -0.08816
20.60, 0.1700, -0.06529
20.61, 0.1695, -0.1287
20.62, 0.1690, -0.1199
20.63, 0.1685, -0.1320
20.64, 0.1680, -0.04258
20.65, 0.1675, -0.09553
20.66, 0.1670, -0.1750
20.67, 0.1665, -0.08386
20.68, 0.1660, -0.1342
20.69, 0.1655, -0.09039
20.70, 0.1650, -0.1449
20.71, 0.1645, -0.1707
20.72, 0.1640, -0.08985
20.73, 0.1635, -0.2060
20.74, 0.1630, -0.09609
20.75, 0.1625, -0.1629
20.76, 0.1620, -0.2242
20.77, 0.1615, -0.07982
20.78, 0.1610, -0.2231
20.79, 0.1605, -0.1411
20.80, 0.1600, -0.2514
20.81, 0.1595, -0.2260
20.82, 0.1590, -0.1912
20.83, 0.1585, -0.2535
20.84, 0.1580, -0.1803
20.85, 0.1575, -0.2988
20.86, 0.1570, -0.2605
20.87, 0.1565, -0.2161
20.88, 0.1560, -0.3066
20.89, 0.1555, -0.3010
20.90, 0.1550, -0.3321
20.91, 0.1545, -0.3896
20.92, 0.1540, -0.3432
20.93, 0.1535, -0.4390
20.94, 0.1530, -0.3623
20.95, 0.1525, -0.4851
20.96, 0.1520, -0.4811
20.97, 0.1515, -0.3683
20.98, 0.1510, -0.4802
20.99, 0.1505, -0.4417
21.00, 0.1500, -0.5264
21.01, 0.1495, -0.5142
21.02, 0.1490, -0.4413
21.03, 0.1485, -0.5037
21.04, 0.1480, -0.4938
21.05, 0.1475, -0.5437
21.06, 0.1470, -0.5293
21.07, 0.1465, -0.4406
21.08, 0.1460, -0.5285
21.09, 0.1455, -0.4737
21.10, 0.1450, -0.5739
21.11, 0.1445, -0.5798
21.12, 0.1440, -0.5546
21.13, 0.1435, -0.5746
21.14, 0.1430, -0.5111
21.15, 0.1425, -0.5909
21.16, 0.1420, -0.5823
21.17, 0.1415, -0.5537
21.18, 0.1410, -0.5676
21.19, 0.1405, -0.5324
21.20, 0.1400, -0.6131
21.21, 0.1395, -0.5835
21.22, 0.1390, -0.5466
21.23, 0.1385, -0.6122
21.24, 0.1380, -0.5568
21.25, 0.1375, -0.6265
21.26, 0.1370, -0.6337
21.27, 0.1365, -0.5818
21.28, 0.1360, -0.6192
21.29, 0.1355, -0.6427
21.30, 0.1350, -0.6850
21.31, 0.1345, -0.6938
21.32, 0.1340, -0.6428
21.33, 0.1335, -0.7501
21.34, 0.1330, -0.7053
21.35, 0.1325, -0.7873
21.36, 0.1320, -0.7989
21.37, 0.1315, -0.7445
21.38, 0.1310, -0.8330
21.39, 0.1305, -0.7604
21.40, 0.1300, -0.8654
21.41, 0.1295, -0.8577
21.42, 0.1290, -0.7636
21.43, 0.1285, -0.8573
21.44, 0.1280, -0.7791
21.45, 0.1275, -0.8819
21.46, 0.1270, -0.8623
21.47, 0.1265, -0.8094
21.48, 0.1260, -0.8828
21.49, 0.1255, -0.7970
21.50, 0.1250, -0.8911
21.51, 0.1245, -0.8944
21.52, 0.1240, -0.9007
21.53, 0.1235, -0.9284
21.54, 0.1230, -0.8501
21.55, 0.1225, -0.8422
21.56, 0.1220, -0.8916
21.57, 0.1215, -0.8834
21.58, 0.1210, -0.9202
21.59, 0.1205, -0.8691
21.60, 0.1200, -0.8588
21.61, 0.1195, -0.9228
21.62, 0.1190, -0.8669
21.63, 0.1185, -0.9664
21.64, 0.1180, -0.8424
21.65, 0.1175, -0.9141
21.66, 0.1170, -0.9749
21.67, 0.1165, -0.8619
21.68, 0.1160, -0.9216
21.69, 0.1155, -0.8502
21.70, 0.1150, -0.9384
21.71, 0.1145, -0.9637
21.72, 0.1140, -0.9811
21.73, 0.1135, -1.032
21.74, 0.1130, -0.9626
21.75, 0.1125, -1.020
21.76, 0.1120, -1.098
21.77, 0.1115, -0.9862
21.78, 0.1110, -1.133
21.79, 0.1105, -1.055
21.80, 0.1100, -1.180
21.81, 0.1095, -1.137
21.82, 0.1090, -1.127
21.83, 0.1085, -1.149
21.84, 0.1080, -1.084
21.85, 0.1075, -1.133
21.86, 0.1070, -1.184
21.87, 0.1065, -1.130
21.88, 0.1060, -1.186
21.89, 0.1055, -1.052
21.90, 0.1050, -1.211
21.91, 0.1045, -1.158
21.92, 0.1040, -1.065
21.93, 0.1035, -1.196
21.94, 0.1030, -1.090
21.95, 0.1025, -1.330
21.96, 0.1020, -1.173
21.97, 0.1015, -1.193
21.98, 0.1010, -1.198
21.99, 0.1005, -1.106
22.00, 0.1000, -1.261
22.01, 0.09950, -1.194
22.02, 0.09900, -1.140
22.03, 0.09850, -1.243
22.04, 0.09800, -1.183
22.05, 0.09750, -1.289
22.06, 0.09700, -1.209
22.07, 0.09650, -1.210
22.08, 0.09600, -1.236
22.09, 0.09550, -1.250
22.10, 0.09500, -1.048
22.11, 0.09450, -1.217
22.12, 0.09400, -1.172
22.13, 0.09350, -1.281
22.14, 0.09300, -1.216
22.15, 0.09250, -1.285
22.16, 0.09200, -1.339
22.17, 0.09150, -1.358
22.18, 0.09100, -1.373
22.19, 0.09050, -1.213
22.20, 0.09000, -1.230
22.21, 0.08950, -1.402
22.22, 0.08900, -1.300
22.23, 0.08850, -1.453
22.24, 0.08800, -1.342
22.25, 0.08750, -1.351
22.26, 0.08700, -1.425
22.27, 0.08650, -1.356
22.28, 0.08600, -1.483
22.29, 0.08550, -1.376
22.30, 0.08500, -1.582
22.31, 0.08450, -1.485
22.32, 0.08400, -1.398
22.33, 0.08350, -1.519
22.34, 0.08300, -1.387
22.35, 0.08250, -1.441
22.36, 0.08200, -1.470
22.37, 0.08150, -1.396
22.38, 0.08100, -1.494
22.39, 0.08050, -1.412
22.40, 0.08000, -1.448
22.41, 0.07950, -1.520
22.42, 0.07900, -1.405
22.43, 0.07850, -1.525
22.44, 0.07800, -1.415
22.45, 0.07750, -1.604
22.46, 0.07700, -1.536
22.47, 0.07650, -1.465
22.48, 0.07600, -1.574
22.49, 0.07550, -1.605
22.50, 0.07500, -1.590
22.51, 0.07450, -1.548
22.52, 0.07400, -1.469
22.53, 0.07350, -1.572
22.54, 0.07300, -1.382
22.55, 0.07250, -1.537
22.56, 0.07200, -1.608
22.57, 0.07150, -1.573
22.58, 0.07100, -1.658
22.59, 0.07050, -1.491
22.60, 0.07000, -1.712
22.61, 0.06950, -1.739
22.62, 0.06900, -1.723
22.63, 0.06850, -1.776
22.64, 0.06800, -1.606
22.65, 0.06750, -1.855
22.66, 0.06700, -1.821
22.67, 0.06650, -1.695
22.68, 0.06600, -1.834
22.69, 0.06550, -1.811
22.70, 0.06500, -1.866
22.71, 0.06450, -1.857
22.72, 0.06400, -1.849
22.73, 0.06350, -1.885
22.74, 0.06300, -1.979
22.75, 0.06250, -1.992
22.76, 0.06200, -1.884
22.77, 0.06150, -1.895
22.78, 0.06100, -1.925
22.79, 0.06050, -1.791
22.80, 0.06000, -1.914
22.81, 0.05950, -1.920
22.82, 0.05900, -1.820
22.83, 0.05850, -1.981
22.84, 0.05800, -2.016
22.85, 0.05750, -2.013
22.86, 0.05700, -1.976
22.87, 0.05650, -1.952
22.88, 0.05600, -2.014
22.89, 0.05550, -2.022
22.90, 0.05500, -2.001
22.91, 0.05450, -2.028
22.92, 0.05400, -1.948
22.93, 0.05350, -2.041
22.94, 0.05300, -1.982
22.95, 0.05250, -2.052
22.96, 0.05200, -2.133
22.97, 0.05150, -2.049
22.98, 0.05100, -2.149
22.99, 0.05050, -2.107
23.00, 0.05000, -2.082
23.01, 0.04950, -2.250
23.02, 0.04900, -2.233
23.03, 0.04850, -2.316
23.04, 0.04800, -2.283
23.05, 0.04750, -2.422
23.06, 0.04700, -2.416
23.07, 0.04650, -2.324
23.08, 0.04600, -2.469
23.09, 0.04550, -2.302
23.10, 0.04500, -2.531
23.11, 0.04450, -2.484
23.12, 0.04400, -2.367
23.13, 0.04350, -2.567
23.14, 0.04300, -2.532
23.15, 0.04250, -2.518
23.16, 0.04200, -2.604
23.17, 0.04150, -2.437
23.18, 0.04100, -2.634
23.19, 0.04050, -2.494
23.20, 0.04000, -2.919
23.21, 0.03950, -2.682
23.22, 0.03900, -2.514
23.23, 0.03850, -2.699
23.24, 0.03800, -2.734
23.25, 0.03750, -3.026
23.26, 0.03700, -2.762
23.27, 0.03650, -2.767
23.28, 0.03600, -2.843
23.29, 0.03550, -2.728
23.30, 0.03500, -2.705
23.31, 0.03450, -2.907
23.32, 0.03400, -2.850
23.33, 0.03350, -2.964
23.34, 0.03300, -2.880
23.35, 0.03250, -2.945
23.36, 0.03200, -3.002
23.37, 0.03150, -2.992
23.38, 0.03100, -3.114
23.39, 0.03050, -3.035
23.40, 0.03000, -3.240
23.41, 0.02950, -3.215
23.42, 0.02900, -3.216
23.43, 0.02850, -3.324
23.44, 0.02800, -3.274
23.45, 0.02750, -3.617
23.46, 0.02700, -3.458
23.47, 0.02650, -3.456
23.48, 0.02600, -3.522
23.49, 0.02550, -3.516
23.50, 0.02500, -3.676
23.51, 0.02450, -3.635
23.52, 0.02400, -3.629
23.53, 0.02350, -3.725
23.54, 0.02300, -3.681
23.55, 0.02250, -3.747
23.56, 0.02200, -3.802
23.57, 0.02150, -3.747
23.58, 0.02100, -3.892
23.59, 0.02050, -3.853
23.60, 0.02000, -4.025
23.61, 0.01950, -3.985
23.62, 0.01900, -3.992
23.63, 0.01850, -4.073
23.64, 0.01800, -4.027
23.65, 0.01750, -4.231
23.66, 0.01700, -4.209
23.67, 0.01650, -4.193
23.68, 0.01600, -4.295
23.69, 0.01550, -4.278
23.70, 0.01500, -4.393
23.71, 0.01450, -4.394
23.72, 0.01400, -4.422
23.73, 0.01350, -4.523
23.74, 0.01300, -4.505
23.75, 0.01250, -4.591
23.76, 0.01200, -4.637
23.77, 0.01150, -4.667
23.78, 0.01100, -4.731
23.79, 0.01050, -4.714
23.80, 0.01000, -4.804
23.81, 0.009500, -4.867
23.82, 0.009000, -4.858
23.83, 0.008500, -4.999
23.84, 0.008000, -5.001
23.85, 0.007500, -5.160
23.86, 0.007000, -5.200
23.87, 0.006500, -5.153
23.88, 0.006000, -5.337
23.89, 0.005500, -5.365
23.90, 0.005000, -5.478
23.91, 0.004500, -5.531
23.92, 0.004000, -5.423
23.93, 0.003500, -5.643
23.94, 0.003000, -5.645
23.95, 0.002500, -5.721
23.96, 0.002000, -5.771
23.97, 0.001500, -5.779
23.98, 0.001000, -5.928
23.99, 0.0005000, -5.916
24.00, 0.000, -6.022
24.01, -0.0005000, -6.049
24.02, -0.001000, -6.023
24.03, -0.001500, -6.178
24.04, -0.002000, -6.172
24.05, -0.002500, -6.276
24.06, -0.003000, -6.334
24.07, -0.003500, -6.360
24.08, -0.004000, -6.436
24.09, -0.004500, -6.459
24.10, -0.005000, -6.552
24.11, -0.005500, -6.600
24.12, -0.006000, -6.558
24.13, -0.006500, -6.727
24.14, -0.007000, -6.686
24.15, -0.007500, -6.840
24.16, -0.008000, -6.864
24.17, -0.008500, -6.834
24.18, -0.009000, -6.974
24.19, -0.009500, -7.010
24.20, -0.01000, -7.133
24.21, -0.01050, -7.208
24.22, -0.01100, -7.152
24.23, -0.01150, -7.323
24.24, -0.01200, -7.341
24.25, -0.01250, -7.523
24.26, -0.01300, -7.540
24.27, -0.01350, -7.587
24.28, -0.01400, -7.675
24.29, -0.01450, -7.693
24.30, -0.01500, -7.865
24.31, -0.01550, -7.911
24.32, -0.01600, -7.890
24.33, -0.01650, -8.012
24.34, -0.01700, -8.010
24.35, -0.01750, -8.195
24.36, -0.01800, -8.226
24.37, -0.01850, -8.285
24.38, -0.01900, -8.327
24.39, -0.01950, -8.301
24.40, -0.02000, -8.357
24.41, -0.02050, -8.530
24.42, -0.02100, -8.472
24.43, -0.02150, -8.628
24.44, -0.02200, -8.666
24.45, -0.02250, -8.725
24.46, -0.02300, -8.799
24.47, -0.02350, -8.840
24.48, -0.02400, -8.929
24.49, -0.02450, -8.921
24.50, -0.02500, -9.010
24.51, -0.02550, -9.123
24.52, -0.02600, -9.119
24.53, -0.02650, -9.195
24.54, -0.02700, -9.213
24.55, -0.02750, -9.347
24.56, -0.02800, -9.394
24.57, -0.02850, -9.307
24.58, -0.02900, -9.529
24.59, -0.02950, -9.468
24.60, -0.03000, -9.639
24.61, -0.03050, -9.679
24.62, -0.03100, -9.635
24.63, -0.03150, -9.797
24.64, -0.03200, -9.820
24.65, -0.03250, -9.894
24.66, -0.03300, -9.994
24.67, -0.03350, -10.03
24.68, -0.03400, -10.14
24.69, -0.03450, -10.13
24.70, -0.03500, -10.18
24.71, -0.03550, -10.37
24.72, -0.03600, -10.34
24.73, -0.03650, -10.52
24.74, -0.03700, -10.48
24.75, -0.03750, -10.70
24.76, -0.03800, -10.68
24.77, -0.03850, -10.67
24.78, -0.03900, -10.79
24.79, -0.03950, -10.74
24.80, -0.04000, -10.83
24.81, -0.04050, -10.95
24.82, -0.04100, -10.90
24.83, -0.04150, -11.08
24.84, -0.04200, -11.07
24.85, -0.04250, -11.08
24.86, -0.04300, -11.20
24.87, -0.04350, -11.15
24.88, -0.04400, -11.30
24.89, -0.04450, -11.29
24.90, -0.04500, -11.26
24.91, -0.04550, -11.42
24.92, -0.04600, -11.46
24.93, -0.04650, -11.58
24.94, -0.04700, -11.47
24.95, -0.04750, -11.57
24.96, -0.04800, -11.66
24.97, -0.04850, -11.64
24.98, -0.04900, -11.76
24.99, -0.04950, -11.73
25.00, -0.05000, -11.78
25.01, -0.05050, -11.86
25.02, -0.05100, -11.86
25.03, -0.05150, -11.95
25.04, -0.05200, -11.96
25.05, -0.05250, -12.14
25.06, -0.05300, -12.07
25.07, -0.05350, -12.11
25.08, -0.05400, -12.20
25.09, -0.05450, -12.26
25.10, -0.05500, -12.10
25.11, -0.05550, -12.35
25.12, -0.05600, -12.26
25.13, -0.05650, -12.46
25.14, -0.05700, -12.30
25.15, -0.05750, -12.50
25.16, -0.05800, -12.57
25.17, -0.05850, -12.54
25.18, -0.05900, -12.69
25.19, -0.05950, -12.70
25.20, -0.06000, -12.61
25.21, -0.06050, -12.75
25.22, -0.06100, -12.60
25.23, -0.06150, -12.85
25.24, -0.06200, -12.70
25.25, -0.06250, -12.88
25.26, -0.06300, -12.87
25.27, -0.06350, -12.84
25.28, -0.06400, -12.94
25.29, -0.06450, -12.98
25.30, -0.06500, -13.15
25.31, -0.06550, -12.97
25.32, -0.06600, -12.89
25.33, -0.06650, -13.01
25.34, -0.06700, -12.93
25.35, -0.06750, -12.94
25.36, -0.06800, -13.06
25.37, -0.06850, -12.98
25.38, -0.06900, -13.11
25.39, -0.06950, -13.06
25.40, -0.07000, -13.22
25.41, -0.07050, -13.12
25.42, -0.07100, -13.04
25.43, -0.07150, -13.20
25.44, -0.07200, -13.15
25.45, -0.07250, -13.16
25.46, -0.07300, -13.18
25.47, -0.07350, -13.09
25.48, -0.07400, -13.21
25.49, -0.07450, -13.18
25.50, -0.07500, -13.28
25.51, -0.07550, -13.24
25.52, -0.07600, -13.17
25.53, -0.07650, -13.28
25.54, -0.07700, -13.14
25.55, -0.07750, -13.28
25.56, -0.07800, -13.32
25.57, -0.07850, -13.29
25.58, -0.07900, -13.38
25.59, -0.07950, -13.25
25.60, -0.08000, -13.36
25.61, -0.08050, -13.36
25.62, -0.08100, -13.29
25.63, -0.08150, -13.32
25.64, -0.08200, -13.27
25.65, -0.08250, -13.19
25.66, -0.08300, -13.33
25.67, -0.08350, -13.23
25.68, -0.08400, -13.32
25.69, -0.08450, -13.27
25.70, -0.08500, -13.29
25.71, -0.08550, -13.28
25.72, -0.08600, -13.16
25.73, -0.08650, -13.24
25.74, -0.08700, -13.13
25.75, -0.08750, -13.07
25.76, -0.08800, -13.22
25.77, -0.08850, -13.12
25.78, -0.08900, -13.17
25.79, -0.08950, -13.03
25.80, -0.09000, -13.06
25.81, -0.09050, -13.10
25.82, -0.09100, -12.94
25.83, -0.09150, -13.09
25.84, -0.09200, -12.98
25.85, -0.09250, -13.04
25.86, -0.09300, -13.00
25.87, -0.09350, -12.87
25.88, -0.09400, -12.94
25.89, -0.09450, -12.84
25.90, -0.09500, -12.91
25.91, -0.09550, -12.86
25.92, -0.09600, -12.75
25.93, -0.09650, -12.87
25.94, -0.09700, -12.82
25.95, -0.09750, -12.94
25.96, -0.09800, -12.84
25.97, -0.09850, -12.77
25.98, -0.09900, -12.82
25.99, -0.09950, -12.73
26.00, -0.1000, -12.64
26.01, -0.1005, -12.76
26.02, -0.1010, -12.66
26.03, -0.1015, -12.73
26.04, -0.1020, -12.61
26.05, -0.1025, -12.51
26.06, -0.1030, -12.63
26.07, -0.1035, -12.63
26.08, -0.1040, -12.57
26.09, -0.1045, -12.51
26.10, -0.1050, -12.44
26.11, -0.1055, -12.50
26.12, -0.1060, -12.34
26.13, -0.1065, -12.47
26.14, -0.1070, -12.33
26.15, -0.1075, -12.25
26.16, -0.1080, -12.33
26.17, -0.1085, -12.45
26.18, -0.1090, -12.32
26.19, -0.1095, -12.21
26.20, -0.1100, -12.22
26.21, -0.1105, -12.19
26.22, -0.1110, -12.05
26.23, -0.1115, -12.14
26.24, -0.1120, -12.04
26.25, -0.1125, -12.12
26.26, -0.1130, -12.01
26.27, -0.1135, -11.71
26.28, -0.1140, -11.98
26.29, -0.1145, -11.90
26.30, -0.1150, -11.84
26.31, -0.1155, -11.86
26.32, -0.1160, -11.90
26.33, -0.1165, -11.82
26.34, -0.1170, -11.78
26.35, -0.1175, -11.78
26.36, -0.1180, -11.76
26.37, -0.1185, -11.57
26.38, -0.1190, -11.77
26.39, -0.1195, -11.69
26.40, -0.1200, -11.80
26.41, -0.1205, -11.68
26.42, -0.1210, -11.53
26.43, -0.1215, -11.66
26.44, -0.1220, -11.61
26.45, -0.1225, -11.61
26.46, -0.1230, -11.57
26.47, -0.1235, -11.49
26.48, -0.1240, -11.51
26.49, -0.1245, -11.47
26.50, -0.1250, -11.56
26.51, -0.1255, -11.46
26.52, -0.1260, -11.39
26.53, -0.1265, -11.39
26.54, -0.1270, -11.35
26.55, -0.1275, -11.34
26.56, -0.1280, -11.31
26.57, -0.1285, -11.33
26.58, -0.1290, -11.25
26.59, -0.1295, -11.17
26.60, -0.1300, -11.22
26.61, -0.1305, -11.14
26.62, -0.1310, -10.98
26.63, -0.1315, -11.10
26.64, -0.1320, -11.03
26.65, -0.1325, -11.11
26.66, -0.1330, -10.99
26.67, -0.1335, -10.72
26.68, -0.1340, -10.94
26.69, -0.1345, -10.92
26.70, -0.1350, -10.88
26.71, -0.1355, -10.88
26.72, -0.1360, -10.73
26.73, -0.1365, -10.83
26.74, -0.1370, -10.74
26.75, -0.1375, -10.80
26.76, -0.1380, -10.76
26.77, -0.1385, -10.38
26.78, -0.1390, -10.75
26.79, -0.1395, -10.72
26.80, -0.1400, -10.79
26.81, -0.1405, -10.73
26.82, -0.1410, -10.43
26.83, -0.1415, -10.71
26.84, -0.1420, -10.65
26.85, -0.1425, -10.58
26.86, -0.1430, -10.63
26.87, -0.1435, -10.55
26.88, -0.1440, -10.60
26.89, -0.1445, -10.53
26.90, -0.1450, -10.62
26.91, -0.1455, -10.52
26.92, -0.1460, -10.48
26.93, -0.1465, -10.50
26.94, -0.1470, -10.41
26.95, -0.1475, -10.45
26.96, -0.1480, -10.43
26.97, -0.1485, -10.30
26.98, -0.1490, -10.39
26.99, -0.1495, -10.28
27.00, -0.1500, -10.52
27.01, -0.1505, -10.31
27.02, -0.1510, -10.21
27.03, -0.1515, -10.25
27.04, -0.1520, -10.19
27.05, -0.1525, -10.22
27.06, -0.1530, -10.24
27.07, -0.1535, -10.10
27.08, -0.1540, -10.18
27.09, -0.1545, -10.13
27.10, -0.1550, -10.16
27.11, -0.1555, -10.12
27.12, -0.1560, -10.03
27.13, -0.1565, -10.05
27.14, -0.1570, -9.944
27.15, -0.1575, -9.855
27.16, -0.1580, -10.01
27.17, -0.1585, -9.957
27.18, -0.1590, -9.968
27.19, -0.1595, -9.904
27.20, -0.1600, -9.889
27.21, -0.1605, -9.986
27.22, -0.1610, -9.954
27.23, -0.1615, -9.996
27.24, -0.1620, -9.849
27.25, -0.1625, -10.02
27.26, -0.1630, -9.958
27.27, -0.1635, -9.871
27.28, -0.1640, -9.959
27.29, -0.1645, -9.890
27.30, -0.1650, -9.745
27.31, -0.1655, -9.902
27.32, -0.1660, -9.829
27.33, -0.1665, -9.887
27.34, -0.1670, -9.756
27.35, -0.1675, -9.968
27.36, -0.1680, -9.830
27.37, -0.1685, -9.783
27.38, -0.1690, -9.827
27.39, -0.1695, -9.741
27.40, -0.1700, -9.902
27.41, -0.1705, -9.765
27.42, -0.1710, -9.611
27.43, -0.1715, -9.758
27.44, -0.1720, -9.682
27.45, -0.1725, -9.652
27.46, -0.1730, -9.714
27.47, -0.1735, -9.649
27.48, -0.1740, -9.694
27.49, -0.1745, -9.615
27.50, -0.1750, -9.612
27.51, -0.1755, -9.626
27.52, -0.1760, -9.480
27.53, -0.1765, -9.638
27.54, -0.1770, -9.452
27.55, -0.1775, -9.629
27.56, -0.1780, -9.573
27.57, -0.1785, -9.550
27.58, -0.1790, -9.559
27.59, -0.1795, -9.505
27.60, -0.1800, -9.418
27.61, -0.1805, -9.540
27.62, -0.1810, -9.511
27.63, -0.1815, -9.576
27.64, -0.1820, -9.530
27.65, -0.1825, -9.568
27.66, -0.1830, -9.610
27.67, -0.1835, -9.535
27.68, -0.1840, -9.611
27.69, -0.1845, -9.582
27.70, -0.1850, -9.453
27.71, -0.1855, -9.612
27.72, -0.1860, -9.517
27.73, -0.1865, -9.585
27.74, -0.1870, -9.460
27.75, -0.1875, -9.518
27.76, -0.1880, -9.556
27.77, -0.1885, -9.447
27.78, -0.1890, -9.554
27.79, -0.1895, -9.515
27.80, -0.1900, -9.607
27.81, -0.1905, -9.543
27.82, -0.1910, -9.458
27.83, -0.1915, -9.553
27.84, -0.1920, -9.475
27.85, -0.1925, -9.604
27.86, -0.1930, -9.523
27.87, -0.1935, -9.418
27.88, -0.1940, -9.523
27.89, -0.1945, -9.404
27.90, -0.1950, -9.487
27.91, -0.1955, -9.481
27.92, -0.1960, -9.396
27.93, -0.1965, -9.482
27.94, -0.1970, -9.435
27.95, -0.1975, -9.279
27.96, -0.1980, -9.454
27.97, -0.1985, -9.355
27.98, -0.1990, -9.438
27.99, -0.1995, -9.427
28.00, -0.2000, -9.402
28.01, -0.2005, -9.468
28.02, -0.2010, -9.344
28.03, -0.2015, -9.465
28.04, -0.2020, -9.451
28.05, -0.2025, -9.439
28.06, -0.2030, -9.523
28.07, -0.2035, -9.443
28.08, -0.2040, -9.571
28.09, -0.2045, -9.532
28.10, -0.2050, -9.527
28.11, -0.2055, -9.582
28.12, -0.2060, -9.452
28.13, -0.2065, -9.597
28.14, -0.2070, -9.529
28.15, -0.2075, -9.449
28.16, -0.2080, -9.626
28.17, -0.2085, -9.539
28.18, -0.2090, -9.573
28.19, -0.2095, -9.563
28.20, -0.2100, -9.665
28.21, -0.2105, -9.601
28.22, -0.2110, -9.522
28.23, -0.2115, -9.597
28.24, -0.2120, -9.526
28.25, -0.2125, -9.691
28.26, -0.2130, -9.627
28.27, -0.2135, -9.601
28.28, -0.2140, -9.641
28.29, -0.2145, -9.563
28.30, -0.2150, -9.535
28.31, -0.2155, -9.632
28.32, -0.2160, -9.533
28.33, -0.2165, -9.639
28.34, -0.2170, -9.550
28.35, -0.2175, -9.617
28.36, -0.2180, -9.621
28.37, -0.2185, -9.585
28.38, -0.2190, -9.630
28.39, -0.2195, -9.583
28.40, -0.2200, -9.546
28.41, -0.2205, -9.652
28.42, -0.2210, -9.502
28.43, -0.2215, -9.619
28.44, -0.2220, -9.587
28.45, -0.2225, -9.596
28.46, -0.2230, -9.671
28.47, -0.2235, -9.650
28.48, -0.2240, -9.719
28.49, -0.2245, -9.647
28.50, -0.2250, -9.873
28.51, -0.2255, -9.791
28.52, -0.2260, -9.750
28.53, -0.2265, -9.837
28.54, -0.2270, -9.737
28.55, -0.2275, -10.04
28.56, -0.2280, -9.842
28.57, -0.2285, -9.681
28.58, -0.2290, -9.857
28.59, -0.2295, -9.761
28.60, -0.2300, -9.894
28.61, -0.2305, -9.812
28.62, -0.2310, -9.913
28.63, -0.2315, -9.847
28.64, -0.2320, -9.804
28.65, -0.2325, -9.957
28.66, -0.2330, -9.817
28.67, -0.2335, -9.578
28.68, -0.2340, -9.879
28.69, -0.2345, -9.795
28.70, -0.2350, -9.828
28.71, -0.2355, -9.901
28.72, -0.2360, -9.887
28.73, -0.2365, -9.871
28.74, -0.2370, -9.844
28.75, -0.2375, -9.786
28.76, -0.2380, -9.872
28.77, -0.2385, -9.641
28.78, -0.2390, -9.875
28.79, -0.2395, -9.867
28.80, -0.2400, -9.960
28.81, -0.2405, -9.870
28.82, -0.2410, -9.943
28.83, -0.2415, -9.904
28.84, -0.2420, -9.920
28.85, -0.2425, -9.883
28.86, -0.2430, -9.929
28.87, -0.2435, -9.851
28.88, -0.2440, -9.982
28.89, -0.2445, -9.974
28.90, -0.2450, -10.10
28.91, -0.2455, -10.03
28.92, -0.2460, -9.909
28.93, -0.2465, -10.06
28.94, -0.2470, -10.07
28.95, -0.2475, -10.07
28.96, -0.2480, -10.09
28.97, -0.2485, -10.06
28.98, -0.2490, -10.11
28.99, -0.2495, -10.11
29.00, -0.2500, -10.12
29.01, -0.2505, -10.14
29.02, -0.2510, -10.04
29.03, -0.2515, -10.14
29.04, -0.2520, -10.11
29.05, -0.2525, -10.12
29.06, -0.2530, -10.14
29.07, -0.2535, -10.17
29.08, -0.2540, -10.14
29.09, -0.2545, -10.13
29.10, -0.2550, -10.18
29.11, -0.2555, -10.14
29.12, -0.2560, -10.14
29.13, -0.2565, -10.13
29.14, -0.2570, -10.17
29.15, -0.2575, -10.20
29.16, -0.2580, -10.17
29.17, -0.2585, -9.956
29.18, -0.2590, -10.16
29.19, -0.2595, -10.16
29.20, -0.2600, -10.27
29.21, -0.2605, -10.16
29.22, -0.2610, -10.05
29.23, -0.2615, -10.17
29.24, -0.2620, -10.17
29.25, -0.2625, -10.09
29.26, -0.2630, -10.15
29.27, -0.2635, -10.10
29.28, -0.2640, -10.21
29.29, -0.2645, -10.19
29.30, -0.2650, -10.20
29.31, -0.2655, -10.28
29.32, -0.2660, -10.07
29.33, -0.2665, -10.32
29.34, -0.2670, -10.29
29.35, -0.2675, -10.25
29.36, -0.2680, -10.39
29.37, -0.2685, -10.45
29.38, -0.2690, -10.40
29.39, -0.2695, -10.36
29.40, -0.2700, -10.54
29.41, -0.2705, -10.41
29.42, -0.2710, -10.30
29.43, -0.2715, -10.40
29.44, -0.2720, -10.33
29.45, -0.2725, -10.39
29.46, -0.2730, -10.42
29.47, -0.2735, -10.33
29.48, -0.2740, -10.44
29.49, -0.2745, -10.36
29.50, -0.2750, -10.50
29.51, -0.2755, -10.46
29.52, -0.2760, -10.40
29.53, -0.2765, -10.44
29.54, -0.2770, -10.37
29.55, -0.2775, -10.53
29.56, -0.2780, -10.43
29.57, -0.2785, -10.30
29.58, -0.2790, -10.44
29.59, -0.2795, -10.39
29.60, -0.2800, -10.67
29.61, -0.2805, -10.47
29.62, -0.2810, -10.33
29.63, -0.2815, -10.47
29.64, -0.2820, -10.37
29.65, -0.2825, -10.62
29.66, -0.2830, -10.47
29.67, -0.2835, -10.35
29.68, -0.2840, -10.46
29.69, -0.2845, -10.41
29.70, -0.2850, -10.35
29.71, -0.2855, -10.49
29.72, -0.2860, -10.50
29.73, -0.2865, -10.59
29.74, -0.2870, -10.52
29.75, -0.2875, -10.58
29.76, -0.2880, -10.63
29.77, -0.2885, -10.52
29.78, -0.2890, -10.63
29.79, -0.2895, -10.58
29.80, -0.2900, -10.58
29.81, -0.2905, -10.68
29.82, -0.2910, -10.56
29.83, -0.2915, -10.69
29.84, -0.2920, -10.63
29.85, -0.2925, -10.81
29.86, -0.2930, -10.67
29.87, -0.2935, -10.66
29.88, -0.2940, -10.74
29.89, -0.2945, -10.70
29.90, -0.2950, -10.77
29.91, -0.2955, -10.72
29.92, -0.2960, -10.49
29.93, -0.2965, -10.74
29.94, -0.2970, -10.65
29.95, -0.2975, -10.73
29.96, -0.2980, -10.74
29.97, -0.2985, -10.73
29.98, -0.2990, -10.79
29.99, -0.2995, -10.69
30.00, -0.3000, -10.73
30.01, -0.3005, -10.78
30.02, -0.3010, -10.72
30.03, -0.3015, -10.79
30.04, -0.3020, -10.71
30.05, -0.3025, -10.99
30.06, -0.3030, -10.77
30.07, -0.3035, -10.73
30.08, -0.3040, -10.83
30.09, -0.3045, -10.74
30.10, -0.3050, -10.78
30.11, -0.3055, -10.82
30.12, -0.3060, -10.79
30.13, -0.3065, -10.86
30.14, -0.3070, -10.93
30.15, -0.3075, -10.78
30.16, -0.3080, -10.94
30.17, -0.3085, -10.77
30.18, -0.3090, -11.01
30.19, -0.3095, -10.91
30.20, -0.3100, -11.08
30.21, -0.3105, -11.06
30.22, -0.3110, -11.02
30.23, -0.3115, -11.06
30.24, -0.3120, -10.94
30.25, -0.3125, -10.98
30.26, -0.3130, -11.08
30.27, -0.3135, -10.95
30.28, -0.3140, -11.11
30.29, -0.3145, -11.10
30.30, -0.3150, -11.13
30.31, -0.3155, -11.12
30.32, -0.3160, -10.99
30.33, -0.3165, -11.14
30.34, -0.3170, -11.01
30.35, -0.3175, -11.07
30.36, -0.3180, -11.17
30.37, -0.3185, -11.05
30.38, -0.3190, -11.20
30.39, -0.3195, -11.09
30.40, -0.3200, -11.06
30.41, -0.3205, -11.21
30.42, -0.3210, -11.15
30.43, -0.3215, -11.25
30.44, -0.3220, -11.23
30.45, -0.3225, -11.41
30.46, -0.3230, -11.24
30.47, -0.3235, -11.18
30.48, -0.3240, -11.27
30.49, -0.3245, -11.21
30.50, -0.3250, -11.10
30.51, -0.3255, -11.29
30.52, -0.3260, -11.24
30.53, -0.3265, -11.34
30.54, -0.3270, -11.32
30.55, -0.3275, -11.33
30.56, -0.3280, -11.42
30.57, -0.3285, -11.44
30.58, -0.3290, -11.49
30.59, -0.3295, -11.42
30.60, -0.3300, -11.50
30.61, -0.3305, -11.57
30.62, -0.3310, -11.42
30.63, -0.3315, -11.64
30.64, -0.3320, -11.52
30.65, -0.3325, -11.67
30.66, -0.3330, -11.66
30.67, -0.3335, -11.55
30.68, -0.3340, -11.73
30.69, -0.3345, -11.60
30.70, -0.3350, -11.58
30.71, -0.3355, -11.76
30.72, -0.3360, -11.61
30.73, -0.3365, -11.75
30.74, -0.3370, -11.73
30.75, -0.3375, -11.61
30.76, -0.3380, -11.88
30.77, -0.3385, -11.75
30.78, -0.3390, -11.86
30.79, -0.3395, -11.80
30.80, -0.3400, -11.78
30.81, -0.3405, -11.91
30.82, -0.3410, -11.81
30.83, -0.3415, -11.96
30.84, -0.3420, -11.90
30.85, -0.3425, -12.03
30.86, -0.3430, -11.98
30.87, -0.3435, -11.83
30.88, -0.3440, -12.02
30.89, -0.3445, -11.95
30.90, -0.3450, -11.97
30.91, -0.3455, -12.07
30.92, -0.3460, -11.97
30.93, -0.3465, -12.13
30.94, -0.3470, -12.03
30.95, -0.3475, -12.04
30.96, -0.3480, -12.17
30.97, -0.3485, -12.09
30.98, -0.3490, -12.26
30.99, -0.3495, -12.22
31.00, -0.3500, -12.39
31.01, -0.3505, -12.37
31.02, -0.3510, -12.37
31.03, -0.3515, -12.44
31.04, -0.3520, -12.37
31.05, -0.3525, -12.68
31.06, -0.3530, -12.54
31.07, -0.3535, -12.56
31.08, -0.3540, -12.59
31.09, -0.3545, -12.54
31.10, -0.3550, -12.54
31.11, -0.3555, -12.65
31.12, -0.3560, -12.57
31.13, -0.3565, -12.69
31.14, -0.3570, -12.65
31.15, -0.3575, -12.55
31.16, -0.3580, -12.77
31.17, -0.3585, -12.85
31.18, -0.3590, -12.82
31.19, -0.3595, -12.77
31.20, -0.3600, -12.67
31.21, -0.3605, -12.92
31.22, -0.3610, -12.94
31.23, -0.3615, -12.96
31.24, -0.3620, -12.94
31.25, -0.3625, -13.01
31.26, -0.3630, -13.03
31.27, -0.3635, -12.85
31.28, -0.3640, -13.08
31.29, -0.3645, -13.06
31.30, -0.3650, -13.21
31.31, -0.3655, -13.13
31.32, -0.3660, -13.17
31.33, -0.3665, -13.20
31.34, -0.3670, -13.15
31.35, -0.3675, -13.20
31.36, -0.3680, -13.27
31.37, -0.3685, -13.17
31.38, -0.3690, -13.39
31.39, -0.3695, -13.33
31.40, -0.3700, -13.31
31.41, -0.3705, -13.45
31.42, -0.3710, -13.27
31.43, -0.3715, -13.60
31.44, -0.3720, -13.60
31.45, -0.3725, -13.64
31.46, -0.3730, -13.67
31.47, -0.3735, -13.53
31.48, -0.3740, -13.78
31.49, -0.3745, -13.78
31.50, -0.3750, -13.90
31.51, -0.3755, -13.86
31.52, -0.3760, -13.76
31.53, -0.3765, -13.93
31.54, -0.3770, -13.96
31.55, -0.3775, -14.12
31.56, -0.3780, -14.01
31.57, -0.3785, -14.11
31.58, -0.3790, -14.10
31.59, -0.3795, -14.08
31.60, -0.3800, -14.15
31.61, -0.3805, -14.19
31.62, -0.3810, -14.11
31.63, -0.3815, -14.23
31.64, -0.3820, -14.28
31.65, -0.3825, -14.34
31.66, -0.3830, -14.33
31.67, -0.3835, -14.36
31.68, -0.3840, -14.38
31.69, -0.3845, -14.43
31.70, -0.3850, -14.54
31.71, -0.3855, -14.46
31.72, -0.3860, -14.32
31.73, -0.3865, -14.54
31.74, -0.3870, -14.52
31.75, -0.3875, -14.59
31.76, -0.3880, -14.59
31.77, -0.3885, -14.64
31.78, -0.3890, -14.68
31.79, -0.3895, -14.70
31.80, -0.3900, -14.64
31.81, -0.3905, -14.76
31.82, -0.3910, -14.73
31.83, -0.3915, -14.89
31.84, -0.3920, -14.94
31.85, -0.3925, -14.94
31.86, -0.3930, -15.05
31.87, -0.3935, -15.07
31.88, -0.3940, -15.14
31.89, -0.3945, -15.13
31.90, -0.3950, -15.14
31.91, -0.3955, -15.25
31.92, -0.3960, -15.18
31.93, -0.3965, -15.34
31.94, -0.3970, -15.35
31.95, -0.3975, -15.21
31.96, -0.3980, -15.44
31.97, -0.3985, -15.43
31.98, -0.3990, -15.48
31.99, -0.3995, -15.51
32.00, -0.4000, -15.67
