0.01000, -0.3995, -100.0
0.02000, -0.3990, -100.0
0.03000, -0.3985, -100.0
0.04000, -0.3980, -100.0
0.05000, -0.3975, -99.67
0.06000, -0.3970, -93.65
0.07000, -0.3965, -88.24
0.08000, -0.3960, -83.53
0.09000, -0.3955, -79.29
0.1000, -0.3950, -75.53
0.1100, -0.3945, -72.19
0.1200, -0.3940, -69.13
0.1300, -0.3935, -66.40
0.1400, -0.3930, -63.88
0.1500, -0.3925, -61.59
0.1600, -0.3920, -59.36
0.1700, -0.3915, -57.43
0.1800, -0.3910, -55.59
0.1900, -0.3905, -53.87
0.2000, -0.3900, -52.23
0.2100, -0.3895, -50.64
0.2200, -0.3890, -49.27
0.2300, -0.3885, -47.90
0.2400, -0.3880, -46.58
0.2500, -0.3875, -45.36
0.2600, -0.3870, -44.17
0.2700, -0.3865, -43.08
0.2800, -0.3860, -41.99
0.2900, -0.3855, -40.99
0.3000, -0.3850, -40.04
0.3100, -0.3845, -39.06
0.3200, -0.3840, -38.25
0.3300, -0.3835, -37.42
0.3400, -0.3830, -36.61
0.3500, -0.3825, -35.88
0.3600, -0.3820, -35.10
0.3700, -0.3815, -34.42
0.3800, -0.3810, -33.76
0.3900, -0.3805, -33.12
0.4000, -0.3800, -32.49
0.4100, -0.3795, -31.85
0.4200, -0.3790, -31.29
0.4300, -0.3785, -30.70
0.4400, -0.3780, -30.18
0.4500, -0.3775, -29.65
0.4600, -0.3770, -29.13
0.4700, -0.3765, -28.67
0.4800, -0.3760, -28.19
0.4900, -0.3755, -27.72
0.5000, -0.3750, -27.25
0.5100, -0.3745, -26.76
0.5200, -0.3740, -26.39
0.5300, -0.3735, -26.00
0.5400, -0.3730, -25.59
0.5500, -0.3725, -25.17
0.5600, -0.3720, -24.79
0.5700, -0.3715, -24.47
0.5800, -0.3710, -24.09
0.5900, -0.3705, -23.73
0.6000, -0.3700, -23.41
0.6100, -0.3695, -23.04
0.6200, -0.3690, -22.75
0.6300, -0.3685, -22.39
0.6400, -0.3680, -22.09
0.6500, -0.3675, -21.72
0.6600, -0.3670, -21.37
0.6700, -0.3665, -21.13
0.6800, -0.3660, -20.82
0.6900, -0.3655, -20.53
0.7000, -0.3650, -20.21
0.7100, -0.3645, -19.86
0.7200, -0.3640, -19.63
0.7300, -0.3635, -19.40
0.7400, -0.3630, -19.10
0.7500, -0.3625, -18.85
0.7600, -0.3620, -18.52
0.7700, -0.3615, -18.37
0.7800, -0.3610, -18.13
0.7900, -0.3605, -17.87
0.8000, -0.3600, -17.62
0.8100, -0.3595, -17.30
0.8200, -0.3590, -17.19
0.8300, -0.3585, -16.94
0.8400, -0.3580, -16.75
0.8500, -0.3575, -16.52
0.8600, -0.3570, -16.24
0.8700, -0.3565, -16.08
0.8800, -0.3560, -15.88
0.8900, -0.3555, -15.70
0.9000, -0.3550, -15.52
0.9100, -0.3545, -15.18
0.9200, -0.3540, -15.09
0.9300, -0.3535, -14.86
0.9400, -0.3530, -14.72
0.9500, -0.3525, -14.55
0.9600, -0.3520, -14.29
0.9700, -0.3515, -14.16
0.9800, -0.3510, -13.94
0.9900, -0.3505, -13.81
1.000, -0.3500, -13.65
1.010, -0.3495, -13.46
1.020, -0.3490, -13.30
1.030, -0.3485, -13.10
1.040, -0.3480, -13.00
1.050, -0.3475, -12.79
1.060, -0.3470, -12.62
1.070, -0.3465, -12.48
1.080, -0.3460, -12.31
1.090, -0.3455, -12.16
1.100, -0.3450, -11.98
1.110, -0.3445, -11.72
1.120, -0.3440, -11.61
1.130, -0.3435, -11.41
1.140, -0.3430, -11.31
1.150, -0.3425, -11.16
1.160, -0.3420, -10.93
1.170, -0.3415, -10.85
1.180, -0.3410, -10.67
1.190, -0.3405, -10.59
1.200, -0.3400, -10.43
1.210, -0.3395, -10.18
1.220, -0.3390, -10.16
1.230, -0.3385, -10.01
1.240, -0.3380, -9.900
1.250, -0.3375, -9.775
1.260, -0.3370, -9.598
1.270, -0.3365, -9.511
1.280, -0.3360, -9.373
1.290, -0.3355, -9.269
1.300, -0.3350, -9.175
1.310, -0.3345, -8.978
1.320, -0.3340, -8.940
1.330, -0.3335, -8.804
1.340, -0.3330, -8.684
1.350, -0.3325, -8.592
1.360, -0.3320, -8.353
1.370, -0.3315, -8.371
1.380, -0.3310, -8.276
1.390, -0.3305, -8.137
1.400, -0.3300, -8.049
1.410, -0.3295, -7.906
1.420, -0.3290, -7.831
1.430, -0.3285, -7.691
1.440, -0.3280, -7.592
1.450, -0.3275, -7.511
1.460, -0.3270, -7.369
1.470, -0.3265, -7.356
1.480, -0.3260, -7.189
1.490, -0.3255, -7.065
1.500, -0.3250, -7.003
1.510, -0.3245, -6.822
1.520, -0.3240, -6.809
1.530, -0.3235, -6.683
1.540, -0.3230, -6.562
1.550, -0.3225, -6.431
1.560, -0.3220, -6.281
1.570, -0.3215, -6.248
1.580, -0.3210, -6.125
1.590, -0.3205, -6.035
1.600, -0.3200, -5.955
1.610, -0.3195, -5.749
1.620, -0.3190, -5.826
1.630, -0.3185, -5.691
1.640, -0.3180, -5.607
1.650, -0.3175, -5.502
1.660, -0.3170, -5.338
1.670, -0.3165, -5.317
1.680, -0.3160, -5.281
1.690, -0.3155, -5.182
1.700, -0.3150, -5.122
1.710, -0.3145, -4.973
1.720, -0.3140, -5.007
1.730, -0.3135, -4.884
1.740, -0.3130, -4.802
1.750, -0.3125, -4.749
1.760, -0.3120, -4.617
1.770, -0.3115, -4.625
1.780, -0.3110, -4.564
1.790, -0.3105, -4.489
1.800, -0.3100, -4.407
1.810, -0.3095, -4.310
1.820, -0.3090, -4.267
1.830, -0.3085, -4.205
1.840, -0.3080, -4.151
1.850, -0.3075, -4.054
1.860, -0.3070, -3.910
1.870, -0.3065, -3.933
1.880, -0.3060, -3.820
1.890, -0.3055, -3.802
1.900, -0.3050, -3.735
1.910, -0.3045, -3.628
1.920, -0.3040, -3.618
1.930, -0.3035, -3.493
1.940, -0.3030, -3.426
1.950, -0.3025, -3.354
1.960, -0.3020, -3.178
1.970, -0.3015, -3.218
1.980, -0.3010, -3.102
1.990, -0.3005, -3.065
2.000, -0.3000, -2.985
2.010, -0.2995, -2.880
2.020, -0.2990, -2.852
2.030, -0.2985, -2.787
2.040, -0.2980, -2.792
2.050, -0.2975, -2.684
2.060, -0.2970, -2.517
2.070, -0.2965, -2.586
2.080, -0.2960, -2.487
2.090, -0.2955, -2.526
2.100, -0.2950, -2.454
2.110, -0.2945, -2.366
2.120, -0.2940, -2.318
2.130, -0.2935, -2.283
2.140, -0.2930, -2.262
2.150, -0.2925, -2.217
2.160, -0.2920, -2.093
2.170, -0.2915, -2.097
2.180, -0.2910, -2.060
2.190, -0.2905, -2.003
2.200, -0.2900, -1.983
2.210, -0.2895, -1.872
2.220, -0.2890, -1.901
2.230, -0.2885, -1.843
2.240, -0.2880, -1.806
2.250, -0.2875, -1.793
2.260, -0.2870, -1.689
2.270, -0.2865, -1.693
2.280, -0.2860, -1.629
2.290, -0.2855, -1.602
2.300, -0.2850, -1.545
2.310, -0.2845, -1.465
2.320, -0.2840, -1.467
2.330, -0.2835, -1.427
2.340, -0.2830, -1.387
2.350, -0.2825, -1.361
2.360, -0.2820, -1.239
2.370, -0.2815, -1.212
2.380, -0.2810, -1.141
2.390, -0.2805, -1.098
2.400, -0.2800, -1.076
2.410, -0.2795, -0.9518
2.420, -0.2790, -0.9646
2.430, -0.2785, -0.9158
2.440, -0.2780, -0.8921
2.450, -0.2775, -0.8056
2.460, -0.2770, -0.7320
2.470, -0.2765, -0.7671
2.480, -0.2760, -0.7393
2.490, -0.2755, -0.6989
2.500, -0.2750, -0.6943
2.510, -0.2745, -0.6387
2.520, -0.2740, -0.6095
2.530, -0.2735, -0.5830
2.540, -0.2730, -0.5580
2.550, -0.2725, -0.5253
2.560, -0.2720, -0.4815
2.570, -0.2715, -0.4807
2.580, -0.2710, -0.4351
2.590, -0.2705, -0.4105
2.600, -0.2700, -0.3581
2.610, -0.2695, -0.3228
2.620, -0.2690, -0.2881
2.630, -0.2685, -0.2858
2.640, -0.2680, -0.2471
2.650, -0.2675, -0.2375
2.660, -0.2670, -0.2216
2.670, -0.2665, -0.1822
2.680, -0.2660, -0.1666
2.690, -0.2655, -0.1127
2.700, -0.2650, -0.08913
2.710, -0.2645, -0.03794
2.720, -0.2640, -0.04745
2.730, -0.2635, -0.01613
2.740, -0.2630, -0.001064
2.750, -0.2625, 0.06591
2.760, -0.2620, 0.09035
2.770, -0.2615, 0.1145
2.780, -0.2610, 0.1782
2.790, -0.2605, 0.2135
2.800, -0.2600, 0.2786
2.810, -0.2595, 0.3158
2.820, -0.2590, 0.3425
2.830, -0.2585, 0.3780
2.840, -0.2580, 0.3784
2.850, -0.2575, 0.4200
2.860, -0.2570, 0.4636
2.870, -0.2565, 0.4925
2.880, -0.2560, 0.5160
2.890, -0.2555, 0.5416
2.900, -0.2550, 0.5269
2.910, -0.2545, 0.6010
2.920, -0.2540, 0.6374
2.930, -0.2535, 0.6022
2.940, -0.2530, 0.6628
2.950, -0.2525, 0.6498
2.960, -0.2520, 0.6789
2.970, -0.2515, 0.6871
2.980, -0.2510, 0.7101
2.990, -0.2505, 0.7353
3.000, -0.2500, 0.7514
3.010, -0.2495, 0.8128
3.020, -0.2490, 0.8483
3.030, -0.2485, 0.8496
3.040, -0.2480, 0.8443
3.050, -0.2475, 0.8929
3.060, -0.2470, 0.8994
3.070, -0.2465, 0.9141
3.080, -0.2460, 0.9311
3.090, -0.2455, 0.9272
3.100, -0.2450, 0.9343
3.110, -0.2445, 0.9654
3.120, -0.2440, 1.002
3.130, -0.2435, 1.009
3.140, -0.2430, 1.032
3.150, -0.2425, 1.030
3.160, -0.2420, 1.044
3.170, -0.2415, 1.040
3.180, -0.2410, 1.103
3.190, -0.2405, 1.123
3.200, -0.2400, 1.175
3.210, -0.2395, 1.218
3.220, -0.2390, 1.260
3.230, -0.2385, 1.309
3.240, -0.2380, 1.314
3.250, -0.2375, 1.355
3.260, -0.2370, 1.358
3.270, -0.2365, 1.378
3.280, -0.2360, 1.408
3.290, -0.2355, 1.464
3.300, -0.2350, 1.461
3.310, -0.2345, 1.478
3.320, -0.2340, 1.467
3.330, -0.2335, 1.514
3.340, -0.2330, 1.496
3.350, -0.2325, 1.525
3.360, -0.2320, 1.517
3.370, -0.2315, 1.534
3.380, -0.2310, 1.568
3.390, -0.2305, 1.589
3.400, -0.2300, 1.582
3.410, -0.2295, 1.583
3.420, -0.2290, 1.607
3.430, -0.2285, 1.626
3.440, -0.2280, 1.635
3.450, -0.2275, 1.673
3.460, -0.2270, 1.669
3.470, -0.2265, 1.686
3.480, -0.2260, 1.690
3.490, -0.2255, 1.701
3.500, -0.2250, 1.702
3.510, -0.2245, 1.734
3.520, -0.2240, 1.726
3.530, -0.2235, 1.755
3.540, -0.2230, 1.748
3.550, -0.2225, 1.766
3.560, -0.2220, 1.779
3.570, -0.2215, 1.768
3.580, -0.2210, 1.782
3.590, -0.2205, 1.823
3.600, -0.2200, 1.824
3.610, -0.2195, 1.857
3.620, -0.2190, 1.849
3.630, -0.2185, 1.895
3.640, -0.2180, 1.927
3.650, -0.2175, 1.969
3.660, -0.2170, 1.996
3.670, -0.2165, 2.015
3.680, -0.2160, 2.019
3.690, -0.2155, 2.036
3.700, -0.2150, 2.090
3.710, -0.2145, 2.079
3.720, -0.2140, 2.099
3.730, -0.2135, 2.094
3.740, -0.2130, 2.123
3.750, -0.2125, 2.117
3.760, -0.2120, 2.138
3.770, -0.2115, 2.145
3.780, -0.2110, 2.139
3.790, -0.2105, 2.154
3.800, -0.2100, 2.166
3.810, -0.2095, 2.195
3.820, -0.2090, 2.197
3.830, -0.2085, 2.206
3.840, -0.2080, 2.194
3.850, -0.2075, 2.216
3.860, -0.2070, 2.237
3.870, -0.2065, 2.233
3.880, -0.2060, 2.248
3.890, -0.2055, 2.251
3.900, -0.2050, 2.260
3.910, -0.2045, 2.266
3.920, -0.2040, 2.291
3.930, -0.2035, 2.247
3.940, -0.2030, 2.295
3.950, -0.2025, 2.241
3.960, -0.2020, 2.276
3.970, -0.2015, 2.253
3.980, -0.2010, 2.269
3.990, -0.2005, 2.275
4.000, -0.2000, 2.281
4.010, -0.1995, 2.286
4.020, -0.1990, 2.313
4.030, -0.1985, 2.349
4.040, -0.1980, 2.345
4.050, -0.1975, 2.384
4.060, -0.1970, 2.379
4.070, -0.1965, 2.446
4.080, -0.1960, 2.462
4.090, -0.1955, 2.511
4.100, -0.1950, 2.485
4.110, -0.1945, 2.481
4.120, -0.1940, 2.521
4.130, -0.1935, 2.562
4.140, -0.1930, 2.506
4.150, -0.1925, 2.497
4.160, -0.1920, 2.536
4.170, -0.1915, 2.553
4.180, -0.1910, 2.542
4.190, -0.1905, 2.567
4.200, -0.1900, 2.562
4.210, -0.1895, 2.527
4.220, -0.1890, 2.549
4.230, -0.1885, 2.560
4.240, -0.1880, 2.581
4.250, -0.1875, 2.577
4.260, -0.1870, 2.565
4.270, -0.1865, 2.583
4.280, -0.1860, 2.580
4.290, -0.1855, 2.608
4.300, -0.1850, 2.570
4.310, -0.1845, 2.562
4.320, -0.1840, 2.580
4.330, -0.1835, 2.606
4.340, -0.1830, 2.613
4.350, -0.1825, 2.626
4.360, -0.1820, 2.601
4.370, -0.1815, 2.606
4.380, -0.1810, 2.578
4.390, -0.1805, 2.610
4.400, -0.1800, 2.599
4.410, -0.1795, 2.592
4.420, -0.1790, 2.591
4.430, -0.1785, 2.587
4.440, -0.1780, 2.606
4.450, -0.1775, 2.656
4.460, -0.1770, 2.650
4.470, -0.1765, 2.686
4.480, -0.1760, 2.690
4.490, -0.1755, 2.736
4.500, -0.1750, 2.750
4.510, -0.1745, 2.775
4.520, -0.1740, 2.787
4.530, -0.1735, 2.781
4.540, -0.1730, 2.810
4.550, -0.1725, 2.757
4.560, -0.1720, 2.805
4.570, -0.1715, 2.800
4.580, -0.1710, 2.782
4.590, -0.1705, 2.769
4.600, -0.1700, 2.791
4.610, -0.1695, 2.799
4.620, -0.1690, 2.814
4.630, -0.1685, 2.813
4.640, -0.1680, 2.800
4.650, -0.1675, 2.839
4.660, -0.1670, 2.810
4.670, -0.1665, 2.798
4.680, -0.1660, 2.794
4.690, -0.1655, 2.792
4.700, -0.1650, 2.799
4.710, -0.1645, 2.828
4.720, -0.1640, 2.825
4.730, -0.1635, 2.799
4.740, -0.1630, 2.810
4.750, -0.1625, 2.793
4.760, -0.1620, 2.788
4.770, -0.1615, 2.762
4.780, -0.1610, 2.786
4.790, -0.1605, 2.806
4.800, -0.1600, 2.794
4.810, -0.1595, 2.776
4.820, -0.1590, 2.786
4.830, -0.1585, 2.769
4.840, -0.1580, 2.783
4.850, -0.1575, 2.788
4.860, -0.1570, 2.780
4.870, -0.1565, 2.794
4.880, -0.1560, 2.825
4.890, -0.1555, 2.843
4.900, -0.1550, 2.850
4.910, -0.1545, 2.850
4.920, -0.1540, 2.903
4.930, -0.1535, 2.933
4.940, -0.1530, 2.895
4.950, -0.1525, 2.904
4.960, -0.1520, 2.933
4.970, -0.1515, 2.972
4.980, -0.1510, 2.953
4.990, -0.1505, 2.935
5.000, -0.1500, 2.945
5.010, -0.1495, 2.943
5.020, -0.1490, 2.957
5.030, -0.1485, 2.955
5.040, -0.1480, 2.917
5.050, -0.1475, 2.934
5.060, -0.1470, 2.925
5.070, -0.1465, 2.948
5.080, -0.1460, 2.934
5.090, -0.1455, 2.917
5.100, -0.1450, 2.923
5.110, -0.1445, 2.900
5.120, -0.1440, 2.887
5.130, -0.1435, 2.886
5.140, -0.1430, 2.892
5.150, -0.1425, 2.875
5.160, -0.1420, 2.862
5.170, -0.1415, 2.905
5.180, -0.1410, 2.908
5.190, -0.1405, 2.850
5.200, -0.1400, 2.845
5.210, -0.1395, 2.885
5.220, -0.1390, 2.882
5.230, -0.1385, 2.829
5.240, -0.1380, 2.868
5.250, -0.1375, 2.852
5.260, -0.1370, 2.859
5.270, -0.1365, 2.849
5.280, -0.1360, 2.847
5.290, -0.1355, 2.884
5.300, -0.1350, 2.896
5.310, -0.1345, 2.886
5.320, -0.1340, 2.914
5.330, -0.1335, 2.938
5.340, -0.1330, 2.962
5.350, -0.1325, 2.964
5.360, -0.1320, 2.965
5.370, -0.1315, 2.962
5.380, -0.1310, 2.980
5.390, -0.1305, 2.973
5.400, -0.1300, 2.992
5.410, -0.1295, 2.977
5.420, -0.1290, 2.967
5.430, -0.1285, 2.968
5.440, -0.1280, 2.950
5.450, -0.1275, 2.966
5.460, -0.1270, 2.951
5.470, -0.1265, 2.967
5.480, -0.1260, 2.938
5.490, -0.1255, 2.929
5.500, -0.1250, 2.939
5.510, -0.1245, 2.935
5.520, -0.1240, 2.937
5.530, -0.1235, 2.908
5.540, -0.1230, 2.938
5.550, -0.1225, 2.932
5.560, -0.1220, 2.940
5.570, -0.1215, 2.910
5.580, -0.1210, 2.889
5.590, -0.1205, 2.908
5.600, -0.1200, 2.944
5.610, -0.1195, 2.938
5.620, -0.1190, 2.900
5.630, -0.1185, 2.883
5.640, -0.1180, 2.901
5.650, -0.1175, 2.878
5.660, -0.1170, 2.870
5.670, -0.1165, 2.854
5.680, -0.1160, 2.848
5.690, -0.1155, 2.873
5.700, -0.1150, 2.867
5.710, -0.1145, 2.843
5.720, -0.1140, 2.893
5.730, -0.1135, 2.895
5.740, -0.1130, 2.910
5.750, -0.1125, 2.931
5.760, -0.1120, 2.947
5.770, -0.1115, 2.971
5.780, -0.1110, 2.979
5.790, -0.1105, 3.006
5.800, -0.1100, 2.993
5.810, -0.1095, 3.004
5.820, -0.1090, 2.999
5.830, -0.1085, 2.973
5.840, -0.1080, 2.975
5.850, -0.1075, 2.959
5.860, -0.1070, 2.987
5.870, -0.1065, 2.966
5.880, -0.1060, 2.978
5.890, -0.1055, 2.969
5.900, -0.1050, 2.977
5.910, -0.1045, 3.004
5.920, -0.1040, 2.982
5.930, -0.1035, 2.972
5.940, -0.1030, 2.963
5.950, -0.1025, 2.957
5.960, -0.1020, 2.964
5.970, -0.1015, 2.968
5.980, -0.1010, 2.968
5.990, -0.1005, 2.980
6.000, -0.1000, 2.957
6.010, -0.09950, 2.936
6.020, -0.09900, 2.969
6.030, -0.09850, 2.918
6.040, -0.09800, 2.930
6.050, -0.09750, 2.940
6.060, -0.09700, 2.946
6.070, -0.09650, 2.948
6.080, -0.09600, 2.949
6.090, -0.09550, 2.929
6.100, -0.09500, 2.927
6.110, -0.09450, 2.921
6.120, -0.09400, 2.946
6.130, -0.09350, 2.928
6.140, -0.09300, 2.958
6.150, -0.09250, 2.979
6.160, -0.09200, 2.998
6.170, -0.09150, 2.977
6.180, -0.09100, 3.007
6.190, -0.09050, 3.051
6.200, -0.09000, 3.041
6.210, -0.08950, 3.062
6.220, -0.08900, 3.079
6.230, -0.08850, 3.115
6.240, -0.08800, 3.077
6.250, -0.08750, 3.054
6.260, -0.08700, 3.083
6.270, -0.08650, 3.075
6.280, -0.08600, 3.064
6.290, -0.08550, 3.070
6.300, -0.08500, 3.048
6.310, -0.08450, 3.066
6.320, -0.08400, 3.065
6.330, -0.08350, 3.071
6.340, -0.08300, 3.097
6.350, -0.08250, 3.062
6.360, -0.08200, 3.046
6.370, -0.08150, 3.030
6.380, -0.08100, 3.077
6.390, -0.08050, 3.070
6.400, -0.08000, 3.058
6.410, -0.07950, 3.085
6.420, -0.07900, 3.038
6.430, -0.07850, 3.063
6.440, -0.07800, 3.111
6.450, -0.07750, 3.061
6.460, -0.07700, 3.035
6.470, -0.07650, 3.067
6.480, -0.07600, 3.085
6.490, -0.07550, 3.088
6.500, -0.07500, 3.074
6.510, -0.07450, 3.074
6.520, -0.07400, 3.067
6.530, -0.07350, 3.081
6.540, -0.07300, 3.067
6.550, -0.07250, 3.103
6.560, -0.07200, 3.093
6.570, -0.07150, 3.121
6.580, -0.07100, 3.167
6.590, -0.07050, 3.168
6.600, -0.07000, 3.183
6.610, -0.06950, 3.226
6.620, -0.06900, 3.227
6.630, -0.06850, 3.244
6.640, -0.06800, 3.251
6.650, -0.06750, 3.261
6.660, -0.06700, 3.260
6.670, -0.06650, 3.292
6.680, -0.06600, 3.270
6.690, -0.06550, 3.292
6.700, -0.06500, 3.313
6.710, -0.06450, 3.283
6.720, -0.06400, 3.283
6.730, -0.06350, 3.308
6.740, -0.06300, 3.315
6.750, -0.06250, 3.314
6.760, -0.06200, 3.305
6.770, -0.06150, 3.300
6.780, -0.06100, 3.307
6.790, -0.06050, 3.317
6.800, -0.06000, 3.347
6.810, -0.05950, 3.349
6.820, -0.05900, 3.344
6.830, -0.05850, 3.352
6.840, -0.05800, 3.364
6.850, -0.05750, 3.375
6.860, -0.05700, 3.359
6.870, -0.05650, 3.388
6.880, -0.05600, 3.378
6.890, -0.05550, 3.406
6.900, -0.05500, 3.414
6.910, -0.05450, 3.413
6.920, -0.05400, 3.417
6.930, -0.05350, 3.410
6.940, -0.05300, 3.429
6.950, -0.05250, 3.420
6.960, -0.05200, 3.432
6.970, -0.05150, 3.452
6.980, -0.05100, 3.481
6.990, -0.05050, 3.503
7.000, -0.05000, 3.526
7.010, -0.04950, 3.556
7.020, -0.04900, 3.594
7.030, -0.04850, 3.590
7.040, -0.04800, 3.630
7.050, -0.04750, 3.654
7.060, -0.04700, 3.674
7.070, -0.04650, 3.707
7.080, -0.04600, 3.704
7.090, -0.04550, 3.718
7.100, -0.04500, 3.730
7.110, -0.04450, 3.777
7.120, -0.04400, 3.772
7.130, -0.04350, 3.758
7.140, -0.04300, 3.755
7.150, -0.04250, 3.794
7.160, -0.04200, 3.824
7.170, -0.04150, 3.810
7.180, -0.04100, 3.824
7.190, -0.04050, 3.859
7.200, -0.04000, 3.838
7.210, -0.03950, 3.888
7.220, -0.03900, 3.898
7.230, -0.03850, 3.913
7.240, -0.03800, 3.907
7.250, -0.03750, 3.916
7.260, -0.03700, 3.932
7.270, -0.03650, 3.955
7.280, -0.03600, 3.992
7.290, -0.03550, 4.016
7.300, -0.03500, 4.011
7.310, -0.03450, 4.053
7.320, -0.03400, 4.050
7.330, -0.03350, 4.060
7.340, -0.03300, 4.064
7.350, -0.03250, 4.092
7.360, -0.03200, 4.105
7.370, -0.03150, 4.104
7.380, -0.03100, 4.128
7.390, -0.03050, 4.179
7.400, -0.03000, 4.185
7.410, -0.02950, 4.229
7.420, -0.02900, 4.267
7.430, -0.02850, 4.294
7.440, -0.02800, 4.357
7.450, -0.02750, 4.384
7.460, -0.02700, 4.401
7.470, -0.02650, 4.448
7.480, -0.02600, 4.478
7.490, -0.02550, 4.542
7.500, -0.02500, 4.546
7.510, -0.02450, 4.601
7.520, -0.02400, 4.627
7.530, -0.02350, 4.644
7.540, -0.02300, 4.620
7.550, -0.02250, 4.686
7.560, -0.02200, 4.684
7.570, -0.02150, 4.721
7.580, -0.02100, 4.739
7.590, -0.02050, 4.767
7.600, -0.02000, 4.810
7.610, -0.01950, 4.810
7.620, -0.01900, 4.861
7.630, -0.01850, 4.897
7.640, -0.01800, 4.941
7.650, -0.01750, 4.938
7.660, -0.01700, 4.951
7.670, -0.01650, 5.003
7.680, -0.01600, 5.057
7.690, -0.01550, 5.073
7.700, -0.01500, 5.128
7.710, -0.01450, 5.133
7.720, -0.01400, 5.148
7.730, -0.01350, 5.222
7.740, -0.01300, 5.245
7.750, -0.01250, 5.261
7.760, -0.01200, 5.307
7.770, -0.01150, 5.350
7.780, -0.01100, 5.383
7.790, -0.01050, 5.416
7.800, -0.01000, 5.423
7.810, -0.009500, 5.470
7.820, -0.009000, 5.512
7.830, -0.008500, 5.615
7.840, -0.008000, 5.665
7.850, -0.007500, 5.708
7.860, -0.007000, 5.773
7.870, -0.006500, 5.792
7.880, -0.006000, 5.864
7.890, -0.005500, 5.919
7.900, -0.005000, 5.952
7.910, -0.004500, 5.999
7.920, -0.004000, 6.080
7.930, -0.003500, 6.095
7.940, -0.003000, 6.147
7.950, -0.002500, 6.214
7.960, -0.002000, 6.248
7.970, -0.001500, 6.284
7.980, -0.001000, 6.341
7.990, -0.0005000, 6.380
8.000, 0.000, 6.437
8.010, 0.0005000, 6.492
8.020, 0.001000, 6.525
8.030, 0.001500, 6.598
8.040, 0.002000, 6.703
8.050, 0.002500, 6.729
8.060, 0.003000, 6.746
8.070, 0.003500, 6.741
8.080, 0.004000, 6.810
8.090, 0.004500, 6.892
8.100, 0.005000, 6.952
8.110, 0.005500, 7.050
8.120, 0.006000, 7.047
8.130, 0.006500, 7.083
8.140, 0.007000, 7.169
8.150, 0.007500, 7.232
8.160, 0.008000, 7.269
8.170, 0.008500, 7.340
8.180, 0.009000, 7.360
8.190, 0.009500, 7.429
8.200, 0.01000, 7.518
8.210, 0.01050, 7.588
8.220, 0.01100, 7.650
8.230, 0.01150, 7.717
8.240, 0.01200, 7.792
8.250, 0.01250, 7.872
8.260, 0.01300, 8.001
8.270, 0.01350, 8.013
8.280, 0.01400, 8.134
8.290, 0.01450, 8.197
8.300, 0.01500, 8.296
8.310, 0.01550, 8.372
8.320, 0.01600, 8.444
8.330, 0.01650, 8.499
8.340, 0.01700, 8.584
8.350, 0.01750, 8.629
8.360, 0.01800, 8.756
8.370, 0.01850, 8.769
8.380, 0.01900, 8.835
8.390, 0.01950, 8.910
8.400, 0.02000, 8.975
8.410, 0.02050, 9.070
8.420, 0.02100, 9.085
8.430, 0.02150, 9.183
8.440, 0.02200, 9.285
8.450, 0.02250, 9.351
8.460, 0.02300, 9.427
8.470, 0.02350, 9.486
8.480, 0.02400, 9.566
8.490, 0.02450, 9.616
8.500, 0.02500, 9.686
8.510, 0.02550, 9.807
8.520, 0.02600, 9.819
8.530, 0.02650, 9.907
8.540, 0.02700, 9.985
8.550, 0.02750, 10.06
8.560, 0.02800, 10.22
8.570, 0.02850, 10.23
8.580, 0.02900, 10.28
8.590, 0.02950, 10.37
8.600, 0.03000, 10.43
8.610, 0.03050, 10.51
8.620, 0.03100, 10.58
8.630, 0.03150, 10.69
8.640, 0.03200, 10.76
8.650, 0.03250, 10.84
8.660, 0.03300, 11.00
8.670, 0.03350, 11.06
8.680, 0.03400, 11.16
8.690, 0.03450, 11.22
8.700, 0.03500, 11.31
8.710, 0.03550, 11.46
8.720, 0.03600, 11.51
8.730, 0.03650, 11.62
8.740, 0.03700, 11.69
8.750, 0.03750, 11.77
8.760, 0.03800, 11.90
8.770, 0.03850, 11.93
8.780, 0.03900, 12.04
8.790, 0.03950, 12.12
8.800, 0.04000, 12.17
8.810, 0.04050, 12.27
8.820, 0.04100, 12.35
8.830, 0.04150, 12.42
8.840, 0.04200, 12.52
8.850, 0.04250, 12.58
8.860, 0.04300, 12.69
8.870, 0.04350, 12.78
8.880, 0.04400, 12.84
8.890, 0.04450, 12.92
8.900, 0.04500, 13.02
8.910, 0.04550, 13.05
8.920, 0.04600, 13.16
8.930, 0.04650, 13.23
8.940, 0.04700, 13.34
8.950, 0.04750, 13.40
8.960, 0.04800, 13.53
8.970, 0.04850, 13.56
8.980, 0.04900, 13.67
8.990, 0.04950, 13.75
9.000, 0.05000, 13.85
9.010, 0.05050, 13.95
9.020, 0.05100, 14.00
9.030, 0.05150, 14.08
9.040, 0.05200, 14.16
9.050, 0.05250, 14.27
9.060, 0.05300, 14.38
9.070, 0.05350, 14.43
9.080, 0.05400, 14.53
9.090, 0.05450, 14.63
9.100, 0.05500, 14.73
9.110, 0.05550, 14.84
9.120, 0.05600, 14.94
9.130, 0.05650, 15.03
9.140, 0.05700, 15.13
9.150, 0.05750, 15.22
9.160, 0.05800, 15.40
9.170, 0.05850, 15.40
9.180, 0.05900, 15.50
9.190, 0.05950, 15.59
9.200, 0.06000, 15.66
9.210, 0.06050, 15.77
9.220, 0.06100, 15.82
9.230, 0.06150, 15.92
9.240, 0.06200, 15.98
9.250, 0.06250, 16.08
9.260, 0.06300, 16.23
9.270, 0.06350, 16.24
9.280, 0.06400, 16.32
9.290, 0.06450, 16.42
9.300, 0.06500, 16.51
9.310, 0.06550, 16.63
9.320, 0.06600, 16.65
9.330, 0.06650, 16.74
9.340, 0.06700, 16.82
9.350, 0.06750, 16.87
9.360, 0.06800, 16.98
9.370, 0.06850, 17.04
9.380, 0.06900, 17.13
9.390, 0.06950, 17.21
9.400, 0.07000, 17.29
9.410, 0.07050, 17.39
9.420, 0.07100, 17.42
9.430, 0.07150, 17.52
9.440, 0.07200, 17.59
9.450, 0.07250, 17.68
9.460, 0.07300, 17.77
9.470, 0.07350, 17.80
9.480, 0.07400, 17.92
9.490, 0.07450, 17.98
9.500, 0.07500, 18.06
9.510, 0.07550, 18.24
9.520, 0.07600, 18.27
9.530, 0.07650, 18.35
9.540, 0.07700, 18.44
9.550, 0.07750, 18.54
9.560, 0.07800, 18.69
9.570, 0.07850, 18.70
9.580, 0.07900, 18.79
9.590, 0.07950, 18.83
9.600, 0.08000, 18.93
9.610, 0.08050, 19.03
9.620, 0.08100, 19.08
9.630, 0.08150, 19.13
9.640, 0.08200, 19.18
9.650, 0.08250, 19.26
9.660, 0.08300, 19.37
9.670, 0.08350, 19.40
9.680, 0.08400, 19.46
9.690, 0.08450, 19.53
9.700, 0.08500, 19.61
9.710, 0.08550, 19.71
9.720, 0.08600, 19.76
9.730, 0.08650, 19.84
9.740, 0.08700, 19.89
9.750, 0.08750, 19.95
9.760, 0.08800, 20.08
9.770, 0.08850, 20.07
9.780, 0.08900, 20.13
9.790, 0.08950, 20.17
9.800, 0.09000, 20.28
9.810, 0.09050, 20.36
9.820, 0.09100, 20.37
9.830, 0.09150, 20.43
9.840, 0.09200, 20.46
9.850, 0.09250, 20.54
9.860, 0.09300, 20.62
9.870, 0.09350, 20.61
9.880, 0.09400, 20.69
9.890, 0.09450, 20.74
9.900, 0.09500, 20.78
9.910, 0.09550, 20.89
9.920, 0.09600, 20.95
9.930, 0.09650, 21.05
9.940, 0.09700, 21.08
9.950, 0.09750, 21.11
9.960, 0.09800, 21.24
9.970, 0.09850, 21.27
9.980, 0.09900, 21.34
9.990, 0.09950, 21.36
10.00, 0.1000, 21.41
10.01, 0.1005, 21.50
10.02, 0.1010, 21.51
10.03, 0.1015, 21.56
10.04, 0.1020, 21.57
10.05, 0.1025, 21.63
10.06, 0.1030, 21.68
10.07, 0.1035, 21.71
10.08, 0.1040, 21.77
10.09, 0.1045, 21.76
10.10, 0.1050, 21.82
10.11, 0.1055, 21.85
10.12, 0.1060, 21.88
10.13, 0.1065, 21.92
10.14, 0.1070, 21.92
10.15, 0.1075, 21.95
10.16, 0.1080, 22.00
10.17, 0.1085, 22.02
10.18, 0.1090, 22.04
10.19, 0.1095, 22.03
10.20, 0.1100, 22.05
10.21, 0.1105, 22.08
10.22, 0.1110, 22.09
10.23, 0.1115, 22.12
10.24, 0.1120, 22.14
10.25, 0.1125, 22.16
10.26, 0.1130, 22.17
10.27, 0.1135, 22.18
10.28, 0.1140, 22.18
10.29, 0.1145, 22.19
10.30, 0.1150, 22.17
10.31, 0.1155, 22.23
10.32, 0.1160, 22.21
10.33, 0.1165, 22.22
10.34, 0.1170, 22.22
10.35, 0.1175, 22.27
10.36, 0.1180, 22.31
10.37, 0.1185, 22.29
10.38, 0.1190, 22.34
10.39, 0.1195, 22.28
10.40, 0.1200, 22.32
10.41, 0.1205, 22.37
10.42, 0.1210, 22.31
10.43, 0.1215, 22.33
10.44, 0.1220, 22.34
10.45, 0.1225, 22.37
10.46, 0.1230, 22.32
10.47, 0.1235, 22.25
10.48, 0.1240, 22.26
10.49, 0.1245, 22.30
10.50, 0.1250, 22.29
10.51, 0.1255, 22.29
10.52, 0.1260, 22.22
10.53, 0.1265, 22.21
10.54, 0.1270, 22.17
10.55, 0.1275, 22.15
10.56, 0.1280, 22.14
10.57, 0.1285, 22.14
10.58, 0.1290, 22.10
10.59, 0.1295, 22.10
10.60, 0.1300, 22.09
10.61, 0.1305, 22.04
10.62, 0.1310, 21.98
10.63, 0.1315, 21.96
10.64, 0.1320, 21.91
10.65, 0.1325, 21.89
10.66, 0.1330, 21.90
10.67, 0.1335, 21.83
10.68, 0.1340, 21.79
10.69, 0.1345, 21.75
10.70, 0.1350, 21.73
10.71, 0.1355, 21.74
10.72, 0.1360, 21.65
10.73, 0.1365, 21.60
10.74, 0.1370, 21.58
10.75, 0.1375, 21.55
10.76, 0.1380, 21.58
10.77, 0.1385, 21.49
10.78, 0.1390, 21.48
10.79, 0.1395, 21.48
10.80, 0.1400, 21.49
10.81, 0.1405, 21.52
10.82, 0.1410, 21.41
10.83, 0.1415, 21.37
10.84, 0.1420, 21.34
10.85, 0.1425, 21.33
10.86, 0.1430, 21.32
10.87, 0.1435, 21.24
10.88, 0.1440, 21.21
10.89, 0.1445, 21.18
10.90, 0.1450, 21.14
10.91, 0.1455, 21.14
10.92, 0.1460, 21.02
10.93, 0.1465, 21.01
10.94, 0.1470, 20.97
10.95, 0.1475, 20.94
10.96, 0.1480, 20.99
10.97, 0.1485, 20.87
10.98, 0.1490, 20.84
10.99, 0.1495, 20.83
11.00, 0.1500, 20.77
11.01, 0.1505, 20.78
11.02, 0.1510, 20.68
11.03, 0.1515, 20.65
11.04, 0.1520, 20.60
11.05, 0.1525, 20.56
11.06, 0.1530, 20.59
11.07, 0.1535, 20.50
11.08, 0.1540, 20.48
11.09, 0.1545, 20.41
11.10, 0.1550, 20.36
11.11, 0.1555, 20.39
11.12, 0.1560, 20.32
11.13, 0.1565, 20.28
11.14, 0.1570, 20.25
11.15, 0.1575, 20.20
11.16, 0.1580, 20.19
11.17, 0.1585, 20.16
11.18, 0.1590, 20.14
11.19, 0.1595, 20.10
11.20, 0.1600, 20.12
11.21, 0.1605, 20.12
11.22, 0.1610, 20.08
11.23, 0.1615, 20.08
11.24, 0.1620, 20.08
11.25, 0.1625, 20.03
11.26, 0.1630, 20.09
11.27, 0.1635, 20.03
11.28, 0.1640, 20.03
11.29, 0.1645, 19.97
11.30, 0.1650, 19.94
11.31, 0.1655, 20.00
11.32, 0.1660, 19.90
11.33, 0.1665, 19.90
11.34, 0.1670, 19.84
11.35, 0.1675, 19.84
11.36, 0.1680, 19.85
11.37, 0.1685, 19.79
11.38, 0.1690, 19.78
11.39, 0.1695, 19.72
11.40, 0.1700, 19.72
11.41, 0.1705, 19.70
11.42, 0.1710, 19.69
11.43, 0.1715, 19.68
11.44, 0.1720, 19.63
11.45, 0.1725, 19.62
11.46, 0.1730, 19.65
11.47, 0.1735, 19.58
11.48, 0.1740, 19.56
11.49, 0.1745, 19.54
11.50, 0.1750, 19.51
11.51, 0.1755, 19.51
11.52, 0.1760, 19.49
11.53, 0.1765, 19.46
11.54, 0.1770, 19.43
11.55, 0.1775, 19.41
11.56, 0.1780, 19.46
11.57, 0.1785, 19.38
11.58, 0.1790, 19.40
11.59, 0.1795, 19.37
11.60, 0.1800, 19.37
11.61, 0.1805, 19.35
11.62, 0.1810, 19.33
11.63, 0.1815, 19.35
11.64, 0.1820, 19.36
11.65, 0.1825, 19.40
11.66, 0.1830, 19.37
11.67, 0.1835, 19.36
11.68, 0.1840, 19.38
11.69, 0.1845, 19.38
11.70, 0.1850, 19.34
11.71, 0.1855, 19.35
11.72, 0.1860, 19.29
11.73, 0.1865, 19.32
11.74, 0.1870, 19.31
11.75, 0.1875, 19.30
11.76, 0.1880, 19.29
11.77, 0.1885, 19.25
11.78, 0.1890, 19.24
11.79, 0.1895, 19.21
11.80, 0.1900, 19.22
11.81, 0.1905, 19.21
11.82, 0.1910, 19.21
11.83, 0.1915, 19.20
11.84, 0.1920, 19.20
11.85, 0.1925, 19.19
11.86, 0.1930, 19.21
11.87, 0.1935, 19.16
11.88, 0.1940, 19.13
11.89, 0.1945, 19.13
11.90, 0.1950, 19.13
11.91, 0.1955, 19.14
11.92, 0.1960, 19.08
11.93, 0.1965, 19.06
11.94, 0.1970, 19.07
11.95, 0.1975, 19.03
11.96, 0.1980, 19.09
11.97, 0.1985, 19.05
11.98, 0.1990, 19.01
11.99, 0.1995, 19.02
12.00, 0.2000, 18.98
12.01, 0.2005, 19.01
12.02, 0.2010, 18.98
12.03, 0.2015, 19.00
12.04, 0.2020, 18.96
12.05, 0.2025, 19.01
12.06, 0.2030, 19.06
12.07, 0.2035, 19.04
12.08, 0.2040, 19.06
12.09, 0.2045, 19.04
12.10, 0.2050, 19.06
12.11, 0.2055, 19.13
12.12, 0.2060, 19.04
12.13, 0.2065, 19.07
12.14, 0.2070, 19.02
12.15, 0.2075, 19.01
12.16, 0.2080, 19.04
12.17, 0.2085, 19.02
12.18, 0.2090, 19.02
12.19, 0.2095, 19.02
12.20, 0.2100, 19.01
12.21, 0.2105, 19.02
12.22, 0.2110, 18.95
12.23, 0.2115, 18.96
12.24, 0.2120, 18.95
12.25, 0.2125, 18.94
12.26, 0.2130, 18.96
12.27, 0.2135, 18.94
12.28, 0.2140, 18.95
12.29, 0.2145, 18.94
12.30, 0.2150, 18.92
12.31, 0.2155, 18.95
12.32, 0.2160, 18.93
12.33, 0.2165, 18.92
12.34, 0.2170, 18.89
12.35, 0.2175, 18.90
12.36, 0.2180, 18.95
12.37, 0.2185, 18.91
12.38, 0.2190, 18.92
12.39, 0.2195, 18.88
12.40, 0.2200, 18.90
12.41, 0.2205, 18.91
12.42, 0.2210, 18.89
12.43, 0.2215, 18.88
12.44, 0.2220, 18.88
12.45, 0.2225, 18.91
12.46, 0.2230, 18.95
12.47, 0.2235, 18.91
12.48, 0.2240, 18.97
12.49, 0.2245, 18.98
12.50, 0.2250, 19.02
12.51, 0.2255, 19.05
12.52, 0.2260, 19.00
12.53, 0.2265, 19.03
12.54, 0.2270, 19.04
12.55, 0.2275, 19.03
12.56, 0.2280, 19.07
12.57, 0.2285, 19.06
12.58, 0.2290, 19.08
12.59, 0.2295, 19.05
12.60, 0.2300, 19.07
12.61, 0.2305, 19.07
12.62, 0.2310, 19.05
12.63, 0.2315, 19.07
12.64, 0.2320, 19.07
12.65, 0.2325, 19.04
12.66, 0.2330, 19.07
12.67, 0.2335, 19.07
12.68, 0.2340, 19.08
12.69, 0.2345, 19.06
12.70, 0.2350, 19.09
12.71, 0.2355, 19.14
12.72, 0.2360, 19.11
12.73, 0.2365, 19.08
12.74, 0.2370, 19.12
12.75, 0.2375, 19.13
12.76, 0.2380, 19.17
12.77, 0.2385, 19.15
12.78, 0.2390, 19.13
12.79, 0.2395, 19.13
12.80, 0.2400, 19.11
12.81, 0.2405, 19.17
12.82, 0.2410, 19.13
12.83, 0.2415, 19.15
12.84, 0.2420, 19.14
12.85, 0.2425, 19.16
12.86, 0.2430, 19.18
12.87, 0.2435, 19.19
12.88, 0.2440, 19.23
12.89, 0.2445, 19.24
12.90, 0.2450, 19.29
12.91, 0.2455, 19.33
12.92, 0.2460, 19.31
12.93, 0.2465, 19.37
12.94, 0.2470, 19.36
12.95, 0.2475, 19.38
12.96, 0.2480, 19.42
12.97, 0.2485, 19.41
12.98, 0.2490, 19.43
12.99, 0.2495, 19.42
13.00, 0.2500, 19.42
13.01, 0.2505, 19.49
13.02, 0.2510, 19.43
13.03, 0.2515, 19.50
13.04, 0.2520, 19.46
13.05, 0.2525, 19.50
13.06, 0.2530, 19.54
13.07, 0.2535, 19.51
13.08, 0.2540, 19.49
13.09, 0.2545, 19.50
13.10, 0.2550, 19.50
13.11, 0.2555, 19.53
13.12, 0.2560, 19.54
13.13, 0.2565, 19.54
13.14, 0.2570, 19.53
13.15, 0.2575, 19.54
13.16, 0.2580, 19.61
13.17, 0.2585, 19.55
13.18, 0.2590, 19.54
13.19, 0.2595, 19.56
13.20, 0.2600, 19.57
13.21, 0.2605, 19.60
13.22, 0.2610, 19.60
13.23, 0.2615, 19.56
13.24, 0.2620, 19.59
13.25, 0.2625, 19.61
13.26, 0.2630, 19.67
13.27, 0.2635, 19.62
13.28, 0.2640, 19.61
13.29, 0.2645, 19.66
13.30, 0.2650, 19.71
13.31, 0.2655, 19.72
13.32, 0.2660, 19.74
13.33, 0.2665, 19.78
13.34, 0.2670, 19.77
13.35, 0.2675, 19.81
13.36, 0.2680, 19.86
13.37, 0.2685, 19.83
13.38, 0.2690, 19.85
13.39, 0.2695, 19.85
13.40, 0.2700, 19.91
13.41, 0.2705, 19.95
13.42, 0.2710, 19.91
13.43, 0.2715, 19.86
13.44, 0.2720, 19.92
13.45, 0.2725, 19.90
13.46, 0.2730, 19.93
13.47, 0.2735, 19.91
13.48, 0.2740, 19.92
13.49, 0.2745, 19.92
13.50, 0.2750, 19.91
13.51, 0.2755, 19.97
13.52, 0.2760, 19.92
13.53, 0.2765, 19.91
13.54, 0.2770, 19.92
13.55, 0.2775, 19.94
13.56, 0.2780, 19.98
13.57, 0.2785, 19.95
13.58, 0.2790, 19.96
13.59, 0.2795, 19.94
13.60, 0.2800, 19.97
13.61, 0.2805, 19.99
13.62, 0.2810, 20.00
13.63, 0.2815, 19.95
13.64, 0.2820, 19.95
13.65, 0.2825, 19.96
13.66, 0.2830, 20.00
13.67, 0.2835, 19.99
13.68, 0.2840, 19.96
13.69, 0.2845, 19.96
13.70, 0.2850, 19.96
13.71, 0.2855, 20.01
13.72, 0.2860, 20.01
13.73, 0.2865, 20.03
13.74, 0.2870, 20.04
13.75, 0.2875, 20.06
13.76, 0.2880, 20.13
13.77, 0.2885, 20.12
13.78, 0.2890, 20.13
13.79, 0.2895, 20.10
13.80, 0.2900, 20.12
13.81, 0.2905, 20.17
13.82, 0.2910, 20.17
13.83, 0.2915, 20.19
13.84, 0.2920, 20.16
13.85, 0.2925, 20.13
13.86, 0.2930, 20.15
13.87, 0.2935, 20.12
13.88, 0.2940, 20.14
13.89, 0.2945, 20.12
13.90, 0.2950, 20.12
13.91, 0.2955, 20.14
13.92, 0.2960, 20.12
13.93, 0.2965, 20.11
13.94, 0.2970, 20.10
13.95, 0.2975, 20.10
13.96, 0.2980, 20.12
13.97, 0.2985, 20.09
13.98, 0.2990, 20.10
13.99, 0.2995, 20.08
14.00, 0.3000, 20.11
14.01, 0.3005, 20.11
14.02, 0.3010, 20.10
14.03, 0.3015, 20.07
14.04, 0.3020, 20.07
14.05, 0.3025, 20.06
14.06, 0.3030, 20.14
14.07, 0.3035, 20.06
14.08, 0.3040, 20.06
14.09, 0.3045, 20.06
14.10, 0.3050, 20.04
14.11, 0.3055, 20.06
14.12, 0.3060, 20.04
14.13, 0.3065, 20.06
14.14, 0.3070, 20.09
14.15, 0.3075, 20.06
14.16, 0.3080, 20.12
14.17, 0.3085, 20.13
14.18, 0.3090, 20.12
14.19, 0.3095, 20.12
14.20, 0.3100, 20.13
14.21, 0.3105, 20.18
14.22, 0.3110, 20.16
14.23, 0.3115, 20.19
14.24, 0.3120, 20.23
14.25, 0.3125, 20.14
14.26, 0.3130, 20.19
14.27, 0.3135, 20.16
14.28, 0.3140, 20.16
14.29, 0.3145, 20.14
14.30, 0.3150, 20.11
14.31, 0.3155, 20.16
14.32, 0.3160, 20.09
14.33, 0.3165, 20.05
14.34, 0.3170, 20.22
14.35, 0.3175, 20.10
14.36, 0.3180, 20.07
14.37, 0.3185, 20.07
14.38, 0.3190, 20.06
14.39, 0.3195, 20.07
14.40, 0.3200, 20.07
14.41, 0.3205, 20.06
14.42, 0.3210, 20.04
14.43, 0.3215, 20.04
14.44, 0.3220, 20.06
14.45, 0.3225, 20.03
14.46, 0.3230, 20.03
14.47, 0.3235, 19.99
14.48, 0.3240, 20.01
14.49, 0.3245, 19.99
14.50, 0.3250, 19.99
14.51, 0.3255, 19.98
14.52, 0.3260, 19.96
14.53, 0.3265, 19.98
14.54, 0.3270, 19.95
14.55, 0.3275, 19.98
14.56, 0.3280, 19.98
14.57, 0.3285, 20.00
14.58, 0.3290, 20.00
14.59, 0.3295, 20.02
14.60, 0.3300, 20.05
14.61, 0.3305, 20.08
14.62, 0.3310, 20.05
14.63, 0.3315, 20.06
14.64, 0.3320, 20.06
14.65, 0.3325, 20.03
14.66, 0.3330, 20.07
14.67, 0.3335, 20.05
14.68, 0.3340, 20.05
14.69, 0.3345, 20.03
14.70, 0.3350, 20.03
14.71, 0.3355, 20.08
14.72, 0.3360, 20.02
14.73, 0.3365, 20.01
14.74, 0.3370, 20.04
14.75, 0.3375, 20.02
14.76, 0.3380, 20.03
14.77, 0.3385, 20.00
14.78, 0.3390, 19.97
14.79, 0.3395, 19.99
14.80, 0.3400, 20.00
14.81, 0.3405, 19.99
14.82, 0.3410, 19.96
14.83, 0.3415, 19.97
14.84, 0.3420, 19.96
14.85, 0.3425, 19.96
14.86, 0.3430, 19.95
14.87, 0.3435, 19.94
14.88, 0.3440, 19.99
14.89, 0.3445, 19.94
14.90, 0.3450, 19.97
14.91, 0.3455, 19.98
14.92, 0.3460, 19.94
14.93, 0.3465, 19.92
14.94, 0.3470, 19.90
14.95, 0.3475, 19.94
14.96, 0.3480, 19.94
14.97, 0.3485, 19.91
14.98, 0.3490, 19.97
14.99, 0.3495, 19.93
15.00, 0.3500, 19.97
15.01, 0.3505, 20.02
15.02, 0.3510, 20.02
15.03, 0.3515, 20.01
15.04, 0.3520, 20.00
15.05, 0.3525, 20.02
15.06, 0.3530, 20.05
15.07, 0.3535, 20.07
15.08, 0.3540, 20.05
15.09, 0.3545, 20.03
15.10, 0.3550, 20.04
15.11, 0.3555, 20.09
15.12, 0.3560, 20.05
15.13, 0.3565, 20.04
15.14, 0.3570, 20.01
15.15, 0.3575, 20.03
15.16, 0.3580, 20.06
15.17, 0.3585, 20.03
15.18, 0.3590, 20.05
15.19, 0.3595, 20.03
15.20, 0.3600, 20.01
15.21, 0.3605, 20.03
15.22, 0.3610, 20.01
15.23, 0.3615, 20.02
15.24, 0.3620, 20.03
15.25, 0.3625, 19.99
15.26, 0.3630, 20.06
15.27, 0.3635, 20.03
15.28, 0.3640, 20.04
15.29, 0.3645, 20.01
15.30, 0.3650, 20.01
15.31, 0.3655, 20.04
15.32, 0.3660, 20.01
15.33, 0.3665, 20.00
15.34, 0.3670, 20.01
15.35, 0.3675, 20.03
15.36, 0.3680, 20.02
15.37, 0.3685, 19.99
15.38, 0.3690, 20.00
15.39, 0.3695, 20.02
15.40, 0.3700, 20.01
15.41, 0.3705, 20.10
15.42, 0.3710, 20.06
15.43, 0.3715, 20.07
15.44, 0.3720, 20.12
15.45, 0.3725, 20.17
15.46, 0.3730, 20.15
15.47, 0.3735, 20.20
15.48, 0.3740, 20.16
15.49, 0.3745, 20.18
15.50, 0.3750, 20.14
15.51, 0.3755, 20.19
15.52, 0.3760, 20.19
15.53, 0.3765, 20.18
15.54, 0.3770, 20.19
15.55, 0.3775, 20.21
15.56, 0.3780, 20.21
15.57, 0.3785, 20.20
15.58, 0.3790, 20.19
15.59, 0.3795, 20.20
15.60, 0.3800, 20.22
15.61, 0.3805, 20.24
15.62, 0.3810, 20.20
15.63, 0.3815, 20.23
15.64, 0.3820, 20.23
15.65, 0.3825, 20.22
15.66, 0.3830, 20.24
15.67, 0.3835, 20.22
15.68, 0.3840, 20.23
15.69, 0.3845, 20.22
15.70, 0.3850, 20.27
15.71, 0.3855, 20.30
15.72, 0.3860, 20.22
15.73, 0.3865, 20.26
15.74, 0.3870, 20.25
15.75, 0.3875, 20.26
15.76, 0.3880, 20.26
15.77, 0.3885, 20.25
15.78, 0.3890, 20.25
15.79, 0.3895, 20.26
15.80, 0.3900, 20.29
15.81, 0.3905, 20.33
15.82, 0.3910, 20.31
15.83, 0.3915, 20.31
15.84, 0.3920, 20.32
15.85, 0.3925, 20.39
15.86, 0.3930, 20.43
15.87, 0.3935, 20.45
15.88, 0.3940, 20.46
15.89, 0.3945, 20.46
15.90, 0.3950, 20.47
15.91, 0.3955, 20.50
15.92, 0.3960, 20.48
15.93, 0.3965, 20.52
15.94, 0.3970, 20.50
15.95, 0.3975, 20.58
15.96, 0.3980, 20.61
15.97, 0.3985, 20.54
15.98, 0.3990, 20.53
15.99, 0.3995, 20.56
16.00, 0.4000, 20.57
16.01, 0.3995, 20.24
16.02, 0.3990, 19.90
16.03, 0.3985, 19.62
16.04, 0.3980, 19.35
16.05, 0.3975, 19.11
16.06, 0.3970, 18.88
16.07, 0.3965, 18.64
16.08, 0.3960, 18.45
16.09, 0.3955, 18.20
16.10, 0.3950, 18.03
16.11, 0.3945, 17.86
16.12, 0.3940, 17.66
16.13, 0.3935, 17.48
16.14, 0.3930, 17.30
16.15, 0.3925, 17.11
16.16, 0.3920, 16.98
16.17, 0.3915, 16.81
16.18, 0.3910, 16.65
16.19, 0.3905, 16.45
16.20, 0.3900, 16.30
16.21, 0.3895, 16.24
16.22, 0.3890, 16.01
16.23, 0.3885, 15.88
16.24, 0.3880, 15.71
16.25, 0.3875, 15.57
16.26, 0.3870, 15.45
16.27, 0.3865, 15.20
16.28, 0.3860, 15.07
16.29, 0.3855, 14.94
16.30, 0.3850, 14.78
16.31, 0.3845, 14.68
16.32, 0.3840, 14.50
16.33, 0.3835, 14.40
16.34, 0.3830, 14.23
16.35, 0.3825, 14.09
16.36, 0.3820, 14.03
16.37, 0.3815, 13.83
16.38, 0.3810, 13.76
16.39, 0.3805, 13.65
16.40, 0.3800, 13.53
16.41, 0.3795, 13.45
16.42, 0.3790, 13.28
16.43, 0.3785, 13.21
16.44, 0.3780, 13.08
16.45, 0.3775, 12.99
16.46, 0.3770, 12.94
16.47, 0.3765, 12.76
16.48, 0.3760, 12.70
16.49, 0.3755, 12.57
16.50, 0.3750, 12.46
16.51, 0.3745, 12.44
16.52, 0.3740, 12.28
16.53, 0.3735, 12.29
16.54, 0.3730, 12.15
16.55, 0.3725, 12.01
16.56, 0.3720, 11.98
16.57, 0.3715, 11.81
16.58, 0.3710, 11.85
16.59, 0.3705, 11.64
16.60, 0.3700, 11.64
16.61, 0.3695, 11.55
16.62, 0.3690, 11.37
16.63, 0.3685, 11.40
16.64, 0.3680, 11.11
16.65, 0.3675, 11.12
16.66, 0.3670, 11.07
16.67, 0.3665, 10.91
16.68, 0.3660, 10.87
16.69, 0.3655, 10.78
16.70, 0.3650, 10.62
16.71, 0.3645, 10.60
16.72, 0.3640, 10.45
16.73, 0.3635, 10.40
16.74, 0.3630, 10.27
16.75, 0.3625, 10.23
16.76, 0.3620, 10.25
16.77, 0.3615, 10.09
16.78, 0.3610, 10.08
16.79, 0.3605, 9.930
16.80, 0.3600, 9.881
16.81, 0.3595, 9.820
16.82, 0.3590, 9.708
16.83, 0.3585, 9.685
16.84, 0.3580, 9.596
16.85, 0.3575, 9.564
16.86, 0.3570, 9.569
16.87, 0.3565, 9.390
16.88, 0.3560, 9.390
16.89, 0.3555, 9.270
16.90, 0.3550, 9.253
16.91, 0.3545, 9.223
16.92, 0.3540, 9.078
16.93, 0.3535, 9.109
16.94, 0.3530, 9.043
16.95, 0.3525, 8.989
16.96, 0.3520, 8.937
16.97, 0.3515, 8.799
16.98, 0.3510, 8.797
16.99, 0.3505, 8.733
17.00, 0.3500, 8.708
17.01, 0.3495, 8.652
17.02, 0.3490, 8.533
17.03, 0.3485, 8.589
17.04, 0.3480, 8.501
17.05, 0.3475, 8.423
17.06, 0.3470, 8.439
17.07, 0.3465, 8.301
17.08, 0.3460, 8.262
17.09, 0.3455, 8.146
17.10, 0.3450, 8.143
17.11, 0.3445, 8.022
17.12, 0.3440, 7.937
17.13, 0.3435, 7.985
17.14, 0.3430, 7.870
17.15, 0.3425, 7.760
17.16, 0.3420, 7.657
17.17, 0.3415, 7.615
17.18, 0.3410, 7.750
17.19, 0.3405, 7.517
17.20, 0.3400, 7.551
17.21, 0.3395, 7.465
17.22, 0.3390, 7.424
17.23, 0.3385, 7.313
17.24, 0.3380, 7.350
17.25, 0.3375, 7.292
17.26, 0.3370, 7.460
17.27, 0.3365, 7.195
17.28, 0.3360, 7.180
17.29, 0.3355, 7.154
17.30, 0.3350, 7.128
17.31, 0.3345, 7.153
17.32, 0.3340, 7.018
17.33, 0.3335, 7.241
17.34, 0.3330, 6.925
17.35, 0.3325, 6.905
17.36, 0.3320, 6.940
17.37, 0.3315, 6.837
17.38, 0.3310, 6.846
17.39, 0.3305, 6.743
17.40, 0.3300, 6.744
17.41, 0.3295, 6.805
17.42, 0.3290, 6.678
17.43, 0.3285, 6.602
17.44, 0.3280, 6.606
17.45, 0.3275, 6.603
17.46, 0.3270, 6.620
17.47, 0.3265, 6.535
17.48, 0.3260, 6.626
17.49, 0.3255, 6.450
17.50, 0.3250, 6.367
17.51, 0.3245, 6.431
17.52, 0.3240, 6.302
17.53, 0.3235, 6.288
17.54, 0.3230, 6.186
17.55, 0.3225, 6.188
17.56, 0.3220, 6.142
17.57, 0.3215, 6.065
17.58, 0.3210, 6.093
17.59, 0.3205, 6.004
17.60, 0.3200, 5.965
17.61, 0.3195, 6.045
17.62, 0.3190, 5.917
17.63, 0.3185, 5.929
17.64, 0.3180, 5.844
17.65, 0.3175, 5.865
17.66, 0.3170, 5.945
17.67, 0.3165, 5.799
17.68, 0.3160, 5.829
17.69, 0.3155, 5.757
17.70, 0.3150, 5.689
17.71, 0.3145, 5.692
17.72, 0.3140, 5.653
17.73, 0.3135, 5.690
17.74, 0.3130, 5.595
17.75, 0.3125, 5.562
17.76, 0.3120, 5.611
17.77, 0.3115, 5.508
17.78, 0.3110, 5.533
17.79, 0.3105, 5.455
17.80, 0.3100, 5.455
17.81, 0.3095, 5.475
17.82, 0.3090, 5.402
17.83, 0.3085, 5.431
17.84, 0.3080, 5.378
17.85, 0.3075, 5.353
17.86, 0.3070, 5.386
17.87, 0.3065, 5.288
17.88, 0.3060, 5.286
17.89, 0.3055, 5.237
17.90, 0.3050, 5.246
17.91, 0.3045, 5.264
17.92, 0.3040, 5.196
17.93, 0.3035, 5.172
17.94, 0.3030, 5.114
17.95, 0.3025, 5.094
17.96, 0.3020, 5.079
17.97, 0.3015, 4.990
17.98, 0.3010, 4.981
17.99, 0.3005, 4.923
18.00, 0.3000, 4.895
18.01, 0.2995, 4.919
18.02, 0.2990, 4.852
18.03, 0.2985, 4.798
18.04, 0.2980, 4.785
18.05, 0.2975, 4.756
18.06, 0.2970, 4.798
18.07, 0.2965, 4.745
18.08, 0.2960, 4.711
18.09, 0.2955, 4.719
18.10, 0.2950, 4.680
18.11, 0.2945, 4.739
18.12, 0.2940, 4.685
18.13, 0.2935, 4.639
18.14, 0.2930, 4.632
18.15, 0.2925, 4.635
18.16, 0.2920, 4.613
18.17, 0.2915, 4.555
18.18, 0.2910, 4.559
18.19, 0.2905, 4.542
18.20, 0.2900, 4.544
18.21, 0.2895, 4.517
18.22, 0.2890, 4.503
18.23, 0.2885, 4.490
18.24, 0.2880, 4.460
18.25, 0.2875, 4.461
18.26, 0.2870, 4.452
18.27, 0.2865, 4.432
18.28, 0.2860, 4.402
18.29, 0.2855, 4.426
18.30, 0.2850, 4.409
18.31, 0.2845, 4.372
18.32, 0.2840, 4.375
18.33, 0.2835, 4.330
18.34, 0.2830, 4.309
18.35, 0.2825, 4.282
18.36, 0.2820, 4.243
18.37, 0.2815, 4.195
18.38, 0.2810, 4.181
18.39, 0.2805, 4.144
18.40, 0.2800, 4.131
18.41, 0.2795, 4.094
18.42, 0.2790, 4.055
18.43, 0.2785, 4.028
18.44, 0.2780, 4.004
18.45, 0.2775, 4.033
18.46, 0.2770, 4.035
18.47, 0.2765, 3.989
18.48, 0.2760, 3.971
18.49, 0.2755, 3.957
18.50, 0.2750, 3.935
18.51, 0.2745, 3.933
18.52, 0.2740, 3.895
18.53, 0.2735, 3.921
18.54, 0.2730, 3.906
18.55, 0.2725, 3.896
18.56, 0.2720, 3.874
18.57, 0.2715, 3.857
18.58, 0.2710, 3.839
18.59, 0.2705, 3.824
18.60, 0.2700, 3.807
18.61, 0.2695, 3.786
18.62, 0.2690, 3.807
18.63, 0.2685, 3.781
18.64, 0.2680, 3.780
18.65, 0.2675, 3.740
18.66, 0.2670, 3.740
18.67, 0.2665, 3.752
18.68, 0.2660, 3.711
18.69, 0.2655, 3.710
18.70, 0.2650, 3.701
18.71, 0.2645, 3.689
18.72, 0.2640, 3.689
18.73, 0.2635, 3.694
18.74, 0.2630, 3.673
18.75, 0.2625, 3.580
18.76, 0.2620, 3.605
18.77, 0.2615, 3.587
18.78, 0.2610, 3.552
18.79, 0.2605, 3.501
18.80, 0.2600, 3.497
18.81, 0.2595, 3.436
18.82, 0.2590, 3.448
18.83, 0.2585, 3.432
18.84, 0.2580, 3.452
18.85, 0.2575, 3.363
18.86, 0.2570, 3.363
18.87, 0.2565, 3.325
18.88, 0.2560, 3.348
18.89, 0.2555, 3.336
18.90, 0.2550, 3.330
18.91, 0.2545, 3.314
18.92, 0.2540, 3.305
18.93, 0.2535, 3.292
18.94, 0.2530, 3.258
18.95, 0.2525, 3.262
18.96, 0.2520, 3.252
18.97, 0.2515, 3.235
18.98, 0.2510, 3.228
18.99, 0.2505, 3.221
19.00, 0.2500, 3.165
19.01, 0.2495, 3.173
19.02, 0.2490, 3.144
19.03, 0.2485, 3.158
19.04, 0.2480, 3.142
19.05, 0.2475, 3.097
19.06, 0.2470, 3.121
19.07, 0.2465, 3.107
19.08, 0.2460, 3.111
19.09, 0.2455, 3.098
19.10, 0.2450, 3.090
19.11, 0.2445, 3.096
19.12, 0.2440, 3.068
19.13, 0.2435, 3.088
19.14, 0.2430, 3.064
19.15, 0.2425, 3.048
19.16, 0.2420, 3.043
19.17, 0.2415, 3.049
19.18, 0.2410, 3.028
19.19, 0.2405, 3.008
19.20, 0.2400, 2.974
19.21, 0.2395, 2.922
19.22, 0.2390, 2.854
19.23, 0.2385, 2.820
19.24, 0.2380, 2.839
19.25, 0.2375, 2.816
19.26, 0.2370, 2.821
19.27, 0.2365, 2.785
19.28, 0.2360, 2.739
19.29, 0.2355, 2.750
19.30, 0.2350, 2.736
19.31, 0.2345, 2.722
19.32, 0.2340, 2.709
19.33, 0.2335, 2.684
19.34, 0.2330, 2.683
19.35, 0.2325, 2.690
19.36, 0.2320, 2.694
19.37, 0.2315, 2.674
19.38, 0.2310, 2.643
19.39, 0.2305, 2.634
19.40, 0.2300, 2.625
19.41, 0.2295, 2.620
19.42, 0.2290, 2.620
19.43, 0.2285, 2.594
19.44, 0.2280, 2.563
19.45, 0.2275, 2.572
19.46, 0.2270, 2.548
19.47, 0.2265, 2.550
19.48, 0.2260, 2.533
19.49, 0.2255, 2.507
19.50, 0.2250, 2.515
19.51, 0.2245, 2.513
19.52, 0.2240, 2.491
19.53, 0.2235, 2.482
19.54, 0.2230, 2.473
19.55, 0.2225, 2.464
19.56, 0.2220, 2.438
19.57, 0.2215, 2.446
19.58, 0.2210, 2.439
19.59, 0.2205, 2.407
19.60, 0.2200, 2.407
19.61, 0.2195, 2.386
19.62, 0.2190, 2.326
19.63, 0.2185, 2.320
19.64, 0.2180, 2.252
19.65, 0.2175, 2.224
19.66, 0.2170, 2.233
19.67, 0.2165, 2.211
19.68, 0.2160, 2.168
19.69, 0.2155, 2.125
19.70, 0.2150, 2.124
19.71, 0.2145, 2.109
19.72, 0.2140, 2.096
19.73, 0.2135, 2.110
19.74, 0.2130, 2.071
19.75, 0.2125, 2.055
19.76, 0.2120, 2.041
19.77, 0.2115, 2.049
19.78, 0.2110, 2.078
19.79, 0.2105, 2.022
19.80, 0.2100, 2.036
19.81, 0.2095, 1.995
19.82, 0.2090, 1.991
19.83, 0.2085, 1.978
19.84, 0.2080, 1.924
19.85, 0.2075, 1.963
19.86, 0.2070, 1.952
19.87, 0.2065, 1.918
19.88, 0.2060, 1.940
19.89, 0.2055, 1.932
19.90, 0.2050, 1.934
19.91, 0.2045, 1.871
19.92, 0.2040, 1.888
19.93, 0.2035, 1.875
19.94, 0.2030, 1.841
19.95, 0.2025, 1.821
19.96, 0.2020, 1.823
19.97, 0.2015, 1.843
19.98, 0.2010, 1.816
19.99, 0.2005, 1.798
20.00, 0.2000, 1.778
20.01, 0.1995, 1.779
20.02, 0.1990, 1.786
20.03, 0.1985, 1.724
20.04, 0.1980, 1.702
20.05, 0.1975, 1.667
20.06, 0.1970, 1.625
20.07, 0.1965, 1.555
20.08, 0.1960, 1.574
20.09, 0.1955, 1.561
20.10, 0.1950, 1.524
20.11, 0.1945, 1.497
20.12, 0.1940, 1.492
20.13, 0.1935, 1.479
20.14, 0.1930, 1.448
20.15, 0.1925, 1.424
20.16, 0.1920, 1.398
20.17, 0.1915, 1.384
20.18, 0.1910, 1.377
20.19, 0.1905, 1.383
20.20, 0.1900, 1.383
20.21, 0.1895, 1.343
20.22, 0.1890, 1.356
20.23, 0.1885, 1.352
20.24, 0.1880, 1.332
20.25, 0.1875, 1.339
20.26, 0.1870, 1.316
20.27, 0.1865, 1.273
20.28, 0.1860, 1.281
20.29, 0.1855, 1.267
20.30, 0.1850, 1.254
20.31, 0.1845, 1.262
20.32, 0.1840, 1.230
20.33, 0.1835, 1.221
20.34, 0.1830, 1.210
20.35, 0.1825, 1.213
20.36, 0.1820, 1.179
20.37, 0.1815, 1.169
20.38, 0.1810, 1.143
20.39, 0.1805, 1.168
20.40, 0.1800, 1.151
20.41, 0.1795, 1.173
20.42, 0.1790, 1.138
20.43, 0.1785, 1.116
20.44, 0.1780, 1.100
20.45, 0.1775, 1.068
20.46, 0.1770, 1.043
20.47, 0.1765, 0.9961
20.48, 0.1760, 0.9764
20.49, 0.1755, 0.9620
20.50, 0.1750, 0.9335
20.51, 0.1745, 0.8737
20.52, 0.1740, 0.8735
20.53, 0.1735, 0.8701
20.54, 0.1730, 0.8223
20.55, 0.1725, 0.8276
20.56, 0.1720, 0.8246
20.57, 0.1715, 0.7949
20.58, 0.1710, 0.7970
20.59, 0.1705, 0.7742
20.60, 0.1700, 0.8059
20.61, 0.1695, 0.7855
20.62, 0.1690, 0.7675
20.63, 0.1685, 0.7286
20.64, 0.1680, 0.7179
20.65, 0.1675, 0.7154
20.66, 0.1670, 0.6970
20.67, 0.1665, 0.7072
20.68, 0.1660, 0.6990
20.69, 0.1655, 0.6803
20.70, 0.1650, 0.6690
20.71, 0.1645, 0.6756
20.72, 0.1640, 0.6564
20.73, 0.1635, 0.6266
20.74, 0.1630, 0.6179
20.75, 0.1625, 0.6143
20.76, 0.1620, 0.5976
20.77, 0.1615, 0.5790
20.78, 0.1610, 0.5940
20.79, 0.1605, 0.5697
20.80, 0.1600, 0.5705
20.81, 0.1595, 0.5527
20.82, 0.1590, 0.5780
20.83, 0.1585, 0.5463
20.84, 0.1580, 0.5344
20.85, 0.1575, 0.5224
20.86, 0.1570, 0.5083
20.87, 0.1565, 0.5268
20.88, 0.1560, 0.4458
20.89, 0.1555, 0.4302
20.90, 0.1550, 0.3945
20.91, 0.1545, 0.3902
20.92, 0.1540, 0.3409
20.93, 0.1535, 0.3248
20.94, 0.1530, 0.2940
20.95, 0.1525, 0.2655
20.96, 0.1520, 0.2695
20.97, 0.1515, 0.2450
20.98, 0.1510, 0.2367
20.99, 0.1505, 0.2248
21.00, 0.1500, 0.1954
21.01, 0.1495, 0.2065
21.02, 0.1490, 0.1812
21.03, 0.1485, 0.1749
21.04, 0.1480, 0.1754
21.05, 0.1475, 0.1532
21.06, 0.1470, 0.1362
21.07, 0.1465, 0.1711
21.08, 0.1460, 0.1648
21.09, 0.1455, 0.1418
21.10, 0.1450, 0.1086
21.11, 0.1445, 0.1063
21.12, 0.1440, 0.1113
21.13, 0.1435, 0.09841
21.14, 0.1430, 0.06524
21.15, 0.1425, 0.06680
21.16, 0.1420, 0.06160
21.17, 0.1415, 0.07350
21.18, 0.1410, 0.06208
21.19, 0.1405, 0.07774
21.20, 0.1400, 0.03815
21.21, 0.1395, 0.03445
21.22, 0.1390, 0.05245
21.23, 0.1385, 0.04749
21.24, 0.1380, 0.04611
21.25, 0.1375, 0.03850
21.26, 0.1370, 0.01455
21.27, 0.1365, 0.01703
21.28, 0.1360, 0.006339
21.29, 0.1355, -0.01623
21.30, 0.1350, -0.02170
21.31, 0.1345, -0.08525
21.32, 0.1340, -0.1149
21.33, 0.1335, -0.1347
21.34, 0.1330, -0.1421
21.35, 0.1325, -0.1729
21.36, 0.1320, -0.2009
21.37, 0.1315, -0.2527
21.38, 0.1310, -0.2630
21.39, 0.1305, -0.2385
21.40, 0.1300, -0.2493
21.41, 0.1295, -0.2428
21.42, 0.1290, -0.2790
21.43, 0.1285, -0.2807
21.44, 0.1280, -0.2916
21.45, 0.1275, -0.3083
21.46, 0.1270, -0.3110
21.47, 0.1265, -0.3157
21.48, 0.1260, -0.3187
21.49, 0.1255, -0.3204
21.50, 0.1250, -0.3771
21.51, 0.1245, -0.3423
21.52, 0.1240, -0.3809
21.53, 0.1235, -0.3926
21.54, 0.1230, -0.3530
21.55, 0.1225, -0.3699
21.56, 0.1220, -0.3711
21.57, 0.1215, -0.3715
21.58, 0.1210, -0.3952
21.59, 0.1205, -0.3816
21.60, 0.1200, -0.4126
21.61, 0.1195, -0.4054
21.62, 0.1190, -0.4097
21.63, 0.1185, -0.4271
21.64, 0.1180, -0.4458
21.65, 0.1175, -0.4562
21.66, 0.1170, -0.4463
21.67, 0.1165, -0.4276
21.68, 0.1160, -0.4567
21.69, 0.1155, -0.4493
21.70, 0.1150, -0.4573
21.71, 0.1145, -0.4657
21.72, 0.1140, -0.5129
21.73, 0.1135, -0.5322
21.74, 0.1130, -0.5919
21.75, 0.1125, -0.5886
21.76, 0.1120, -0.6107
21.77, 0.1115, -0.6457
21.78, 0.1110, -0.6900
21.79, 0.1105, -0.6591
21.80, 0.1100, -0.6783
21.81, 0.1095, -0.6450
21.82, 0.1090, -0.6922
21.83, 0.1085, -0.6911
21.84, 0.1080, -0.6956
21.85, 0.1075, -0.7357
21.86, 0.1070, -0.6987
21.87, 0.1065, -0.7524
21.88, 0.1060, -0.7554
21.89, 0.1055, -0.7605
21.90, 0.1050, -0.7875
21.91, 0.1045, -0.7006
21.92, 0.1040, -0.7570
21.93, 0.1035, -0.7297
21.94, 0.1030, -0.7822
21.95, 0.1025, -0.7639
21.96, 0.1020, -0.7407
21.97, 0.1015, -0.7571
21.98, 0.1010, -0.7867
21.99, 0.1005, -0.8026
22.00, 0.1000, -0.8397
22.01, 0.09950, -0.7762
22.02, 0.09900, -0.8300
22.03, 0.09850, -0.8421
22.04, 0.09800, -0.8976
22.05, 0.09750, -0.8602
22.06, 0.09700, -0.8434
22.07, 0.09650, -0.8712
22.08, 0.09600, -0.8347
22.09, 0.09550, -0.8889
22.10, 0.09500, -0.9028
22.11, 0.09450, -0.8965
22.12, 0.09400, -0.8568
22.13, 0.09350, -0.9117
22.14, 0.09300, -0.9613
22.15, 0.09250, -0.9725
22.16, 0.09200, -1.028
22.17, 0.09150, -1.052
22.18, 0.09100, -1.059
22.19, 0.09050, -1.081
22.20, 0.09000, -1.098
22.21, 0.08950, -1.129
22.22, 0.08900, -1.156
22.23, 0.08850, -1.161
22.24, 0.08800, -1.165
22.25, 0.08750, -1.184
22.26, 0.08700, -1.147
22.27, 0.08650, -1.210
22.28, 0.08600, -1.206
22.29, 0.08550, -1.213
22.30, 0.08500, -1.228
22.31, 0.08450, -1.226
22.32, 0.08400, -1.235
22.33, 0.08350, -1.260
22.34, 0.08300, -1.264
22.35, 0.08250, -1.296
22.36, 0.08200, -1.230
22.37, 0.08150, -1.310
22.38, 0.08100, -1.304
22.39, 0.08050, -1.322
22.40, 0.08000, -1.323
22.41, 0.07950, -1.316
22.42, 0.07900, -1.362
22.43, 0.07850, -1.386
22.44, 0.07800, -1.386
22.45, 0.07750, -1.391
22.46, 0.07700, -1.384
22.47, 0.07650, -1.419
22.48, 0.07600, -1.467
22.49, 0.07550, -1.456
22.50, 0.07500, -1.438
22.51, 0.07450, -1.425
22.52, 0.07400, -1.501
22.53, 0.07350, -1.495
22.54, 0.07300, -1.531
22.55, 0.07250, -1.548
22.56, 0.07200, -1.518
22.57, 0.07150, -1.659
22.58, 0.07100, -1.681
22.59, 0.07050, -1.709
22.60, 0.07000, -1.735
22.61, 0.06950, -1.750
22.62, 0.06900, -1.772
22.63, 0.06850, -1.819
22.64, 0.06800, -1.841
22.65, 0.06750, -1.860
22.66, 0.06700, -1.864
22.67, 0.06650, -1.897
22.68, 0.06600, -1.935
22.69, 0.06550, -1.990
22.70, 0.06500, -1.981
22.71, 0.06450, -2.022
22.72, 0.06400, -2.037
22.73, 0.06350, -2.076
22.74, 0.06300, -2.095
22.75, 0.06250, -2.119
22.76, 0.06200, -2.118
22.77, 0.06150, -2.163
22.78, 0.06100, -2.173
22.79, 0.06050, -2.210
22.80, 0.06000, -2.216
22.81, 0.05950, -2.233
22.82, 0.05900, -2.272
22.83, 0.05850, -2.281
22.84, 0.05800, -2.336
22.85, 0.05750, -2.353
22.86, 0.05700, -2.347
22.87, 0.05650, -2.415
22.88, 0.05600, -2.433
22.89, 0.05550, -2.502
22.90, 0.05500, -2.500
22.91, 0.05450, -2.523
22.92, 0.05400, -2.556
22.93, 0.05350, -2.608
22.94, 0.05300, -2.632
22.95, 0.05250, -2.645
22.96, 0.05200, -2.704
22.97, 0.05150, -2.736
22.98, 0.05100, -2.796
22.99, 0.05050, -2.855
23.00, 0.05000, -2.924
23.01, 0.04950, -2.931
23.02, 0.04900, -2.993
23.03, 0.04850, -3.054
23.04, 0.04800, -3.127
23.05, 0.04750, -3.180
23.06, 0.04700, -3.190
23.07, 0.04650, -3.250
23.08, 0.04600, -3.296
23.09, 0.04550, -3.366
23.10, 0.04500, -3.411
23.11, 0.04450, -3.418
23.12, 0.04400, -3.511
23.13, 0.04350, -3.525
23.14, 0.04300, -3.577
23.15, 0.04250, -3.618
23.16, 0.04200, -3.609
23.17, 0.04150, -3.699
23.18, 0.04100, -3.729
23.19, 0.04050, -3.778
23.20, 0.04000, -3.850
23.21, 0.03950, -3.859
23.22, 0.03900, -3.915
23.23, 0.03850, -4.012
23.24, 0.03800, -4.074
23.25, 0.03750, -4.103
23.26, 0.03700, -4.167
23.27, 0.03650, -4.201
23.28, 0.03600, -4.242
23.29, 0.03550, -4.313
23.30, 0.03500, -4.349
23.31, 0.03450, -4.370
23.32, 0.03400, -4.477
23.33, 0.03350, -4.543
23.34, 0.03300, -4.629
23.35, 0.03250, -4.655
23.36, 0.03200, -4.672
23.37, 0.03150, -4.750
23.38, 0.03100, -4.809
23.39, 0.03050, -4.861
23.40, 0.03000, -4.924
23.41, 0.02950, -4.949
23.42, 0.02900, -5.087
23.43, 0.02850, -5.155
23.44, 0.02800, -5.270
23.45, 0.02750, -5.346
23.46, 0.02700, -5.387
23.47, 0.02650, -5.509
23.48, 0.02600, -5.571
23.49, 0.02550, -5.635
23.50, 0.02500, -5.694
23.51, 0.02450, -5.727
23.52, 0.02400, -5.851
23.53, 0.02350, -5.901
23.54, 0.02300, -5.959
23.55, 0.02250, -6.010
23.56, 0.02200, -5.781
23.57, 0.02150, -6.152
23.58, 0.02100, -6.238
23.59, 0.02050, -6.309
23.60, 0.02000, -6.348
23.61, 0.01950, -6.412
23.62, 0.01900, -6.507
23.63, 0.01850, -6.536
23.64, 0.01800, -6.650
23.65, 0.01750, -6.705
23.66, 0.01700, -6.786
23.67, 0.01650, -6.861
23.68, 0.01600, -6.902
23.69, 0.01550, -6.986
23.70, 0.01500, -7.088
23.71, 0.01450, -7.047
23.72, 0.01400, -7.214
23.73, 0.01350, -7.268
23.74, 0.01300, -7.361
23.75, 0.01250, -7.441
23.76, 0.01200, -7.463
23.77, 0.01150, -7.583
23.78, 0.01100, -7.654
23.79, 0.01050, -7.761
23.80, 0.01000, -7.802
23.81, 0.009500, -7.796
23.82, 0.009000, -8.003
23.83, 0.008500, -8.076
23.84, 0.008000, -8.203
23.85, 0.007500, -8.312
23.86, 0.007000, -8.390
23.87, 0.006500, -8.485
23.88, 0.006000, -8.580
23.89, 0.005500, -8.682
23.90, 0.005000, -8.763
23.91, 0.004500, -8.860
23.92, 0.004000, -8.916
23.93, 0.003500, -8.999
23.94, 0.003000, -9.120
23.95, 0.002500, -9.204
23.96, 0.002000, -9.075
23.97, 0.001500, -9.333
23.98, 0.001000, -9.416
23.99, 0.0005000, -9.505
24.00, 0.000, -9.577
24.01, -0.0005000, -9.564
24.02, -0.001000, -9.735
24.03, -0.001500, -9.811
24.04, -0.002000, -9.913
24.05, -0.002500, -9.991
24.06, -0.003000, -10.14
24.07, -0.003500, -10.16
24.08, -0.004000, -10.22
24.09, -0.004500, -10.31
24.10, -0.005000, -10.40
24.11, -0.005500, -10.37
24.12, -0.006000, -10.55
24.13, -0.006500, -10.60
24.14, -0.007000, -10.71
24.15, -0.007500, -10.80
24.16, -0.008000, -10.83
24.17, -0.008500, -10.96
24.18, -0.009000, -11.04
24.19, -0.009500, -11.15
24.20, -0.01000, -11.20
24.21, -0.01050, -11.25
24.22, -0.01100, -11.38
24.23, -0.01150, -11.27
24.24, -0.01200, -11.55
24.25, -0.01250, -11.67
24.26, -0.01300, -11.62
24.27, -0.01350, -11.88
24.28, -0.01400, -11.96
24.29, -0.01450, -12.06
24.30, -0.01500, -12.17
24.31, -0.01550, -12.27
24.32, -0.01600, -12.35
24.33, -0.01650, -12.43
24.34, -0.01700, -12.52
24.35, -0.01750, -12.60
24.36, -0.01800, -12.64
24.37, -0.01850, -12.75
24.38, -0.01900, -12.83
24.39, -0.01950, -12.93
24.40, -0.02000, -13.01
24.41, -0.02050, -13.05
24.42, -0.02100, -13.19
24.43, -0.02150, -13.26
24.44, -0.02200, -13.36
24.45, -0.02250, -13.40
24.46, -0.02300, -13.46
24.47, -0.02350, -13.56
24.48, -0.02400, -13.67
24.49, -0.02450, -13.72
24.50, -0.02500, -13.84
24.51, -0.02550, -13.91
24.52, -0.02600, -13.96
24.53, -0.02650, -14.05
24.54, -0.02700, -14.14
24.55, -0.02750, -14.20
24.56, -0.02800, -14.22
24.57, -0.02850, -14.35
24.58, -0.02900, -14.42
24.59, -0.02950, -14.50
24.60, -0.03000, -14.56
24.61, -0.03050, -14.60
24.62, -0.03100, -14.72
24.63, -0.03150, -14.80
24.64, -0.03200, -14.86
24.65, -0.03250, -14.96
24.66, -0.03300, -15.06
24.67, -0.03350, -15.14
24.68, -0.03400, -15.25
24.69, -0.03450, -15.33
24.70, -0.03500, -15.43
24.71, -0.03550, -15.53
24.72, -0.03600, -15.65
24.73, -0.03650, -15.71
24.74, -0.03700, -15.79
24.75, -0.03750, -15.83
24.76, -0.03800, -15.97
24.77, -0.03850, -16.00
24.78, -0.03900, -16.05
24.79, -0.03950, -16.14
24.80, -0.04000, -16.24
24.81, -0.04050, -16.23
24.82, -0.04100, -16.34
24.83, -0.04150, -16.44
24.84, -0.04200, -16.50
24.85, -0.04250, -16.54
24.86, -0.04300, -16.55
24.87, -0.04350, -16.70
24.88, -0.04400, -16.76
24.89, -0.04450, -16.82
24.90, -0.04500, -16.89
24.91, -0.04550, -16.87
24.92, -0.04600, -17.04
24.93, -0.04650, -17.03
24.94, -0.04700, -17.10
24.95, -0.04750, -17.20
24.96, -0.04800, -17.26
24.97, -0.04850, -17.31
24.98, -0.04900, -17.39
24.99, -0.04950, -17.44
25.00, -0.05000, -17.47
25.01, -0.05050, -17.31
25.02, -0.05100, -17.58
25.03, -0.05150, -17.66
25.04, -0.05200, -17.72
25.05, -0.05250, -17.75
25.06, -0.05300, -17.70
25.07, -0.05350, -17.88
25.08, -0.05400, -17.94
25.09, -0.05450, -18.01
25.10, -0.05500, -18.06
25.11, -0.05550, -17.96
25.12, -0.05600, -18.20
25.13, -0.05650, -18.27
25.14, -0.05700, -18.34
25.15, -0.05750, -18.39
25.16, -0.05800, -18.35
25.17, -0.05850, -18.51
25.18, -0.05900, -18.50
25.19, -0.05950, -18.58
25.20, -0.06000, -18.63
25.21, -0.06050, -18.61
25.22, -0.06100, -18.71
25.23, -0.06150, -18.74
25.24, -0.06200, -18.78
25.25, -0.06250, -18.79
25.26, -0.06300, -18.83
25.27, -0.06350, -18.85
25.28, -0.06400, -18.86
25.29, -0.06450, -18.92
25.30, -0.06500, -18.96
25.31, -0.06550, -19.00
25.32, -0.06600, -18.98
25.33, -0.06650, -18.98
25.34, -0.06700, -19.04
25.35, -0.06750, -19.08
25.36, -0.06800, -19.08
25.37, -0.06850, -19.11
25.38, -0.06900, -19.12
25.39, -0.06950, -19.17
25.40, -0.07000, -19.18
25.41, -0.07050, -19.15
25.42, -0.07100, -19.21
25.43, -0.07150, -19.22
25.44, -0.07200, -19.22
25.45, -0.07250, -19.23
25.46, -0.07300, -19.17
25.47, -0.07350, -19.24
25.48, -0.07400, -19.25
25.49, -0.07450, -19.30
25.50, -0.07500, -19.31
25.51, -0.07550, -19.29
25.52, -0.07600, -19.32
25.53, -0.07650, -19.34
25.54, -0.07700, -19.35
25.55, -0.07750, -19.38
25.56, -0.07800, -19.32
25.57, -0.07850, -19.39
25.58, -0.07900, -19.38
25.59, -0.07950, -19.38
25.60, -0.08000, -19.41
25.61, -0.08050, -19.39
25.62, -0.08100, -19.37
25.63, -0.08150, -19.27
25.64, -0.08200, -19.30
25.65, -0.08250, -19.35
25.66, -0.08300, -19.25
25.67, -0.08350, -19.29
25.68, -0.08400, -19.24
25.69, -0.08450, -19.24
25.70, -0.08500, -19.24
25.71, -0.08550, -19.01
25.72, -0.08600, -19.18
25.73, -0.08650, -19.14
25.74, -0.08700, -19.09
25.75, -0.08750, -19.13
25.76, -0.08800, -18.95
25.77, -0.08850, -19.04
25.78, -0.08900, -19.00
25.79, -0.08950, -18.99
25.80, -0.09000, -18.95
25.81, -0.09050, -18.87
25.82, -0.09100, -18.87
25.83, -0.09150, -18.82
25.84, -0.09200, -18.79
25.85, -0.09250, -18.76
25.86, -0.09300, -18.68
25.87, -0.09350, -18.68
25.88, -0.09400, -18.64
25.89, -0.09450, -18.56
25.90, -0.09500, -18.52
25.91, -0.09550, -18.47
25.92, -0.09600, -18.48
25.93, -0.09650, -18.48
25.94, -0.09700, -18.44
25.95, -0.09750, -18.44
25.96, -0.09800, -18.26
25.97, -0.09850, -18.38
25.98, -0.09900, -18.40
25.99, -0.09950, -18.28
26.00, -0.1000, -18.25
26.01, -0.1005, -18.21
26.02, -0.1010, -18.17
26.03, -0.1015, -18.13
26.04, -0.1020, -18.06
26.05, -0.1025, -17.99
26.06, -0.1030, -17.90
26.07, -0.1035, -17.91
26.08, -0.1040, -17.84
26.09, -0.1045, -17.84
26.10, -0.1050, -17.80
26.11, -0.1055, -17.64
26.12, -0.1060, -17.68
26.13, -0.1065, -17.63
26.14, -0.1070, -17.58
26.15, -0.1075, -17.49
26.16, -0.1080, -17.43
26.17, -0.1085, -17.41
26.18, -0.1090, -17.35
26.19, -0.1095, -17.32
26.20, -0.1100, -17.27
26.21, -0.1105, -17.09
26.22, -0.1110, -17.16
26.23, -0.1115, -17.07
26.24, -0.1120, -17.06
26.25, -0.1125, -16.97
26.26, -0.1130, -16.97
26.27, -0.1135, -16.89
26.28, -0.1140, -16.79
26.29, -0.1145, -16.78
26.30, -0.1150, -16.73
26.31, -0.1155, -16.60
26.32, -0.1160, -16.60
26.33, -0.1165, -16.58
26.34, -0.1170, -16.52
26.35, -0.1175, -16.46
26.36, -0.1180, -16.41
26.37, -0.1185, -16.44
26.38, -0.1190, -16.40
26.39, -0.1195, -16.37
26.40, -0.1200, -16.32
26.41, -0.1205, -16.24
26.42, -0.1210, -16.24
26.43, -0.1215, -16.19
26.44, -0.1220, -16.15
26.45, -0.1225, -16.10
26.46, -0.1230, -16.05
26.47, -0.1235, -16.01
26.48, -0.1240, -15.94
26.49, -0.1245, -15.94
26.50, -0.1250, -15.88
26.51, -0.1255, -15.74
26.52, -0.1260, -15.75
26.53, -0.1265, -15.73
26.54, -0.1270, -15.69
26.55, -0.1275, -15.63
26.56, -0.1280, -15.52
26.57, -0.1285, -15.52
26.58, -0.1290, -15.47
26.59, -0.1295, -15.42
26.60, -0.1300, -15.39
26.61, -0.1305, -15.31
26.62, -0.1310, -15.29
26.63, -0.1315, -15.24
26.64, -0.1320, -15.23
26.65, -0.1325, -15.18
26.66, -0.1330, -15.07
26.67, -0.1335, -15.08
26.68, -0.1340, -15.04
26.69, -0.1345, -14.99
26.70, -0.1350, -14.95
26.71, -0.1355, -14.95
26.72, -0.1360, -14.83
26.73, -0.1365, -14.75
26.74, -0.1370, -14.77
26.75, -0.1375, -14.74
26.76, -0.1380, -14.71
26.77, -0.1385, -14.72
26.78, -0.1390, -14.65
26.79, -0.1395, -14.65
26.80, -0.1400, -14.64
26.81, -0.1405, -14.56
26.82, -0.1410, -14.54
26.83, -0.1415, -14.53
26.84, -0.1420, -14.51
26.85, -0.1425, -14.50
26.86, -0.1430, -14.40
26.87, -0.1435, -14.46
26.88, -0.1440, -14.37
26.89, -0.1445, -14.32
26.90, -0.1450, -14.30
26.91, -0.1455, -14.20
26.92, -0.1460, -14.24
26.93, -0.1465, -14.20
26.94, -0.1470, -14.15
26.95, -0.1475, -14.12
26.96, -0.1480, -14.05
26.97, -0.1485, -14.07
26.98, -0.1490, -14.04
26.99, -0.1495, -14.02
27.00, -0.1500, -13.99
27.01, -0.1505, -13.94
27.02, -0.1510, -13.90
27.03, -0.1515, -13.86
27.04, -0.1520, -13.83
27.05, -0.1525, -13.83
27.06, -0.1530, -13.71
27.07, -0.1535, -13.73
27.08, -0.1540, -13.66
27.09, -0.1545, -13.66
27.10, -0.1550, -13.66
27.11, -0.1555, -13.68
27.12, -0.1560, -13.61
27.13, -0.1565, -13.57
27.14, -0.1570, -13.53
27.15, -0.1575, -13.50
27.16, -0.1580, -13.29
27.17, -0.1585, -13.45
27.18, -0.1590, -13.40
27.19, -0.1595, -13.40
27.20, -0.1600, -13.40
27.21, -0.1605, -13.35
27.22, -0.1610, -13.40
27.23, -0.1615, -13.40
27.24, -0.1620, -13.37
27.25, -0.1625, -13.39
27.26, -0.1630, -13.27
27.27, -0.1635, -13.34
27.28, -0.1640, -13.25
27.29, -0.1645, -13.27
27.30, -0.1650, -13.26
27.31, -0.1655, -13.22
27.32, -0.1660, -13.24
27.33, -0.1665, -13.19
27.34, -0.1670, -13.18
27.35, -0.1675, -13.16
27.36, -0.1680, -13.10
27.37, -0.1685, -13.09
27.38, -0.1690, -13.07
27.39, -0.1695, -13.05
27.40, -0.1700, -13.01
27.41, -0.1705, -13.04
27.42, -0.1710, -13.00
27.43, -0.1715, -12.97
27.44, -0.1720, -12.96
27.45, -0.1725, -12.93
27.46, -0.1730, -12.96
27.47, -0.1735, -12.93
27.48, -0.1740, -12.97
27.49, -0.1745, -12.86
27.50, -0.1750, -12.84
27.51, -0.1755, -12.79
27.52, -0.1760, -12.82
27.53, -0.1765, -12.83
27.54, -0.1770, -12.79
27.55, -0.1775, -12.81
27.56, -0.1780, -12.77
27.57, -0.1785, -12.75
27.58, -0.1790, -12.70
27.59, -0.1795, -12.71
27.60, -0.1800, -12.68
27.61, -0.1805, -12.68
27.62, -0.1810, -12.70
27.63, -0.1815, -12.71
27.64, -0.1820, -12.73
27.65, -0.1825, -12.72
27.66, -0.1830, -12.71
27.67, -0.1835, -12.73
27.68, -0.1840, -12.75
27.69, -0.1845, -12.73
27.70, -0.1850, -12.72
27.71, -0.1855, -12.70
27.72, -0.1860, -12.73
27.73, -0.1865, -12.70
27.74, -0.1870, -12.71
27.75, -0.1875, -12.66
27.76, -0.1880, -12.59
27.77, -0.1885, -12.67
27.78, -0.1890, -12.66
27.79, -0.1895, -12.65
27.80, -0.1900, -12.61
27.81, -0.1905, -12.56
27.82, -0.1910, -12.63
27.83, -0.1915, -12.61
27.84, -0.1920, -12.62
27.85, -0.1925, -12.58
27.86, -0.1930, -12.49
27.87, -0.1935, -12.57
27.88, -0.1940, -12.59
27.89, -0.1945, -12.59
27.90, -0.1950, -12.55
27.91, -0.1955, -12.63
27.92, -0.1960, -12.54
27.93, -0.1965, -12.54
27.94, -0.1970, -12.55
27.95, -0.1975, -12.51
27.96, -0.1980, -12.42
27.97, -0.1985, -12.49
27.98, -0.1990, -12.50
27.99, -0.1995, -12.50
28.00, -0.2000, -12.48
28.01, -0.2005, -12.49
28.02, -0.2010, -12.51
28.03, -0.2015, -12.52
28.04, -0.2020, -12.52
28.05, -0.2025, -12.54
28.06, -0.2030, -12.57
28.07, -0.2035, -12.57
28.08, -0.2040, -12.58
28.09, -0.2045, -12.59
28.10, -0.2050, -12.62
28.11, -0.2055, -12.63
28.12, -0.2060, -12.61
28.13, -0.2065, -12.63
28.14, -0.2070, -12.61
28.15, -0.2075, -12.62
28.16, -0.2080, -12.61
28.17, -0.2085, -12.64
28.18, -0.2090, -12.63
28.19, -0.2095, -12.61
28.20, -0.2100, -12.60
28.21, -0.2105, -12.55
28.22, -0.2110, -12.57
28.23, -0.2115, -12.56
28.24, -0.2120, -12.61
28.25, -0.2125, -12.59
28.26, -0.2130, -12.56
28.27, -0.2135, -12.57
28.28, -0.2140, -12.60
28.29, -0.2145, -12.56
28.30, -0.2150, -12.59
28.31, -0.2155, -12.59
28.32, -0.2160, -12.57
28.33, -0.2165, -12.55
28.34, -0.2170, -12.59
28.35, -0.2175, -12.60
28.36, -0.2180, -12.46
28.37, -0.2185, -12.57
28.38, -0.2190, -12.53
28.39, -0.2195, -12.55
28.40, -0.2200, -12.53
28.41, -0.2205, -12.54
28.42, -0.2210, -12.53
28.43, -0.2215, -12.52
28.44, -0.2220, -12.58
28.45, -0.2225, -12.57
28.46, -0.2230, -12.58
28.47, -0.2235, -12.55
28.48, -0.2240, -12.50
28.49, -0.2245, -12.58
28.50, -0.2250, -12.65
28.51, -0.2255, -12.67
28.52, -0.2260, -12.67
28.53, -0.2265, -12.67
28.54, -0.2270, -12.65
28.55, -0.2275, -12.66
28.56, -0.2280, -12.64
28.57, -0.2285, -12.67
28.58, -0.2290, -12.65
28.59, -0.2295, -12.66
28.60, -0.2300, -12.67
28.61, -0.2305, -12.56
28.62, -0.2310, -12.66
28.63, -0.2315, -12.65
28.64, -0.2320, -12.63
28.65, -0.2325, -12.64
28.66, -0.2330, -12.63
28.67, -0.2335, -12.62
28.68, -0.2340, -12.63
28.69, -0.2345, -12.59
28.70, -0.2350, -12.60
28.71, -0.2355, -12.62
28.72, -0.2360, -12.60
28.73, -0.2365, -12.57
28.74, -0.2370, -12.58
28.75, -0.2375, -12.57
28.76, -0.2380, -12.59
28.77, -0.2385, -12.57
28.78, -0.2390, -12.58
28.79, -0.2395, -12.58
28.80, -0.2400, -12.56
28.81, -0.2405, -12.59
28.82, -0.2410, -12.58
28.83, -0.2415, -12.57
28.84, -0.2420, -12.54
28.85, -0.2425, -12.51
28.86, -0.2430, -12.57
28.87, -0.2435, -12.56
28.88, -0.2440, -12.57
28.89, -0.2445, -12.58
28.90, -0.2450, -12.59
28.91, -0.2455, -12.62
28.92, -0.2460, -12.62
28.93, -0.2465, -12.62
28.94, -0.2470, -12.65
28.95, -0.2475, -12.65
28.96, -0.2480, -12.65
28.97, -0.2485, -12.67
28.98, -0.2490, -12.64
28.99, -0.2495, -12.67
29.00, -0.2500, -12.65
29.01, -0.2505, -12.65
29.02, -0.2510, -12.65
29.03, -0.2515, -12.64
29.04, -0.2520, -12.62
29.05, -0.2525, -12.61
29.06, -0.2530, -12.60
29.07, -0.2535, -12.60
29.08, -0.2540, -12.59
29.09, -0.2545, -12.58
29.10, -0.2550, -12.57
29.11, -0.2555, -12.59
29.12, -0.2560, -12.61
29.13, -0.2565, -12.58
29.14, -0.2570, -12.55
29.15, -0.2575, -12.53
29.16, -0.2580, -12.54
29.17, -0.2585, -12.52
29.18, -0.2590, -12.54
29.19, -0.2595, -12.53
29.20, -0.2600, -12.51
29.21, -0.2605, -12.52
29.22, -0.2610, -12.52
29.23, -0.2615, -12.51
29.24, -0.2620, -12.50
29.25, -0.2625, -12.50
29.26, -0.2630, -12.55
29.27, -0.2635, -12.49
29.28, -0.2640, -12.49
29.29, -0.2645, -12.51
29.30, -0.2650, -12.53
29.31, -0.2655, -12.51
29.32, -0.2660, -12.55
29.33, -0.2665, -12.56
29.34, -0.2670, -12.60
29.35, -0.2675, -12.62
29.36, -0.2680, -12.62
29.37, -0.2685, -12.62
29.38, -0.2690, -12.61
29.39, -0.2695, -12.58
29.40, -0.2700, -12.61
29.41, -0.2705, -12.57
29.42, -0.2710, -12.59
29.43, -0.2715, -12.62
29.44, -0.2720, -12.59
29.45, -0.2725, -12.59
29.46, -0.2730, -12.60
29.47, -0.2735, -12.57
29.48, -0.2740, -12.60
29.49, -0.2745, -12.58
29.50, -0.2750, -12.57
29.51, -0.2755, -12.48
29.52, -0.2760, -12.56
29.53, -0.2765, -12.58
29.54, -0.2770, -12.55
29.55, -0.2775, -12.56
29.56, -0.2780, -12.48
29.57, -0.2785, -12.53
29.58, -0.2790, -12.53
29.59, -0.2795, -12.57
29.60, -0.2800, -12.51
29.61, -0.2805, -12.42
29.62, -0.2810, -12.55
29.63, -0.2815, -12.50
29.64, -0.2820, -12.51
29.65, -0.2825, -12.52
29.66, -0.2830, -12.52
29.67, -0.2835, -12.50
29.68, -0.2840, -12.52
29.69, -0.2845, -12.53
29.70, -0.2850, -12.53
29.71, -0.2855, -12.42
29.72, -0.2860, -12.53
29.73, -0.2865, -12.55
29.74, -0.2870, -12.58
29.75, -0.2875, -12.62
29.76, -0.2880, -12.57
29.77, -0.2885, -12.62
29.78, -0.2890, -12.64
29.79, -0.2895, -12.62
29.80, -0.2900, -12.64
29.81, -0.2905, -12.65
29.82, -0.2910, -12.65
29.83, -0.2915, -12.62
29.84, -0.2920, -12.66
29.85, -0.2925, -12.66
29.86, -0.2930, -12.76
29.87, -0.2935, -12.66
29.88, -0.2940, -12.65
29.89, -0.2945, -12.67
29.90, -0.2950, -12.67
29.91, -0.2955, -12.61
29.92, -0.2960, -12.67
29.93, -0.2965, -12.67
29.94, -0.2970, -12.66
29.95, -0.2975, -12.65
29.96, -0.2980, -12.73
29.97, -0.2985, -12.64
29.98, -0.2990, -12.63
29.99, -0.2995, -12.66
30.00, -0.3000, -12.65
30.01, -0.3005, -12.58
30.02, -0.3010, -12.65
30.03, -0.3015, -12.63
30.04, -0.3020, -12.64
30.05, -0.3025, -12.66
30.06, -0.3030, -12.65
30.07, -0.3035, -12.62
30.08, -0.3040, -12.63
30.09, -0.3045, -12.67
30.10, -0.3050, -12.66
30.11, -0.3055, -12.66
30.12, -0.3060, -12.66
30.13, -0.3065, -12.67
30.14, -0.3070, -12.70
30.15, -0.3075, -12.73
30.16, -0.3080, -12.84
30.17, -0.3085, -12.75
30.18, -0.3090, -12.77
30.19, -0.3095, -12.78
30.20, -0.3100, -12.82
30.21, -0.3105, -12.76
30.22, -0.3110, -12.86
30.23, -0.3115, -12.81
30.24, -0.3120, -12.86
30.25, -0.3125, -12.86
30.26, -0.3130, -12.85
30.27, -0.3135, -12.87
30.28, -0.3140, -12.82
30.29, -0.3145, -12.89
30.30, -0.3150, -12.89
30.31, -0.3155, -12.90
30.32, -0.3160, -12.91
30.33, -0.3165, -12.89
30.34, -0.3170, -12.91
30.35, -0.3175, -12.89
30.36, -0.3180, -12.94
30.37, -0.3185, -12.95
30.38, -0.3190, -12.97
30.39, -0.3195, -12.94
30.40, -0.3200, -12.94
30.41, -0.3205, -12.83
30.42, -0.3210, -12.98
30.43, -0.3215, -12.96
30.44, -0.3220, -13.00
30.45, -0.3225, -13.00
30.46, -0.3230, -12.88
30.47, -0.3235, -13.01
30.48, -0.3240, -13.02
30.49, -0.3245, -13.03
30.50, -0.3250, -13.02
30.51, -0.3255, -13.06
30.52, -0.3260, -13.05
30.53, -0.3265, -13.08
30.54, -0.3270, -13.07
30.55, -0.3275, -13.09
30.56, -0.3280, -13.05
30.57, -0.3285, -13.15
30.58, -0.3290, -13.11
30.59, -0.3295, -13.19
30.60, -0.3300, -13.24
30.61, -0.3305, -13.20
30.62, -0.3310, -13.30
30.63, -0.3315, -13.32
30.64, -0.3320, -13.33
30.65, -0.3325, -13.31
30.66, -0.3330, -13.25
30.67, -0.3335, -13.39
30.68, -0.3340, -13.40
30.69, -0.3345, -13.38
30.70, -0.3350, -13.38
30.71, -0.3355, -13.38
30.72, -0.3360, -13.44
30.73, -0.3365, -13.46
30.74, -0.3370, -13.46
30.75, -0.3375, -13.47
30.76, -0.3380, -13.48
30.77, -0.3385, -13.55
30.78, -0.3390, -13.57
30.79, -0.3395, -13.55
30.80, -0.3400, -13.57
30.81, -0.3405, -13.55
30.82, -0.3410, -13.63
30.83, -0.3415, -13.64
30.84, -0.3420, -13.64
30.85, -0.3425, -13.65
30.86, -0.3430, -13.70
30.87, -0.3435, -13.70
30.88, -0.3440, -13.69
30.89, -0.3445, -13.73
30.90, -0.3450, -13.73
30.91, -0.3455, -13.69
30.92, -0.3460, -13.77
30.93, -0.3465, -13.79
30.94, -0.3470, -13.81
30.95, -0.3475, -13.86
30.96, -0.3480, -13.81
30.97, -0.3485, -13.88
30.98, -0.3490, -13.91
30.99, -0.3495, -13.98
31.00, -0.3500, -14.01
31.01, -0.3505, -14.01
31.02, -0.3510, -14.08
31.03, -0.3515, -14.14
31.04, -0.3520, -14.15
31.05, -0.3525, -14.19
31.06, -0.3530, -14.22
31.07, -0.3535, -14.24
31.08, -0.3540, -14.26
31.09, -0.3545, -14.34
31.10, -0.3550, -14.34
31.11, -0.3555, -14.29
31.12, -0.3560, -14.36
31.13, -0.3565, -14.43
31.14, -0.3570, -14.44
31.15, -0.3575, -14.48
31.16, -0.3580, -14.49
31.17, -0.3585, -14.49
31.18, -0.3590, -14.52
31.19, -0.3595, -14.55
31.20, -0.3600, -14.58
31.21, -0.3605, -14.59
31.22, -0.3610, -14.64
31.23, -0.3615, -14.65
31.24, -0.3620, -14.68
31.25, -0.3625, -14.71
31.26, -0.3630, -14.55
31.27, -0.3635, -14.75
31.28, -0.3640, -14.77
31.29, -0.3645, -14.80
31.30, -0.3650, -14.83
31.31, -0.3655, -14.76
31.32, -0.3660, -14.88
31.33, -0.3665, -14.89
31.34, -0.3670, -14.92
31.35, -0.3675, -14.95
31.36, -0.3680, -14.95
31.37, -0.3685, -15.02
31.38, -0.3690, -15.05
31.39, -0.3695, -15.11
31.40, -0.3700, -15.14
31.41, -0.3705, -15.19
31.42, -0.3710, -15.21
31.43, -0.3715, -15.31
31.44, -0.3720, -15.33
31.45, -0.3725, -15.37
31.46, -0.3730, -15.41
31.47, -0.3735, -15.49
31.48, -0.3740, -15.53
31.49, -0.3745, -15.55
31.50, -0.3750, -15.60
31.51, -0.3755, -15.61
31.52, -0.3760, -15.67
31.53, -0.3765, -15.71
31.54, -0.3770, -15.72
31.55, -0.3775, -15.75
31.56, -0.3780, -15.78
31.57, -0.3785, -15.80
31.58, -0.3790, -15.71
31.59, -0.3795, -15.87
31.60, -0.3800, -15.94
31.61, -0.3805, -15.90
31.62, -0.3810, -15.98
31.63, -0.3815, -15.98
31.64, -0.3820, -16.03
31.65, -0.3825, -16.07
31.66, -0.3830, -16.02
31.67, -0.3835, -16.15
31.68, -0.3840, -16.14
31.69, -0.3845, -16.18
31.70, -0.3850, -16.23
31.71, -0.3855, -16.21
31.72, -0.3860, -16.29
31.73, -0.3865, -16.28
31.74, -0.3870, -16.32
31.75, -0.3875, -16.38
31.76, -0.3880, -16.46
31.77, -0.3885, -16.45
31.78, -0.3890, -16.44
31.79, -0.3895, -16.51
31.80, -0.3900, -16.56
31.81, -0.3905, -16.52
31.82, -0.3910, -16.62
31.83, -0.3915, -16.63
31.84, -0.3920, -16.74
31.85, -0.3925, -16.80
31.86, -0.3930, -16.83
31.87, -0.3935, -16.90
31.88, -0.3940, -16.83
31.89, -0.3945, -16.97
31.90, -0.3950, -17.01
31.91, -0.3955, -17.01
31.92, -0.3960, -17.09
31.93, -0.3965, -17.04
31.94, -0.3970, -17.18
31.95, -0.3975, -17.21
31.96, -0.3980, -17.32
31.97, -0.3985, -17.26
31.98, -0.3990, -17.27
31.99, -0.3995, -17.34
32.00, -0.4000, -17.38
