0.01000, -0.3995, -88.31
0.02000, -0.3990, -79.38
0.03000, -0.3985, -72.93
0.04000, -0.3980, -67.81
0.05000, -0.3975, -63.41
0.06000, -0.3970, -59.65
0.07000, -0.3965, -56.31
0.08000, -0.3960, -53.29
0.09000, -0.3955, -50.71
0.1000, -0.3950, -48.23
0.1100, -0.3945, -46.07
0.1200, -0.3940, -44.15
0.1300, -0.3935, -42.36
0.1400, -0.3930, -40.83
0.1500, -0.3925, -39.33
0.1600, -0.3920, -37.99
0.1700, -0.3915, -36.79
0.1800, -0.3910, -35.65
0.1900, -0.3905, -34.68
0.2000, -0.3900, -33.66
0.2100, -0.3895, -32.78
0.2200, -0.3890, -31.95
0.2300, -0.3885, -31.15
0.2400, -0.3880, -30.49
0.2500, -0.3875, -29.70
0.2600, -0.3870, -29.02
0.2700, -0.3865, -28.44
0.2800, -0.3860, -27.80
0.2900, -0.3855, -27.29
0.3000, -0.3850, -26.72
0.3100, -0.3845, -26.24
0.3200, -0.3840, -25.75
0.3300, -0.3835, -25.27
0.3400, -0.3830, -24.89
0.3500, -0.3825, -24.45
0.3600, -0.3820, -24.03
0.3700, -0.3815, -23.66
0.3800, -0.3810, -23.29
0.3900, -0.3805, -22.98
0.4000, -0.3800, -22.56
0.4100, -0.3795, -22.26
0.4200, -0.3790, -21.94
0.4300, -0.3785, -21.60
0.4400, -0.3780, -21.36
0.4500, -0.3775, -20.99
0.4600, -0.3770, -20.77
0.4700, -0.3765, -20.49
0.4800, -0.3760, -20.24
0.4900, -0.3755, -20.03
0.5000, -0.3750, -19.70
0.5100, -0.3745, -19.50
0.5200, -0.3740, -19.26
0.5300, -0.3735, -19.04
0.5400, -0.3730, -18.84
0.5500, -0.3725, -18.58
0.5600, -0.3720, -18.37
0.5700, -0.3715, -18.20
0.5800, -0.3710, -17.97
0.5900, -0.3705, -17.85
0.6000, -0.3700, -17.54
0.6100, -0.3695, -17.40
0.6200, -0.3690, -17.21
0.6300, -0.3685, -17.00
0.6400, -0.3680, -16.92
0.6500, -0.3675, -16.63
0.6600, -0.3670, -16.48
0.6700, -0.3665, -16.34
0.6800, -0.3660, -16.09
0.6900, -0.3655, -16.01
0.7000, -0.3650, -15.77
0.7100, -0.3645, -15.63
0.7200, -0.3640, -15.47
0.7300, -0.3635, -15.29
0.7400, -0.3630, -15.19
0.7500, -0.3625, -15.01
0.7600, -0.3620, -14.89
0.7700, -0.3615, -14.75
0.7800, -0.3610, -14.58
0.7900, -0.3605, -14.51
0.8000, -0.3600, -14.33
0.8100, -0.3595, -14.20
0.8200, -0.3590, -14.11
0.8300, -0.3585, -13.95
0.8400, -0.3580, -13.84
0.8500, -0.3575, -13.67
0.8600, -0.3570, -13.61
0.8700, -0.3565, -13.47
0.8800, -0.3560, -13.32
0.8900, -0.3555, -13.29
0.9000, -0.3550, -13.13
0.9100, -0.3545, -13.01
0.9200, -0.3540, -12.91
0.9300, -0.3535, -12.80
0.9400, -0.3530, -12.73
0.9500, -0.3525, -12.55
0.9600, -0.3520, -12.47
0.9700, -0.3515, -12.38
0.9800, -0.3510, -12.26
0.9900, -0.3505, -12.21
1.000, -0.3500, -12.07
1.010, -0.3495, -11.96
1.020, -0.3490, -11.89
1.030, -0.3485, -11.73
1.040, -0.3480, -11.71
1.050, -0.3475, -11.57
1.060, -0.3470, -11.52
1.070, -0.3465, -11.38
1.080, -0.3460, -11.26
1.090, -0.3455, -11.17
1.100, -0.3450, -11.05
1.110, -0.3445, -10.98
1.120, -0.3440, -10.85
1.130, -0.3435, -10.74
1.140, -0.3430, -10.70
1.150, -0.3425, -10.60
1.160, -0.3420, -10.52
1.170, -0.3415, -10.44
1.180, -0.3410, -10.33
1.190, -0.3405, -10.28
1.200, -0.3400, -10.13
1.210, -0.3395, -10.08
1.220, -0.3390, -10.02
1.230, -0.3385, -9.904
1.240, -0.3380, -9.869
1.250, -0.3375, -9.741
1.260, -0.3370, -9.684
1.270, -0.3365, -9.616
1.280, -0.3360, -9.536
1.290, -0.3355, -9.541
1.300, -0.3350, -9.363
1.310, -0.3345, -9.340
1.320, -0.3340, -9.278
1.330, -0.3335, -9.123
1.340, -0.3330, -9.124
1.350, -0.3325, -9.013
1.360, -0.3320, -8.989
1.370, -0.3315, -8.926
1.380, -0.3310, -8.790
1.390, -0.3305, -8.816
1.400, -0.3300, -8.678
1.410, -0.3295, -8.651
1.420, -0.3290, -8.573
1.430, -0.3285, -8.491
1.440, -0.3280, -8.462
1.450, -0.3275, -8.364
1.460, -0.3270, -8.317
1.470, -0.3265, -8.265
1.480, -0.3260, -8.153
1.490, -0.3255, -8.157
1.500, -0.3250, -8.005
1.510, -0.3245, -7.973
1.520, -0.3240, -7.901
1.530, -0.3235, -7.799
1.540, -0.3230, -7.793
1.550, -0.3225, -7.644
1.560, -0.3220, -7.619
1.570, -0.3215, -7.576
1.580, -0.3210, -7.486
1.590, -0.3205, -7.476
1.600, -0.3200, -7.316
1.610, -0.3195, -7.318
1.620, -0.3190, -7.256
1.630, -0.3185, -7.188
1.640, -0.3180, -7.190
1.650, -0.3175, -7.056
1.660, -0.3170, -7.020
1.670, -0.3165, -6.995
1.680, -0.3160, -6.911
1.690, -0.3155, -6.906
1.700, -0.3150, -6.819
1.710, -0.3145, -6.758
1.720, -0.3140, -6.731
1.730, -0.3135, -6.666
1.740, -0.3130, -6.643
1.750, -0.3125, -6.540
1.760, -0.3120, -6.514
1.770, -0.3115, -6.465
1.780, -0.3110, -6.372
1.790, -0.3105, -6.389
1.800, -0.3100, -6.294
1.810, -0.3095, -6.253
1.820, -0.3090, -6.229
1.830, -0.3085, -6.136
1.840, -0.3080, -6.149
1.850, -0.3075, -6.026
1.860, -0.3070, -6.051
1.870, -0.3065, -6.023
1.880, -0.3060, -5.911
1.890, -0.3055, -5.938
1.900, -0.3050, -5.800
1.910, -0.3045, -5.809
1.920, -0.3040, -5.761
1.930, -0.3035, -5.680
1.940, -0.3030, -5.648
1.950, -0.3025, -5.559
1.960, -0.3020, -5.536
1.970, -0.3015, -5.464
1.980, -0.3010, -5.390
1.990, -0.3005, -5.415
2.000, -0.3000, -5.291
2.010, -0.2995, -5.290
2.020, -0.2990, -5.246
2.030, -0.2985, -5.166
2.040, -0.2980, -5.201
2.050, -0.2975, -5.077
2.060, -0.2970, -5.069
2.070, -0.2965, -5.000
2.080, -0.2960, -4.961
2.090, -0.2955, -4.983
2.100, -0.2950, -4.868
2.110, -0.2945, -4.867
2.120, -0.2940, -4.852
2.130, -0.2935, -4.783
2.140, -0.2930, -4.795
2.150, -0.2925, -4.703
2.160, -0.2920, -4.720
2.170, -0.2915, -4.641
2.180, -0.2910, -4.615
2.190, -0.2905, -4.608
2.200, -0.2900, -4.502
2.210, -0.2895, -4.501
2.220, -0.2890, -4.477
2.230, -0.2885, -4.417
2.240, -0.2880, -4.436
2.250, -0.2875, -4.304
2.260, -0.2870, -4.337
2.270, -0.2865, -4.322
2.280, -0.2860, -4.241
2.290, -0.2855, -4.254
2.300, -0.2850, -4.132
2.310, -0.2845, -4.159
2.320, -0.2840, -4.161
2.330, -0.2835, -4.065
2.340, -0.2830, -4.082
2.350, -0.2825, -3.968
2.360, -0.2820, -3.935
2.370, -0.2815, -3.898
2.380, -0.2810, -3.797
2.390, -0.2805, -3.836
2.400, -0.2800, -3.734
2.410, -0.2795, -3.737
2.420, -0.2790, -3.690
2.430, -0.2785, -3.632
2.440, -0.2780, -3.635
2.450, -0.2775, -3.546
2.460, -0.2770, -3.590
2.470, -0.2765, -3.532
2.480, -0.2760, -3.455
2.490, -0.2755, -3.495
2.500, -0.2750, -3.388
2.510, -0.2745, -3.406
2.520, -0.2740, -3.388
2.530, -0.2735, -3.337
2.540, -0.2730, -3.375
2.550, -0.2725, -3.219
2.560, -0.2720, -3.244
2.570, -0.2715, -3.250
2.580, -0.2710, -3.196
2.590, -0.2705, -3.241
2.600, -0.2700, -3.120
2.610, -0.2695, -3.135
2.620, -0.2690, -3.115
2.630, -0.2685, -3.035
2.640, -0.2680, -3.102
2.650, -0.2675, -2.987
2.660, -0.2670, -3.017
2.670, -0.2665, -2.975
2.680, -0.2660, -2.942
2.690, -0.2655, -2.960
2.700, -0.2650, -2.888
2.710, -0.2645, -2.877
2.720, -0.2640, -2.858
2.730, -0.2635, -2.806
2.740, -0.2630, -2.820
2.750, -0.2625, -2.752
2.760, -0.2620, -2.740
2.770, -0.2615, -2.708
2.780, -0.2610, -2.648
2.790, -0.2605, -2.644
2.800, -0.2600, -2.555
2.810, -0.2595, -2.567
2.820, -0.2590, -2.526
2.830, -0.2585, -2.463
2.840, -0.2580, -2.495
2.850, -0.2575, -2.377
2.860, -0.2570, -2.402
2.870, -0.2565, -2.409
2.880, -0.2560, -2.365
2.890, -0.2555, -2.383
2.900, -0.2550, -2.260
2.910, -0.2545, -2.330
2.920, -0.2540, -2.282
2.930, -0.2535, -2.245
2.940, -0.2530, -2.256
2.950, -0.2525, -2.171
2.960, -0.2520, -2.202
2.970, -0.2515, -2.190
2.980, -0.2510, -2.148
2.990, -0.2505, -2.166
3.000, -0.2500, -2.072
3.010, -0.2495, -2.117
3.020, -0.2490, -2.072
3.030, -0.2485, -2.022
3.040, -0.2480, -2.065
3.050, -0.2475, -1.980
3.060, -0.2470, -2.025
3.070, -0.2465, -1.964
3.080, -0.2460, -1.931
3.090, -0.2455, -1.971
3.100, -0.2450, -1.873
3.110, -0.2445, -1.888
3.120, -0.2440, -1.908
3.130, -0.2435, -1.834
3.140, -0.2430, -1.865
3.150, -0.2425, -1.773
3.160, -0.2420, -1.814
3.170, -0.2415, -1.809
3.180, -0.2410, -1.747
3.190, -0.2405, -1.770
3.200, -0.2400, -1.693
3.210, -0.2395, -1.688
3.220, -0.2390, -1.662
3.230, -0.2385, -1.586
3.240, -0.2380, -1.624
3.250, -0.2375, -1.532
3.260, -0.2370, -1.574
3.270, -0.2365, -1.536
3.280, -0.2360, -1.488
3.290, -0.2355, -1.500
3.300, -0.2350, -1.417
3.310, -0.2345, -1.457
3.320, -0.2340, -1.426
3.330, -0.2335, -1.407
3.340, -0.2330, -1.425
3.350, -0.2325, -1.378
3.360, -0.2320, -1.373
3.370, -0.2315, -1.361
3.380, -0.2310, -1.346
3.390, -0.2305, -1.368
3.400, -0.2300, -1.312
3.410, -0.2295, -1.324
3.420, -0.2290, -1.305
3.430, -0.2285, -1.254
3.440, -0.2280, -1.279
3.450, -0.2275, -1.225
3.460, -0.2270, -1.255
3.470, -0.2265, -1.239
3.480, -0.2260, -1.166
3.490, -0.2255, -1.217
3.500, -0.2250, -1.138
3.510, -0.2245, -1.165
3.520, -0.2240, -1.148
3.530, -0.2235, -1.126
3.540, -0.2230, -1.150
3.550, -0.2225, -1.064
3.560, -0.2220, -1.121
3.570, -0.2215, -1.153
3.580, -0.2210, -1.062
3.590, -0.2205, -1.105
3.600, -0.2200, -1.018
3.610, -0.2195, -1.054
3.620, -0.2190, -1.028
3.630, -0.2185, -0.9727
3.640, -0.2180, -1.004
3.650, -0.2175, -0.9085
3.660, -0.2170, -0.9012
3.670, -0.2165, -0.8992
3.680, -0.2160, -0.8663
3.690, -0.2155, -0.9047
3.700, -0.2150, -0.7839
3.710, -0.2145, -0.8085
3.720, -0.2140, -0.7905
3.730, -0.2135, -0.7727
3.740, -0.2130, -0.8062
3.750, -0.2125, -0.7356
3.760, -0.2120, -0.7562
3.770, -0.2115, -0.7250
3.780, -0.2110, -0.7125
3.790, -0.2105, -0.7476
3.800, -0.2100, -0.6731
3.810, -0.2095, -0.6883
3.820, -0.2090, -0.7077
3.830, -0.2085, -0.6790
3.840, -0.2080, -0.7045
3.850, -0.2075, -0.6327
3.860, -0.2070, -0.6418
3.870, -0.2065, -0.6635
3.880, -0.2060, -0.6015
3.890, -0.2055, -0.6459
3.900, -0.2050, -0.5426
3.910, -0.2045, -0.5835
3.920, -0.2040, -0.5961
3.930, -0.2035, -0.5530
3.940, -0.2030, -0.6117
3.950, -0.2025, -0.5491
3.960, -0.2020, -0.6156
3.970, -0.2015, -0.5890
3.980, -0.2010, -0.5075
3.990, -0.2005, -0.5707
4.000, -0.2000, -0.4802
4.010, -0.1995, -0.5316
4.020, -0.1990, -0.5120
4.030, -0.1985, -0.4535
4.040, -0.1980, -0.5062
4.050, -0.1975, -0.4089
4.060, -0.1970, -0.4296
4.070, -0.1965, -0.4009
4.080, -0.1960, -0.3502
4.090, -0.1955, -0.3826
4.100, -0.1950, -0.2961
4.110, -0.1945, -0.3564
4.120, -0.1940, -0.3411
4.130, -0.1935, -0.3034
4.140, -0.1930, -0.3119
4.150, -0.1925, -0.2521
4.160, -0.1920, -0.2812
4.170, -0.1915, -0.2787
4.180, -0.1910, -0.2652
4.190, -0.1905, -0.2957
4.200, -0.1900, -0.2099
4.210, -0.1895, -0.2134
4.220, -0.1890, -0.2716
4.230, -0.1885, -0.2181
4.240, -0.1880, -0.2410
4.250, -0.1875, -0.1898
4.260, -0.1870, -0.2289
4.270, -0.1865, -0.2529
4.280, -0.1860, -0.1952
4.290, -0.1855, -0.2036
4.300, -0.1850, -0.1513
4.310, -0.1845, -0.1975
4.320, -0.1840, -0.1894
4.330, -0.1835, -0.1995
4.340, -0.1830, -0.1828
4.350, -0.1825, -0.08518
4.360, -0.1820, -0.1482
4.370, -0.1815, -0.1627
4.380, -0.1810, -0.1308
4.390, -0.1805, -0.1568
4.400, -0.1800, -0.03886
4.410, -0.1795, -0.1034
4.420, -0.1790, -0.1155
4.430, -0.1785, -0.07725
4.440, -0.1780, -0.1107
4.450, -0.1775, -0.04689
4.460, -0.1770, -0.05680
4.470, -0.1765, -0.05909
4.480, -0.1760, 0.02748
4.490, -0.1755, -0.00007800
4.500, -0.1750, 0.04695
4.510, -0.1745, 0.03959
4.520, -0.1740, 0.02979
4.530, -0.1735, 0.07979
4.540, -0.1730, 0.04853
4.550, -0.1725, 0.1225
4.560, -0.1720, 0.07605
4.570, -0.1715, 0.1156
4.580, -0.1710, 0.1215
4.590, -0.1705, 0.06670
4.600, -0.1700, 0.1674
4.610, -0.1695, 0.1065
4.620, -0.1690, 0.09897
4.630, -0.1685, 0.1467
4.640, -0.1680, 0.1263
4.650, -0.1675, 0.1748
4.660, -0.1670, 0.1149
4.670, -0.1665, 0.1253
4.680, -0.1660, 0.1765
4.690, -0.1655, 0.1300
4.700, -0.1650, 0.2217
4.710, -0.1645, 0.1364
4.720, -0.1640, 0.1635
4.730, -0.1635, 0.1866
4.740, -0.1630, 0.1777
4.750, -0.1625, 0.2478
4.760, -0.1620, 0.1824
4.770, -0.1615, 0.1882
4.780, -0.1610, 0.2204
4.790, -0.1605, 0.1492
4.800, -0.1600, 0.2404
4.810, -0.1595, 0.2013
4.820, -0.1590, 0.2202
4.830, -0.1585, 0.2348
4.840, -0.1580, 0.1996
4.850, -0.1575, 0.2522
4.860, -0.1570, 0.1932
4.870, -0.1565, 0.2386
4.880, -0.1560, 0.3186
4.890, -0.1555, 0.2813
4.900, -0.1550, 0.3644
4.910, -0.1545, 0.2984
4.920, -0.1540, 0.3224
4.930, -0.1535, 0.3399
4.940, -0.1530, 0.3410
4.950, -0.1525, 0.4474
4.960, -0.1520, 0.3898
4.970, -0.1515, 0.3837
4.980, -0.1510, 0.4031
4.990, -0.1505, 0.4149
5.000, -0.1500, 0.4587
5.010, -0.1495, 0.4272
5.020, -0.1490, 0.4339
5.030, -0.1485, 0.4644
5.040, -0.1480, 0.4267
5.050, -0.1475, 0.4932
5.060, -0.1470, 0.4110
5.070, -0.1465, 0.4464
5.080, -0.1460, 0.4666
5.090, -0.1455, 0.4323
5.100, -0.1450, 0.5091
5.110, -0.1445, 0.4768
5.120, -0.1440, 0.4713
5.130, -0.1435, 0.5155
5.140, -0.1430, 0.4419
5.150, -0.1425, 0.5312
5.160, -0.1420, 0.4570
5.170, -0.1415, 0.4708
5.180, -0.1410, 0.4972
5.190, -0.1405, 0.4768
5.200, -0.1400, 0.5337
5.210, -0.1395, 0.4952
5.220, -0.1390, 0.4988
5.230, -0.1385, 0.5487
5.240, -0.1380, 0.5104
5.250, -0.1375, 0.5237
5.260, -0.1370, 0.4804
5.270, -0.1365, 0.5198
5.280, -0.1360, 0.5314
5.290, -0.1355, 0.5472
5.300, -0.1350, 0.6070
5.310, -0.1345, 0.5492
5.320, -0.1340, 0.5937
5.330, -0.1335, 0.5985
5.340, -0.1330, 0.6011
5.350, -0.1325, 0.6990
5.360, -0.1320, 0.6387
5.370, -0.1315, 0.6717
5.380, -0.1310, 0.6962
5.390, -0.1305, 0.6564
5.400, -0.1300, 0.7331
5.410, -0.1295, 0.6734
5.420, -0.1290, 0.7110
5.430, -0.1285, 0.6993
5.440, -0.1280, 0.6890
5.450, -0.1275, 0.7560
5.460, -0.1270, 0.6933
5.470, -0.1265, 0.7322
5.480, -0.1260, 0.7497
5.490, -0.1255, 0.6867
5.500, -0.1250, 0.7771
5.510, -0.1245, 0.7305
5.520, -0.1240, 0.7939
5.530, -0.1235, 0.7737
5.540, -0.1230, 0.6884
5.550, -0.1225, 0.7674
5.560, -0.1220, 0.7399
5.570, -0.1215, 0.7600
5.580, -0.1210, 0.8034
5.590, -0.1205, 0.7321
5.600, -0.1200, 0.8373
5.610, -0.1195, 0.7502
5.620, -0.1190, 0.7863
5.630, -0.1185, 0.8197
5.640, -0.1180, 0.7971
5.650, -0.1175, 0.8631
5.660, -0.1170, 0.7726
5.670, -0.1165, 0.8300
5.680, -0.1160, 0.7978
5.690, -0.1155, 0.7903
5.700, -0.1150, 0.8334
5.710, -0.1145, 0.7970
5.720, -0.1140, 0.8595
5.730, -0.1135, 0.8554
5.740, -0.1130, 0.8648
5.750, -0.1125, 0.9769
5.760, -0.1120, 0.8958
5.770, -0.1115, 0.9485
5.780, -0.1110, 0.9838
5.790, -0.1105, 0.9422
5.800, -0.1100, 1.025
5.810, -0.1095, 0.9595
5.820, -0.1090, 0.9705
5.830, -0.1085, 0.9843
5.840, -0.1080, 0.9646
5.850, -0.1075, 1.014
5.860, -0.1070, 0.9966
5.870, -0.1065, 0.9996
5.880, -0.1060, 1.017
5.890, -0.1055, 1.016
5.900, -0.1050, 1.051
5.910, -0.1045, 1.044
5.920, -0.1040, 1.026
5.930, -0.1035, 1.075
5.940, -0.1030, 1.010
5.950, -0.1025, 1.102
5.960, -0.1020, 0.9917
5.970, -0.1015, 1.054
5.980, -0.1010, 1.059
5.990, -0.1005, 1.056
6.000, -0.1000, 1.084
6.010, -0.09950, 1.070
6.020, -0.09900, 1.045
6.030, -0.09850, 1.136
6.040, -0.09800, 1.092
6.050, -0.09750, 1.130
6.060, -0.09700, 1.068
6.070, -0.09650, 1.099
6.080, -0.09600, 1.105
6.090, -0.09550, 1.100
6.100, -0.09500, 1.196
6.110, -0.09450, 1.125
6.120, -0.09400, 1.152
6.130, -0.09350, 1.162
6.140, -0.09300, 1.147
6.150, -0.09250, 1.237
6.160, -0.09200, 1.190
6.170, -0.09150, 1.227
6.180, -0.09100, 1.238
6.190, -0.09050, 1.224
6.200, -0.09000, 1.310
6.210, -0.08950, 1.276
6.220, -0.08900, 1.299
6.230, -0.08850, 1.309
6.240, -0.08800, 1.285
6.250, -0.08750, 1.363
6.260, -0.08700, 1.287
6.270, -0.08650, 1.350
6.280, -0.08600, 1.354
6.290, -0.08550, 1.330
6.300, -0.08500, 1.397
6.310, -0.08450, 1.339
6.320, -0.08400, 1.370
6.330, -0.08350, 1.390
6.340, -0.08300, 1.368
6.350, -0.08250, 1.417
6.360, -0.08200, 1.380
6.370, -0.08150, 1.366
6.380, -0.08100, 1.437
6.390, -0.08050, 1.367
6.400, -0.08000, 1.471
6.410, -0.07950, 1.406
6.420, -0.07900, 1.423
6.430, -0.07850, 1.453
6.440, -0.07800, 1.412
6.450, -0.07750, 1.501
6.460, -0.07700, 1.413
6.470, -0.07650, 1.444
6.480, -0.07600, 1.440
6.490, -0.07550, 1.452
6.500, -0.07500, 1.517
6.510, -0.07450, 1.453
6.520, -0.07400, 1.516
6.530, -0.07350, 1.530
6.540, -0.07300, 1.502
6.550, -0.07250, 1.585
6.560, -0.07200, 1.545
6.570, -0.07150, 1.595
6.580, -0.07100, 1.638
6.590, -0.07050, 1.618
6.600, -0.07000, 1.685
6.610, -0.06950, 1.615
6.620, -0.06900, 1.693
6.630, -0.06850, 1.698
6.640, -0.06800, 1.714
6.650, -0.06750, 1.787
6.660, -0.06700, 1.713
6.670, -0.06650, 1.745
6.680, -0.06600, 1.773
6.690, -0.06550, 1.768
6.700, -0.06500, 1.786
6.710, -0.06450, 1.749
6.720, -0.06400, 1.766
6.730, -0.06350, 1.834
6.740, -0.06300, 1.807
6.750, -0.06250, 1.900
6.760, -0.06200, 1.769
6.770, -0.06150, 1.825
6.780, -0.06100, 1.842
6.790, -0.06050, 1.834
6.800, -0.06000, 1.909
6.810, -0.05950, 1.844
6.820, -0.05900, 1.870
6.830, -0.05850, 1.897
6.840, -0.05800, 1.881
6.850, -0.05750, 1.952
6.860, -0.05700, 1.903
6.870, -0.05650, 1.916
6.880, -0.05600, 1.964
6.890, -0.05550, 1.949
6.900, -0.05500, 2.021
6.910, -0.05450, 1.956
6.920, -0.05400, 2.021
6.930, -0.05350, 2.015
6.940, -0.05300, 1.968
6.950, -0.05250, 2.039
6.960, -0.05200, 2.028
6.970, -0.05150, 2.070
6.980, -0.05100, 2.110
6.990, -0.05050, 2.108
7.000, -0.05000, 2.200
7.010, -0.04950, 2.147
7.020, -0.04900, 2.203
7.030, -0.04850, 2.221
7.040, -0.04800, 2.210
7.050, -0.04750, 2.328
7.060, -0.04700, 2.252
7.070, -0.04650, 2.302
7.080, -0.04600, 2.312
7.090, -0.04550, 2.330
7.100, -0.04500, 2.373
7.110, -0.04450, 2.317
7.120, -0.04400, 2.392
7.130, -0.04350, 2.420
7.140, -0.04300, 2.380
7.150, -0.04250, 2.438
7.160, -0.04200, 2.368
7.170, -0.04150, 2.431
7.180, -0.04100, 2.453
7.190, -0.04050, 2.442
7.200, -0.04000, 2.522
7.210, -0.03950, 2.484
7.220, -0.03900, 2.507
7.230, -0.03850, 2.512
7.240, -0.03800, 2.505
7.250, -0.03750, 2.604
7.260, -0.03700, 2.516
7.270, -0.03650, 2.628
7.280, -0.03600, 2.621
7.290, -0.03550, 2.595
7.300, -0.03500, 2.681
7.310, -0.03450, 2.603
7.320, -0.03400, 2.674
7.330, -0.03350, 2.725
7.340, -0.03300, 2.651
7.350, -0.03250, 2.749
7.360, -0.03200, 2.741
7.370, -0.03150, 2.770
7.380, -0.03100, 2.744
7.390, -0.03050, 2.800
7.400, -0.03000, 2.876
7.410, -0.02950, 2.819
7.420, -0.02900, 2.910
7.430, -0.02850, 2.979
7.440, -0.02800, 2.942
7.450, -0.02750, 3.040
7.460, -0.02700, 2.982
7.470, -0.02650, 3.026
7.480, -0.02600, 3.067
7.490, -0.02550, 3.082
7.500, -0.02500, 3.144
7.510, -0.02450, 3.103
7.520, -0.02400, 3.167
7.530, -0.02350, 3.198
7.540, -0.02300, 3.154
7.550, -0.02250, 3.238
7.560, -0.02200, 3.198
7.570, -0.02150, 3.242
7.580, -0.02100, 3.273
7.590, -0.02050, 3.279
7.600, -0.02000, 3.350
7.610, -0.01950, 3.298
7.620, -0.01900, 3.356
7.630, -0.01850, 3.369
7.640, -0.01800, 3.380
7.650, -0.01750, 3.455
7.660, -0.01700, 3.425
7.670, -0.01650, 3.452
7.680, -0.01600, 3.462
7.690, -0.01550, 3.446
7.700, -0.01500, 3.578
7.710, -0.01450, 3.545
7.720, -0.01400, 3.622
7.730, -0.01350, 3.614
7.740, -0.01300, 3.593
7.750, -0.01250, 3.693
7.760, -0.01200, 3.640
7.770, -0.01150, 3.699
7.780, -0.01100, 3.725
7.790, -0.01050, 3.693
7.800, -0.01000, 3.774
7.810, -0.009500, 3.759
7.820, -0.009000, 3.854
7.830, -0.008500, 3.843
7.840, -0.008000, 3.895
7.850, -0.007500, 3.980
7.860, -0.007000, 3.971
7.870, -0.006500, 4.004
7.880, -0.006000, 4.033
7.890, -0.005500, 4.072
7.900, -0.005000, 4.144
7.910, -0.004500, 4.090
7.920, -0.004000, 4.196
7.930, -0.003500, 4.203
7.940, -0.003000, 4.185
7.950, -0.002500, 4.264
7.960, -0.002000, 4.268
7.970, -0.001500, 4.299
7.980, -0.001000, 4.296
7.990, -0.0005000, 4.319
8.000, 0.000, 4.445
8.010, 0.0005000, 4.370
8.020, 0.001000, 4.422
8.030, 0.001500, 4.474
8.040, 0.002000, 4.471
8.050, 0.002500, 4.548
8.060, 0.003000, 4.522
8.070, 0.003500, 4.548
8.080, 0.004000, 4.603
8.090, 0.004500, 4.599
8.100, 0.005000, 4.689
8.110, 0.005500, 4.636
8.120, 0.006000, 4.710
8.130, 0.006500, 4.741
8.140, 0.007000, 4.735
8.150, 0.007500, 4.820
8.160, 0.008000, 4.757
8.170, 0.008500, 4.857
8.180, 0.009000, 4.888
8.190, 0.009500, 4.868
8.200, 0.01000, 4.940
8.210, 0.01050, 4.927
8.220, 0.01100, 4.968
8.230, 0.01150, 5.039
8.240, 0.01200, 5.043
8.250, 0.01250, 5.154
8.260, 0.01300, 5.148
8.270, 0.01350, 5.206
8.280, 0.01400, 5.220
8.290, 0.01450, 5.231
8.300, 0.01500, 5.366
8.310, 0.01550, 5.318
8.320, 0.01600, 5.405
8.330, 0.01650, 5.427
8.340, 0.01700, 5.438
8.350, 0.01750, 5.522
8.360, 0.01800, 5.483
8.370, 0.01850, 5.535
8.380, 0.01900, 5.552
8.390, 0.01950, 5.564
8.400, 0.02000, 5.641
8.410, 0.02050, 5.629
8.420, 0.02100, 5.670
8.430, 0.02150, 5.679
8.440, 0.02200, 5.710
8.450, 0.02250, 5.781
8.460, 0.02300, 5.770
8.470, 0.02350, 5.837
8.480, 0.02400, 5.866
8.490, 0.02450, 5.879
8.500, 0.02500, 5.941
8.510, 0.02550, 5.897
8.520, 0.02600, 5.988
8.530, 0.02650, 6.054
8.540, 0.02700, 6.027
8.550, 0.02750, 6.097
8.560, 0.02800, 6.061
8.570, 0.02850, 6.139
8.580, 0.02900, 6.159
8.590, 0.02950, 6.188
8.600, 0.03000, 6.239
8.610, 0.03050, 6.203
8.620, 0.03100, 6.314
8.630, 0.03150, 6.312
8.640, 0.03200, 6.335
8.650, 0.03250, 6.382
8.660, 0.03300, 6.382
8.670, 0.03350, 6.472
8.680, 0.03400, 6.548
8.690, 0.03450, 6.538
8.700, 0.03500, 6.602
8.710, 0.03550, 6.594
8.720, 0.03600, 6.687
8.730, 0.03650, 6.722
8.740, 0.03700, 6.738
8.750, 0.03750, 6.826
8.760, 0.03800, 6.798
8.770, 0.03850, 6.855
8.780, 0.03900, 6.887
8.790, 0.03950, 6.888
8.800, 0.04000, 6.989
8.810, 0.04050, 6.911
8.820, 0.04100, 7.025
8.830, 0.04150, 7.056
8.840, 0.04200, 7.044
8.850, 0.04250, 7.142
8.860, 0.04300, 7.079
8.870, 0.04350, 7.177
8.880, 0.04400, 7.204
8.890, 0.04450, 7.207
8.900, 0.04500, 7.265
8.910, 0.04550, 7.221
8.920, 0.04600, 7.335
8.930, 0.04650, 7.375
8.940, 0.04700, 7.377
8.950, 0.04750, 7.455
8.960, 0.04800, 7.378
8.970, 0.04850, 7.473
8.980, 0.04900, 7.545
8.990, 0.04950, 7.533
9.000, 0.05000, 7.603
9.010, 0.05050, 7.513
9.020, 0.05100, 7.652
9.030, 0.05150, 7.654
9.040, 0.05200, 7.667
9.050, 0.05250, 7.712
9.060, 0.05300, 7.682
9.070, 0.05350, 7.752
9.080, 0.05400, 7.810
9.090, 0.05450, 7.846
9.100, 0.05500, 7.930
9.110, 0.05550, 7.928
9.120, 0.05600, 7.986
9.130, 0.05650, 8.042
9.140, 0.05700, 8.053
9.150, 0.05750, 8.150
9.160, 0.05800, 8.106
9.170, 0.05850, 8.207
9.180, 0.05900, 8.196
9.190, 0.05950, 8.251
9.200, 0.06000, 8.326
9.210, 0.06050, 8.281
9.220, 0.06100, 8.381
9.230, 0.06150, 8.364
9.240, 0.06200, 8.380
9.250, 0.06250, 8.454
9.260, 0.06300, 8.409
9.270, 0.06350, 8.506
9.280, 0.06400, 8.517
9.290, 0.06450, 8.527
9.300, 0.06500, 8.610
9.310, 0.06550, 8.584
9.320, 0.06600, 8.637
9.330, 0.06650, 8.691
9.340, 0.06700, 8.693
9.350, 0.06750, 8.749
9.360, 0.06800, 8.720
9.370, 0.06850, 8.785
9.380, 0.06900, 8.814
9.390, 0.06950, 8.834
9.400, 0.07000, 8.899
9.410, 0.07050, 8.838
9.420, 0.07100, 8.949
9.430, 0.07150, 8.956
9.440, 0.07200, 8.953
9.450, 0.07250, 9.037
9.460, 0.07300, 8.976
9.470, 0.07350, 9.069
9.480, 0.07400, 9.094
9.490, 0.07450, 9.088
9.500, 0.07500, 9.197
9.510, 0.07550, 9.184
9.520, 0.07600, 9.249
9.530, 0.07650, 9.292
9.540, 0.07700, 9.302
9.550, 0.07750, 9.398
9.560, 0.07800, 9.390
9.570, 0.07850, 9.459
9.580, 0.07900, 9.486
9.590, 0.07950, 9.473
9.600, 0.08000, 9.581
9.610, 0.08050, 9.552
9.620, 0.08100, 9.627
9.630, 0.08150, 9.633
9.640, 0.08200, 9.606
9.650, 0.08250, 9.655
9.660, 0.08300, 9.643
9.670, 0.08350, 9.757
9.680, 0.08400, 9.711
9.690, 0.08450, 9.740
9.700, 0.08500, 9.779
9.710, 0.08550, 9.742
9.720, 0.08600, 9.820
9.730, 0.08650, 9.823
9.740, 0.08700, 9.873
9.750, 0.08750, 9.908
9.760, 0.08800, 9.875
9.770, 0.08850, 9.953
9.780, 0.08900, 9.962
9.790, 0.08950, 9.979
9.800, 0.09000, 10.02
9.810, 0.09050, 9.972
9.820, 0.09100, 10.04
9.830, 0.09150, 10.08
9.840, 0.09200, 10.09
9.850, 0.09250, 10.12
9.860, 0.09300, 10.08
9.870, 0.09350, 10.15
9.880, 0.09400, 10.17
9.890, 0.09450, 10.17
9.900, 0.09500, 10.24
9.910, 0.09550, 10.19
9.920, 0.09600, 10.28
9.930, 0.09650, 10.28
9.940, 0.09700, 10.31
9.950, 0.09750, 10.40
9.960, 0.09800, 10.35
9.970, 0.09850, 10.41
9.980, 0.09900, 10.45
9.990, 0.09950, 10.45
10.00, 0.1000, 10.49
10.01, 0.1005, 10.49
10.02, 0.1010, 10.53
10.03, 0.1015, 10.57
10.04, 0.1020, 10.55
10.05, 0.1025, 10.59
10.06, 0.1030, 10.52
10.07, 0.1035, 10.61
10.08, 0.1040, 10.61
10.09, 0.1045, 10.60
10.10, 0.1050, 10.66
10.11, 0.1055, 10.59
10.12, 0.1060, 10.68
10.13, 0.1065, 10.64
10.14, 0.1070, 10.66
10.15, 0.1075, 10.70
10.16, 0.1080, 10.64
10.17, 0.1085, 10.71
10.18, 0.1090, 10.71
10.19, 0.1095, 10.67
10.20, 0.1100, 10.75
10.21, 0.1105, 10.67
10.22, 0.1110, 10.74
10.23, 0.1115, 10.73
10.24, 0.1120, 10.77
10.25, 0.1125, 10.82
10.26, 0.1130, 10.73
10.27, 0.1135, 10.77
10.28, 0.1140, 10.78
10.29, 0.1145, 10.76
10.30, 0.1150, 10.85
10.31, 0.1155, 10.76
10.32, 0.1160, 10.80
10.33, 0.1165, 10.83
10.34, 0.1170, 10.77
10.35, 0.1175, 10.83
10.36, 0.1180, 10.81
10.37, 0.1185, 10.89
10.38, 0.1190, 10.89
10.39, 0.1195, 10.86
10.40, 0.1200, 10.94
10.41, 0.1205, 10.88
10.42, 0.1210, 10.97
10.43, 0.1215, 10.93
10.44, 0.1220, 10.89
10.45, 0.1225, 10.97
10.46, 0.1230, 10.89
10.47, 0.1235, 10.94
10.48, 0.1240, 10.93
10.49, 0.1245, 10.91
10.50, 0.1250, 10.95
10.51, 0.1255, 10.89
10.52, 0.1260, 10.95
10.53, 0.1265, 10.95
10.54, 0.1270, 10.92
10.55, 0.1275, 10.94
10.56, 0.1280, 10.82
10.57, 0.1285, 10.90
10.58, 0.1290, 10.91
10.59, 0.1295, 10.86
10.60, 0.1300, 10.92
10.61, 0.1305, 10.85
10.62, 0.1310, 10.89
10.63, 0.1315, 10.88
10.64, 0.1320, 10.81
10.65, 0.1325, 10.85
10.66, 0.1330, 10.79
10.67, 0.1335, 10.86
10.68, 0.1340, 10.85
10.69, 0.1345, 10.83
10.70, 0.1350, 10.85
10.71, 0.1355, 10.78
10.72, 0.1360, 10.82
10.73, 0.1365, 10.80
10.74, 0.1370, 10.78
10.75, 0.1375, 10.77
10.76, 0.1380, 10.71
10.77, 0.1385, 10.78
10.78, 0.1390, 10.80
10.79, 0.1395, 10.79
10.80, 0.1400, 10.81
10.81, 0.1405, 10.74
10.82, 0.1410, 10.81
10.83, 0.1415, 10.81
10.84, 0.1420, 10.78
10.85, 0.1425, 10.83
10.86, 0.1430, 10.74
10.87, 0.1435, 10.85
10.88, 0.1440, 10.77
10.89, 0.1445, 10.74
10.90, 0.1450, 10.77
10.91, 0.1455, 10.72
10.92, 0.1460, 10.76
10.93, 0.1465, 10.71
10.94, 0.1470, 10.69
10.95, 0.1475, 10.72
10.96, 0.1480, 10.63
10.97, 0.1485, 10.70
10.98, 0.1490, 10.68
10.99, 0.1495, 10.65
11.00, 0.1500, 10.66
11.01, 0.1505, 10.62
11.02, 0.1510, 10.65
11.03, 0.1515, 10.61
11.04, 0.1520, 10.59
11.05, 0.1525, 10.61
11.06, 0.1530, 10.55
11.07, 0.1535, 10.64
11.08, 0.1540, 10.59
11.09, 0.1545, 10.55
11.10, 0.1550, 10.57
11.11, 0.1555, 10.47
11.12, 0.1560, 10.53
11.13, 0.1565, 10.50
11.14, 0.1570, 10.49
11.15, 0.1575, 10.51
11.16, 0.1580, 10.47
11.17, 0.1585, 10.49
11.18, 0.1590, 10.44
11.19, 0.1595, 10.48
11.20, 0.1600, 10.48
11.21, 0.1605, 10.43
11.22, 0.1610, 10.53
11.23, 0.1615, 10.51
11.24, 0.1620, 10.48
11.25, 0.1625, 10.52
11.26, 0.1630, 10.44
11.27, 0.1635, 10.52
11.28, 0.1640, 10.53
11.29, 0.1645, 10.48
11.30, 0.1650, 10.50
11.31, 0.1655, 10.42
11.32, 0.1660, 10.50
11.33, 0.1665, 10.46
11.34, 0.1670, 10.45
11.35, 0.1675, 10.48
11.36, 0.1680, 10.39
11.37, 0.1685, 10.46
11.38, 0.1690, 10.42
11.39, 0.1695, 10.40
11.40, 0.1700, 10.42
11.41, 0.1705, 10.33
11.42, 0.1710, 10.41
11.43, 0.1715, 10.36
11.44, 0.1720, 10.32
11.45, 0.1725, 10.34
11.46, 0.1730, 10.30
11.47, 0.1735, 10.36
11.48, 0.1740, 10.32
11.49, 0.1745, 10.32
11.50, 0.1750, 10.34
11.51, 0.1755, 10.27
11.52, 0.1760, 10.32
11.53, 0.1765, 10.30
11.54, 0.1770, 10.28
11.55, 0.1775, 10.27
11.56, 0.1780, 10.24
11.57, 0.1785, 10.30
11.58, 0.1790, 10.25
11.59, 0.1795, 10.24
11.60, 0.1800, 10.27
11.61, 0.1805, 10.22
11.62, 0.1810, 10.30
11.63, 0.1815, 10.29
11.64, 0.1820, 10.29
11.65, 0.1825, 10.30
11.66, 0.1830, 10.27
11.67, 0.1835, 10.29
11.68, 0.1840, 10.31
11.69, 0.1845, 10.32
11.70, 0.1850, 10.35
11.71, 0.1855, 10.23
11.72, 0.1860, 10.33
11.73, 0.1865, 10.31
11.74, 0.1870, 10.28
11.75, 0.1875, 10.31
11.76, 0.1880, 10.25
11.77, 0.1885, 10.27
11.78, 0.1890, 10.27
11.79, 0.1895, 10.23
11.80, 0.1900, 10.28
11.81, 0.1905, 10.20
11.82, 0.1910, 10.26
11.83, 0.1915, 10.24
11.84, 0.1920, 10.21
11.85, 0.1925, 10.28
11.86, 0.1930, 10.18
11.87, 0.1935, 10.26
11.88, 0.1940, 10.20
11.89, 0.1945, 10.19
11.90, 0.1950, 10.22
11.91, 0.1955, 10.16
11.92, 0.1960, 10.24
11.93, 0.1965, 10.20
11.94, 0.1970, 10.17
11.95, 0.1975, 10.19
11.96, 0.1980, 10.15
11.97, 0.1985, 10.25
11.98, 0.1990, 10.15
11.99, 0.1995, 10.15
12.00, 0.2000, 10.16
12.01, 0.2005, 10.08
12.02, 0.2010, 10.19
12.03, 0.2015, 10.16
12.04, 0.2020, 10.15
12.05, 0.2025, 10.23
12.06, 0.2030, 10.13
12.07, 0.2035, 10.24
12.08, 0.2040, 10.19
12.09, 0.2045, 10.20
12.10, 0.2050, 10.25
12.11, 0.2055, 10.17
12.12, 0.2060, 10.23
12.13, 0.2065, 10.25
12.14, 0.2070, 10.19
12.15, 0.2075, 10.24
12.16, 0.2080, 10.14
12.17, 0.2085, 10.22
12.18, 0.2090, 10.18
12.19, 0.2095, 10.17
12.20, 0.2100, 10.21
12.21, 0.2105, 10.15
12.22, 0.2110, 10.22
12.23, 0.2115, 10.17
12.24, 0.2120, 10.17
12.25, 0.2125, 10.19
12.26, 0.2130, 10.12
12.27, 0.2135, 10.21
12.28, 0.2140, 10.17
12.29, 0.2145, 10.16
12.30, 0.2150, 10.17
12.31, 0.2155, 10.08
12.32, 0.2160, 10.18
12.33, 0.2165, 10.14
12.34, 0.2170, 10.13
12.35, 0.2175, 10.16
12.36, 0.2180, 10.11
12.37, 0.2185, 10.19
12.38, 0.2190, 10.14
12.39, 0.2195, 10.13
12.40, 0.2200, 10.13
12.41, 0.2205, 10.08
12.42, 0.2210, 10.15
12.43, 0.2215, 10.09
12.44, 0.2220, 10.12
12.45, 0.2225, 10.17
12.46, 0.2230, 10.14
12.47, 0.2235, 10.18
12.48, 0.2240, 10.18
12.49, 0.2245, 10.18
12.50, 0.2250, 10.24
12.51, 0.2255, 10.17
12.52, 0.2260, 10.24
12.53, 0.2265, 10.20
12.54, 0.2270, 10.21
12.55, 0.2275, 10.29
12.56, 0.2280, 10.21
12.57, 0.2285, 10.25
12.58, 0.2290, 10.24
12.59, 0.2295, 10.20
12.60, 0.2300, 10.25
12.61, 0.2305, 10.22
12.62, 0.2310, 10.25
12.63, 0.2315, 10.26
12.64, 0.2320, 10.24
12.65, 0.2325, 10.25
12.66, 0.2330, 10.22
12.67, 0.2335, 10.25
12.68, 0.2340, 10.22
12.69, 0.2345, 10.20
12.70, 0.2350, 10.17
12.71, 0.2355, 10.19
12.72, 0.2360, 10.26
12.73, 0.2365, 10.27
12.74, 0.2370, 10.24
12.75, 0.2375, 10.26
12.76, 0.2380, 10.19
12.77, 0.2385, 10.28
12.78, 0.2390, 10.25
12.79, 0.2395, 10.23
12.80, 0.2400, 10.28
12.81, 0.2405, 10.21
12.82, 0.2410, 10.29
12.83, 0.2415, 10.21
12.84, 0.2420, 10.29
12.85, 0.2425, 10.31
12.86, 0.2430, 10.20
12.87, 0.2435, 10.31
12.88, 0.2440, 10.27
12.89, 0.2445, 10.29
12.90, 0.2450, 10.34
12.91, 0.2455, 10.32
12.92, 0.2460, 10.38
12.93, 0.2465, 10.34
12.94, 0.2470, 10.39
12.95, 0.2475, 10.40
12.96, 0.2480, 10.35
12.97, 0.2485, 10.45
12.98, 0.2490, 10.40
12.99, 0.2495, 10.39
13.00, 0.2500, 10.41
13.01, 0.2505, 10.41
13.02, 0.2510, 10.47
13.03, 0.2515, 10.42
13.04, 0.2520, 10.40
13.05, 0.2525, 10.42
13.06, 0.2530, 10.37
13.07, 0.2535, 10.44
13.08, 0.2540, 10.44
13.09, 0.2545, 10.42
13.10, 0.2550, 10.44
13.11, 0.2555, 10.41
13.12, 0.2560, 10.50
13.13, 0.2565, 10.43
13.14, 0.2570, 10.41
13.15, 0.2575, 10.43
13.16, 0.2580, 10.41
13.17, 0.2585, 10.47
13.18, 0.2590, 10.44
13.19, 0.2595, 10.44
13.20, 0.2600, 10.45
13.21, 0.2605, 10.43
13.22, 0.2610, 10.50
13.23, 0.2615, 10.43
13.24, 0.2620, 10.44
13.25, 0.2625, 10.49
13.26, 0.2630, 10.43
13.27, 0.2635, 10.50
13.28, 0.2640, 10.45
13.29, 0.2645, 10.48
13.30, 0.2650, 10.53
13.31, 0.2655, 10.51
13.32, 0.2660, 10.60
13.33, 0.2665, 10.55
13.34, 0.2670, 10.54
13.35, 0.2675, 10.58
13.36, 0.2680, 10.55
13.37, 0.2685, 10.63
13.38, 0.2690, 10.61
13.39, 0.2695, 10.60
13.40, 0.2700, 10.63
13.41, 0.2705, 10.58
13.42, 0.2710, 10.68
13.43, 0.2715, 10.61
13.44, 0.2720, 10.61
13.45, 0.2725, 10.62
13.46, 0.2730, 10.60
13.47, 0.2735, 10.69
13.48, 0.2740, 10.61
13.49, 0.2745, 10.62
13.50, 0.2750, 10.64
13.51, 0.2755, 10.58
13.52, 0.2760, 10.68
13.53, 0.2765, 10.66
13.54, 0.2770, 10.63
13.55, 0.2775, 10.66
13.56, 0.2780, 10.60
13.57, 0.2785, 10.67
13.58, 0.2790, 10.62
13.59, 0.2795, 10.64
13.60, 0.2800, 10.71
13.61, 0.2805, 10.60
13.62, 0.2810, 10.68
13.63, 0.2815, 10.61
13.64, 0.2820, 10.64
13.65, 0.2825, 10.66
13.66, 0.2830, 10.61
13.67, 0.2835, 10.70
13.68, 0.2840, 10.65
13.69, 0.2845, 10.65
13.70, 0.2850, 10.67
13.71, 0.2855, 10.65
13.72, 0.2860, 10.72
13.73, 0.2865, 10.69
13.74, 0.2870, 10.66
13.75, 0.2875, 10.73
13.76, 0.2880, 10.72
13.77, 0.2885, 10.81
13.78, 0.2890, 10.75
13.79, 0.2895, 10.76
13.80, 0.2900, 10.80
13.81, 0.2905, 10.75
13.82, 0.2910, 10.83
13.83, 0.2915, 10.79
13.84, 0.2920, 10.77
13.85, 0.2925, 10.80
13.86, 0.2930, 10.78
13.87, 0.2935, 10.82
13.88, 0.2940, 10.78
13.89, 0.2945, 10.78
13.90, 0.2950, 10.80
13.91, 0.2955, 10.76
13.92, 0.2960, 10.81
13.93, 0.2965, 10.75
13.94, 0.2970, 10.79
13.95, 0.2975, 10.80
13.96, 0.2980, 10.76
13.97, 0.2985, 10.81
13.98, 0.2990, 10.76
13.99, 0.2995, 10.77
14.00, 0.3000, 10.81
14.01, 0.3005, 10.76
14.02, 0.3010, 10.81
14.03, 0.3015, 10.78
14.04, 0.3020, 10.79
14.05, 0.3025, 10.86
14.06, 0.3030, 10.78
14.07, 0.3035, 10.85
14.08, 0.3040, 10.77
14.09, 0.3045, 10.77
14.10, 0.3050, 10.81
14.11, 0.3055, 10.77
14.12, 0.3060, 10.82
14.13, 0.3065, 10.79
14.14, 0.3070, 10.77
14.15, 0.3075, 10.88
14.16, 0.3080, 10.83
14.17, 0.3085, 10.89
14.18, 0.3090, 10.86
14.19, 0.3095, 10.87
14.20, 0.3100, 10.90
14.21, 0.3105, 10.86
14.22, 0.3110, 10.92
14.23, 0.3115, 10.91
14.24, 0.3120, 10.90
14.25, 0.3125, 10.92
14.26, 0.3130, 10.90
14.27, 0.3135, 10.95
14.28, 0.3140, 10.92
14.29, 0.3145, 10.89
14.30, 0.3150, 10.92
14.31, 0.3155, 10.87
14.32, 0.3160, 10.94
14.33, 0.3165, 10.84
14.34, 0.3170, 10.89
14.35, 0.3175, 10.92
14.36, 0.3180, 10.85
14.37, 0.3185, 10.90
14.38, 0.3190, 10.88
14.39, 0.3195, 10.90
14.40, 0.3200, 10.90
14.41, 0.3205, 10.87
14.42, 0.3210, 10.91
14.43, 0.3215, 10.85
14.44, 0.3220, 10.88
14.45, 0.3225, 10.91
14.46, 0.3230, 10.88
14.47, 0.3235, 10.92
14.48, 0.3240, 10.87
14.49, 0.3245, 10.86
14.50, 0.3250, 10.89
14.51, 0.3255, 10.84
14.52, 0.3260, 10.91
14.53, 0.3265, 10.85
14.54, 0.3270, 10.86
14.55, 0.3275, 10.90
14.56, 0.3280, 10.85
14.57, 0.3285, 10.93
14.58, 0.3290, 10.90
14.59, 0.3295, 10.95
14.60, 0.3300, 10.91
14.61, 0.3305, 10.92
14.62, 0.3310, 10.98
14.63, 0.3315, 10.94
14.64, 0.3320, 10.94
14.65, 0.3325, 10.95
14.66, 0.3330, 10.92
14.67, 0.3335, 11.00
14.68, 0.3340, 10.97
14.69, 0.3345, 10.96
14.70, 0.3350, 10.97
14.71, 0.3355, 10.93
14.72, 0.3360, 10.98
14.73, 0.3365, 10.96
14.74, 0.3370, 10.96
14.75, 0.3375, 10.99
14.76, 0.3380, 10.92
14.77, 0.3385, 11.00
14.78, 0.3390, 10.93
14.79, 0.3395, 10.96
14.80, 0.3400, 10.98
14.81, 0.3405, 10.94
14.82, 0.3410, 11.00
14.83, 0.3415, 10.92
14.84, 0.3420, 10.95
14.85, 0.3425, 10.98
14.86, 0.3430, 10.92
14.87, 0.3435, 11.01
14.88, 0.3440, 10.95
14.89, 0.3445, 10.97
14.90, 0.3450, 10.98
14.91, 0.3455, 10.92
14.92, 0.3460, 10.99
14.93, 0.3465, 10.94
14.94, 0.3470, 10.95
14.95, 0.3475, 10.96
14.96, 0.3480, 10.91
14.97, 0.3485, 11.02
14.98, 0.3490, 10.96
14.99, 0.3495, 10.97
15.00, 0.3500, 11.00
15.01, 0.3505, 11.00
15.02, 0.3510, 11.07
15.03, 0.3515, 11.02
15.04, 0.3520, 11.05
15.05, 0.3525, 11.08
15.06, 0.3530, 11.09
15.07, 0.3535, 11.13
15.08, 0.3540, 11.05
15.09, 0.3545, 11.09
15.10, 0.3550, 11.11
15.11, 0.3555, 11.08
15.12, 0.3560, 11.11
15.13, 0.3565, 11.09
15.14, 0.3570, 11.07
15.15, 0.3575, 11.10
15.16, 0.3580, 11.04
15.17, 0.3585, 11.12
15.18, 0.3590, 11.04
15.19, 0.3595, 11.05
15.20, 0.3600, 11.13
15.21, 0.3605, 11.07
15.22, 0.3610, 11.14
15.23, 0.3615, 11.10
15.24, 0.3620, 11.09
15.25, 0.3625, 11.08
15.26, 0.3630, 11.06
15.27, 0.3635, 11.13
15.28, 0.3640, 11.05
15.29, 0.3645, 11.07
15.30, 0.3650, 11.11
15.31, 0.3655, 11.07
15.32, 0.3660, 11.11
15.33, 0.3665, 11.08
15.34, 0.3670, 11.08
15.35, 0.3675, 11.10
15.36, 0.3680, 11.02
15.37, 0.3685, 11.14
15.38, 0.3690, 11.06
15.39, 0.3695, 11.09
15.40, 0.3700, 11.12
15.41, 0.3705, 11.10
15.42, 0.3710, 11.15
15.43, 0.3715, 11.13
15.44, 0.3720, 11.17
15.45, 0.3725, 11.18
15.46, 0.3730, 11.17
15.47, 0.3735, 11.26
15.48, 0.3740, 11.19
15.49, 0.3745, 11.19
15.50, 0.3750, 11.22
15.51, 0.3755, 11.19
15.52, 0.3760, 11.27
15.53, 0.3765, 11.21
15.54, 0.3770, 11.26
15.55, 0.3775, 11.28
15.56, 0.3780, 11.23
15.57, 0.3785, 11.27
15.58, 0.3790, 11.18
15.59, 0.3795, 11.25
15.60, 0.3800, 11.26
15.61, 0.3805, 11.24
15.62, 0.3810, 11.27
15.63, 0.3815, 11.20
15.64, 0.3820, 11.26
15.65, 0.3825, 11.27
15.66, 0.3830, 11.23
15.67, 0.3835, 11.28
15.68, 0.3840, 11.24
15.69, 0.3845, 11.26
15.70, 0.3850, 11.30
15.71, 0.3855, 11.25
15.72, 0.3860, 11.28
15.73, 0.3865, 11.24
15.74, 0.3870, 11.30
15.75, 0.3875, 11.29
15.76, 0.3880, 11.24
15.77, 0.3885, 11.33
15.78, 0.3890, 11.24
15.79, 0.3895, 11.31
15.80, 0.3900, 11.28
15.81, 0.3905, 11.25
15.82, 0.3910, 11.33
15.83, 0.3915, 11.29
15.84, 0.3920, 11.33
15.85, 0.3925, 11.39
15.86, 0.3930, 11.37
15.87, 0.3935, 11.44
15.88, 0.3940, 11.35
15.89, 0.3945, 11.39
15.90, 0.3950, 11.43
15.91, 0.3955, 11.37
15.92, 0.3960, 11.47
15.93, 0.3965, 11.41
15.94, 0.3970, 11.43
15.95, 0.3975, 11.45
15.96, 0.3980, 11.44
15.97, 0.3985, 11.49
15.98, 0.3990, 11.39
15.99, 0.3995, 11.45
16.00, 0.4000, 11.47
16.01, 0.3995, 11.21
16.02, 0.3990, 11.04
16.03, 0.3985, 10.83
16.04, 0.3980, 10.70
16.05, 0.3975, 10.55
16.06, 0.3970, 10.36
16.07, 0.3965, 10.29
16.08, 0.3960, 10.09
16.09, 0.3955, 10.03
16.10, 0.3950, 9.908
16.11, 0.3945, 9.732
16.12, 0.3940, 9.733
16.13, 0.3935, 9.565
16.14, 0.3930, 9.493
16.15, 0.3925, 9.398
16.16, 0.3920, 9.255
16.17, 0.3915, 9.202
16.18, 0.3910, 9.087
16.19, 0.3905, 9.033
16.20, 0.3900, 8.940
16.21, 0.3895, 8.860
16.22, 0.3890, 8.789
16.23, 0.3885, 8.647
16.24, 0.3880, 8.599
16.25, 0.3875, 8.516
16.26, 0.3870, 8.400
16.27, 0.3865, 8.390
16.28, 0.3860, 8.210
16.29, 0.3855, 8.142
16.30, 0.3850, 8.089
16.31, 0.3845, 7.970
16.32, 0.3840, 7.943
16.33, 0.3835, 7.828
16.34, 0.3830, 7.814
16.35, 0.3825, 7.727
16.36, 0.3820, 7.628
16.37, 0.3815, 7.626
16.38, 0.3810, 7.517
16.39, 0.3805, 7.529
16.40, 0.3800, 7.421
16.41, 0.3795, 7.304
16.42, 0.3790, 7.323
16.43, 0.3785, 7.217
16.44, 0.3780, 7.174
16.45, 0.3775, 7.168
16.46, 0.3770, 7.068
16.47, 0.3765, 7.055
16.48, 0.3760, 6.917
16.49, 0.3755, 6.943
16.50, 0.3750, 6.890
16.51, 0.3745, 6.769
16.52, 0.3740, 6.777
16.53, 0.3735, 6.684
16.54, 0.3730, 6.663
16.55, 0.3725, 6.638
16.56, 0.3720, 6.550
16.57, 0.3715, 6.582
16.58, 0.3710, 6.446
16.59, 0.3705, 6.427
16.60, 0.3700, 6.387
16.61, 0.3695, 6.315
16.62, 0.3690, 6.345
16.63, 0.3685, 6.213
16.64, 0.3680, 6.197
16.65, 0.3675, 6.126
16.66, 0.3670, 6.100
16.67, 0.3665, 6.100
16.68, 0.3660, 5.974
16.69, 0.3655, 5.941
16.70, 0.3650, 5.882
16.71, 0.3645, 5.810
16.72, 0.3640, 5.824
16.73, 0.3635, 5.719
16.74, 0.3630, 5.718
16.75, 0.3625, 5.663
16.76, 0.3620, 5.591
16.77, 0.3615, 5.615
16.78, 0.3610, 5.522
16.79, 0.3605, 5.506
16.80, 0.3600, 5.466
16.81, 0.3595, 5.412
16.82, 0.3590, 5.406
16.83, 0.3585, 5.316
16.84, 0.3580, 5.310
16.85, 0.3575, 5.266
16.86, 0.3570, 5.224
16.87, 0.3565, 5.251
16.88, 0.3560, 5.124
16.89, 0.3555, 5.156
16.90, 0.3550, 5.131
16.91, 0.3545, 5.052
16.92, 0.3540, 5.089
16.93, 0.3535, 4.994
16.94, 0.3530, 4.966
16.95, 0.3525, 4.968
16.96, 0.3520, 4.920
16.97, 0.3515, 4.953
16.98, 0.3510, 4.858
16.99, 0.3505, 4.853
17.00, 0.3500, 4.818
17.01, 0.3495, 4.742
17.02, 0.3490, 4.814
17.03, 0.3485, 4.699
17.04, 0.3480, 4.721
17.05, 0.3475, 4.676
17.06, 0.3470, 4.614
17.07, 0.3465, 4.620
17.08, 0.3460, 4.534
17.09, 0.3455, 4.532
17.10, 0.3450, 4.488
17.11, 0.3445, 4.408
17.12, 0.3440, 4.420
17.13, 0.3435, 4.327
17.14, 0.3430, 4.345
17.15, 0.3425, 4.296
17.16, 0.3420, 4.270
17.17, 0.3415, 4.272
17.18, 0.3410, 4.175
17.19, 0.3405, 4.197
17.20, 0.3400, 4.166
17.21, 0.3395, 4.133
17.22, 0.3390, 4.143
17.23, 0.3385, 4.069
17.24, 0.3380, 4.062
17.25, 0.3375, 4.055
17.26, 0.3370, 3.985
17.27, 0.3365, 4.005
17.28, 0.3360, 3.928
17.29, 0.3355, 3.943
17.30, 0.3350, 3.913
17.31, 0.3345, 3.878
17.32, 0.3340, 3.907
17.33, 0.3335, 3.837
17.34, 0.3330, 3.858
17.35, 0.3325, 3.821
17.36, 0.3320, 3.768
17.37, 0.3315, 3.817
17.38, 0.3310, 3.737
17.39, 0.3305, 3.777
17.40, 0.3300, 3.735
17.41, 0.3295, 3.674
17.42, 0.3290, 3.707
17.43, 0.3285, 3.634
17.44, 0.3280, 3.669
17.45, 0.3275, 3.643
17.46, 0.3270, 3.577
17.47, 0.3265, 3.605
17.48, 0.3260, 3.521
17.49, 0.3255, 3.567
17.50, 0.3250, 3.534
17.51, 0.3245, 3.479
17.52, 0.3240, 3.475
17.53, 0.3235, 3.371
17.54, 0.3230, 3.396
17.55, 0.3225, 3.363
17.56, 0.3220, 3.307
17.57, 0.3215, 3.326
17.58, 0.3210, 3.244
17.59, 0.3205, 3.284
17.60, 0.3200, 3.255
17.61, 0.3195, 3.218
17.62, 0.3190, 3.232
17.63, 0.3185, 3.111
17.64, 0.3180, 3.205
17.65, 0.3175, 3.195
17.66, 0.3170, 3.131
17.67, 0.3165, 3.205
17.68, 0.3160, 3.065
17.69, 0.3155, 3.084
17.70, 0.3150, 3.074
17.71, 0.3145, 3.003
17.72, 0.3140, 3.072
17.73, 0.3135, 2.990
17.74, 0.3130, 3.028
17.75, 0.3125, 2.996
17.76, 0.3120, 2.941
17.77, 0.3115, 2.982
17.78, 0.3110, 2.932
17.79, 0.3105, 2.968
17.80, 0.3100, 2.927
17.81, 0.3095, 2.866
17.82, 0.3090, 2.900
17.83, 0.3085, 2.848
17.84, 0.3080, 2.882
17.85, 0.3075, 2.896
17.86, 0.3070, 2.832
17.87, 0.3065, 2.849
17.88, 0.3060, 2.792
17.89, 0.3055, 2.839
17.90, 0.3050, 2.776
17.91, 0.3045, 2.750
17.92, 0.3040, 2.767
17.93, 0.3035, 2.663
17.94, 0.3030, 2.672
17.95, 0.3025, 2.682
17.96, 0.3020, 2.626
17.97, 0.3015, 2.669
17.98, 0.3010, 2.549
17.99, 0.3005, 2.569
18.00, 0.3000, 2.528
18.01, 0.2995, 2.518
18.02, 0.2990, 2.541
18.03, 0.2985, 2.505
18.04, 0.2980, 2.509
18.05, 0.2975, 2.501
18.06, 0.2970, 2.472
18.07, 0.2965, 2.525
18.08, 0.2960, 2.420
18.09, 0.2955, 2.477
18.10, 0.2950, 2.443
18.11, 0.2945, 2.413
18.12, 0.2940, 2.441
18.13, 0.2935, 2.370
18.14, 0.2930, 2.420
18.15, 0.2925, 2.378
18.16, 0.2920, 2.354
18.17, 0.2915, 2.395
18.18, 0.2910, 2.284
18.19, 0.2905, 2.344
18.20, 0.2900, 2.326
18.21, 0.2895, 2.307
18.22, 0.2890, 2.329
18.23, 0.2885, 2.273
18.24, 0.2880, 2.316
18.25, 0.2875, 2.308
18.26, 0.2870, 2.260
18.27, 0.2865, 2.295
18.28, 0.2860, 2.215
18.29, 0.2855, 2.231
18.30, 0.2850, 2.263
18.31, 0.2845, 2.244
18.32, 0.2840, 2.242
18.33, 0.2835, 2.161
18.34, 0.2830, 2.204
18.35, 0.2825, 2.164
18.36, 0.2820, 2.126
18.37, 0.2815, 2.138
18.38, 0.2810, 2.054
18.39, 0.2805, 2.065
18.40, 0.2800, 2.051
18.41, 0.2795, 2.012
18.42, 0.2790, 2.054
18.43, 0.2785, 1.974
18.44, 0.2780, 2.010
18.45, 0.2775, 1.967
18.46, 0.2770, 1.936
18.47, 0.2765, 1.986
18.48, 0.2760, 1.923
18.49, 0.2755, 1.950
18.50, 0.2750, 1.951
18.51, 0.2745, 1.908
18.52, 0.2740, 1.937
18.53, 0.2735, 1.879
18.54, 0.2730, 1.923
18.55, 0.2725, 1.919
18.56, 0.2720, 1.862
18.57, 0.2715, 1.900
18.58, 0.2710, 1.823
18.59, 0.2705, 1.858
18.60, 0.2700, 1.869
18.61, 0.2695, 1.841
18.62, 0.2690, 1.868
18.63, 0.2685, 1.786
18.64, 0.2680, 1.856
18.65, 0.2675, 1.845
18.66, 0.2670, 1.795
18.67, 0.2665, 1.846
18.68, 0.2660, 1.742
18.69, 0.2655, 1.831
18.70, 0.2650, 1.800
18.71, 0.2645, 1.786
18.72, 0.2640, 1.831
18.73, 0.2635, 1.749
18.74, 0.2630, 1.767
18.75, 0.2625, 1.741
18.76, 0.2620, 1.722
18.77, 0.2615, 1.726
18.78, 0.2610, 1.651
18.79, 0.2605, 1.689
18.80, 0.2600, 1.640
18.81, 0.2595, 1.613
18.82, 0.2590, 1.662
18.83, 0.2585, 1.554
18.84, 0.2580, 1.582
18.85, 0.2575, 1.601
18.86, 0.2570, 1.548
18.87, 0.2565, 1.562
18.88, 0.2560, 1.516
18.89, 0.2555, 1.564
18.90, 0.2550, 1.533
18.91, 0.2545, 1.508
18.92, 0.2540, 1.567
18.93, 0.2535, 1.463
18.94, 0.2530, 1.546
18.95, 0.2525, 1.515
18.96, 0.2520, 1.515
18.97, 0.2515, 1.515
18.98, 0.2510, 1.433
18.99, 0.2505, 1.503
19.00, 0.2500, 1.483
19.01, 0.2495, 1.462
19.02, 0.2490, 1.480
19.03, 0.2485, 1.425
19.04, 0.2480, 1.449
19.05, 0.2475, 1.439
19.06, 0.2470, 1.429
19.07, 0.2465, 1.452
19.08, 0.2460, 1.393
19.09, 0.2455, 1.437
19.10, 0.2450, 1.418
19.11, 0.2445, 1.399
19.12, 0.2440, 1.436
19.13, 0.2435, 1.389
19.14, 0.2430, 1.429
19.15, 0.2425, 1.401
19.16, 0.2420, 1.400
19.17, 0.2415, 1.400
19.18, 0.2410, 1.348
19.19, 0.2405, 1.383
19.20, 0.2400, 1.343
19.21, 0.2395, 1.251
19.22, 0.2390, 1.284
19.23, 0.2385, 1.200
19.24, 0.2380, 1.280
19.25, 0.2375, 1.258
19.26, 0.2370, 1.212
19.27, 0.2365, 1.245
19.28, 0.2360, 1.145
19.29, 0.2355, 1.216
19.30, 0.2350, 1.203
19.31, 0.2345, 1.170
19.32, 0.2340, 1.202
19.33, 0.2335, 1.102
19.34, 0.2330, 1.197
19.35, 0.2325, 1.199
19.36, 0.2320, 1.142
19.37, 0.2315, 1.193
19.38, 0.2310, 1.108
19.39, 0.2305, 1.163
19.40, 0.2300, 1.139
19.41, 0.2295, 1.125
19.42, 0.2290, 1.156
19.43, 0.2285, 1.082
19.44, 0.2280, 1.143
19.45, 0.2275, 1.142
19.46, 0.2270, 1.064
19.47, 0.2265, 1.116
19.48, 0.2260, 1.057
19.49, 0.2255, 1.137
19.50, 0.2250, 1.050
19.51, 0.2245, 1.058
19.52, 0.2240, 1.133
19.53, 0.2235, 1.057
19.54, 0.2230, 1.100
19.55, 0.2225, 1.089
19.56, 0.2220, 1.047
19.57, 0.2215, 1.063
19.58, 0.2210, 1.026
19.59, 0.2205, 1.064
19.60, 0.2200, 1.038
19.61, 0.2195, 1.005
19.62, 0.2190, 1.017
19.63, 0.2185, 0.9392
19.64, 0.2180, 0.9656
19.65, 0.2175, 0.9382
19.66, 0.2170, 0.9147
19.67, 0.2165, 0.9129
19.68, 0.2160, 0.8573
19.69, 0.2155, 0.8987
19.70, 0.2150, 0.8996
19.71, 0.2145, 0.8614
19.72, 0.2140, 0.8781
19.73, 0.2135, 0.8165
19.74, 0.2130, 0.8596
19.75, 0.2125, 0.8560
19.76, 0.2120, 0.8321
19.77, 0.2115, 0.8668
19.78, 0.2110, 0.8045
19.79, 0.2105, 0.8339
19.80, 0.2100, 0.8472
19.81, 0.2095, 0.8095
19.82, 0.2090, 0.8031
19.83, 0.2085, 0.7930
19.84, 0.2080, 0.8332
19.85, 0.2075, 0.7996
19.86, 0.2070, 0.7790
19.87, 0.2065, 0.8016
19.88, 0.2060, 0.7609
19.89, 0.2055, 0.8187
19.90, 0.2050, 0.8044
19.91, 0.2045, 0.7605
19.92, 0.2040, 0.8051
19.93, 0.2035, 0.7233
19.94, 0.2030, 0.7733
19.95, 0.2025, 0.7526
19.96, 0.2020, 0.7249
19.97, 0.2015, 0.7897
19.98, 0.2010, 0.7162
19.99, 0.2005, 0.7526
20.00, 0.2000, 0.7640
20.01, 0.1995, 0.7034
20.02, 0.1990, 0.7666
20.03, 0.1985, 0.6724
20.04, 0.1980, 0.6832
20.05, 0.1975, 0.6765
20.06, 0.1970, 0.6247
20.07, 0.1965, 0.6370
20.08, 0.1960, 0.5665
20.09, 0.1955, 0.6164
20.10, 0.1950, 0.5859
20.11, 0.1945, 0.5400
20.12, 0.1940, 0.6175
20.13, 0.1935, 0.5190
20.14, 0.1930, 0.5826
20.15, 0.1925, 0.5455
20.16, 0.1920, 0.5451
20.17, 0.1915, 0.5778
20.18, 0.1910, 0.5072
20.19, 0.1905, 0.5710
20.20, 0.1900, 0.5232
20.21, 0.1895, 0.4922
20.22, 0.1890, 0.5434
20.23, 0.1885, 0.4896
20.24, 0.1880, 0.6072
20.25, 0.1875, 0.4722
20.26, 0.1870, 0.4627
20.27, 0.1865, 0.4915
20.28, 0.1860, 0.4579
20.29, 0.1855, 0.5269
20.30, 0.1850, 0.4806
20.31, 0.1845, 0.4500
20.32, 0.1840, 0.5075
20.33, 0.1835, 0.4008
20.34, 0.1830, 0.5171
20.35, 0.1825, 0.4718
20.36, 0.1820, 0.4335
20.37, 0.1815, 0.4690
20.38, 0.1810, 0.4343
20.39, 0.1805, 0.4569
20.40, 0.1800, 0.4258
20.41, 0.1795, 0.4657
20.42, 0.1790, 0.4617
20.43, 0.1785, 0.3838
20.44, 0.1780, 0.4169
20.45, 0.1775, 0.4157
20.46, 0.1770, 0.3887
20.47, 0.1765, 0.3954
20.48, 0.1760, 0.3331
20.49, 0.1755, 0.3685
20.50, 0.1750, 0.3223
20.51, 0.1745, 0.2793
20.52, 0.1740, 0.3192
20.53, 0.1735, 0.2461
20.54, 0.1730, 0.2987
20.55, 0.1725, 0.2756
20.56, 0.1720, 0.2529
20.57, 0.1715, 0.2927
20.58, 0.1710, 0.2108
20.59, 0.1705, 0.3160
20.60, 0.1700, 0.2636
20.61, 0.1695, 0.2321
20.62, 0.1690, 0.2931
20.63, 0.1685, 0.2116
20.64, 0.1680, 0.2820
20.65, 0.1675, 0.2351
20.66, 0.1670, 0.2168
20.67, 0.1665, 0.2822
20.68, 0.1660, 0.2024
20.69, 0.1655, 0.2342
20.70, 0.1650, 0.2369
20.71, 0.1645, 0.2090
20.72, 0.1640, 0.2571
20.73, 0.1635, 0.1593
20.74, 0.1630, 0.2293
20.75, 0.1625, 0.1937
20.76, 0.1620, 0.2178
20.77, 0.1615, 0.2211
20.78, 0.1610, 0.1214
20.79, 0.1605, 0.2154
20.80, 0.1600, 0.1733
20.81, 0.1595, 0.1537
20.82, 0.1590, 0.2020
20.83, 0.1585, 0.1615
20.84, 0.1580, 0.2208
20.85, 0.1575, 0.1820
20.86, 0.1570, 0.1839
20.87, 0.1565, 0.2038
20.88, 0.1560, 0.1045
20.89, 0.1555, 0.1557
20.90, 0.1550, 0.08355
20.91, 0.1545, 0.09243
20.92, 0.1540, 0.1019
20.93, 0.1535, -0.008788
20.94, 0.1530, 0.05264
20.95, 0.1525, 0.009451
20.96, 0.1520, -0.001179
20.97, 0.1515, 0.04157
20.98, 0.1510, -0.04136
20.99, 0.1505, 0.01935
21.00, 0.1500, 0.007139
21.01, 0.1495, -0.01496
21.02, 0.1490, 0.02542
21.03, 0.1485, -0.03353
21.04, 0.1480, 0.03526
21.05, 0.1475, 0.0009980
21.06, 0.1470, -0.01779
21.07, 0.1465, 0.01493
21.08, 0.1460, -0.04367
21.09, 0.1455, 0.03766
21.10, 0.1450, -0.01662
21.11, 0.1445, -0.04271
21.12, 0.1440, -0.01051
21.13, 0.1435, -0.07138
21.14, 0.1430, -0.01682
21.15, 0.1425, -0.01987
21.16, 0.1420, -0.07741
21.17, 0.1415, 0.01210
21.18, 0.1410, -0.1208
21.19, 0.1405, -0.04429
21.20, 0.1400, -0.06243
21.21, 0.1395, -0.05093
21.22, 0.1390, -0.002395
21.23, 0.1385, -0.07546
21.24, 0.1380, -0.01378
21.25, 0.1375, -0.03882
21.26, 0.1370, -0.1050
21.27, 0.1365, -0.05607
21.28, 0.1360, -0.07741
21.29, 0.1355, -0.04524
21.30, 0.1350, -0.1275
21.31, 0.1345, -0.1455
21.32, 0.1340, -0.1354
21.33, 0.1335, -0.1747
21.34, 0.1330, -0.1244
21.35, 0.1325, -0.1839
21.36, 0.1320, -0.2039
21.37, 0.1315, -0.1833
21.38, 0.1310, -0.2105
21.39, 0.1305, -0.1615
21.40, 0.1300, -0.2018
21.41, 0.1295, -0.2338
21.42, 0.1290, -0.1937
21.43, 0.1285, -0.2406
21.44, 0.1280, -0.1931
21.45, 0.1275, -0.2250
21.46, 0.1270, -0.2401
21.47, 0.1265, -0.2243
21.48, 0.1260, -0.2675
21.49, 0.1255, -0.2226
21.50, 0.1250, -0.2445
21.51, 0.1245, -0.2229
21.52, 0.1240, -0.2183
21.53, 0.1235, -0.3251
21.54, 0.1230, -0.2257
21.55, 0.1225, -0.2485
21.56, 0.1220, -0.2519
21.57, 0.1215, -0.2310
21.58, 0.1210, -0.3242
21.59, 0.1205, -0.2222
21.60, 0.1200, -0.2344
21.61, 0.1195, -0.2417
21.62, 0.1190, -0.2620
21.63, 0.1185, -0.2979
21.64, 0.1180, -0.2306
21.65, 0.1175, -0.2710
21.66, 0.1170, -0.3019
21.67, 0.1165, -0.2391
21.68, 0.1160, -0.3218
21.69, 0.1155, -0.2292
21.70, 0.1150, -0.2842
21.71, 0.1145, -0.2757
21.72, 0.1140, -0.2985
21.73, 0.1135, -0.3877
21.74, 0.1130, -0.2989
21.75, 0.1125, -0.3622
21.76, 0.1120, -0.3889
21.77, 0.1115, -0.3652
21.78, 0.1110, -0.4182
21.79, 0.1105, -0.3707
21.80, 0.1100, -0.4045
21.81, 0.1095, -0.4183
21.82, 0.1090, -0.3931
21.83, 0.1085, -0.4567
21.84, 0.1080, -0.4013
21.85, 0.1075, -0.4290
21.86, 0.1070, -0.4496
21.87, 0.1065, -0.4081
21.88, 0.1060, -0.4866
21.89, 0.1055, -0.4004
21.90, 0.1050, -0.4337
21.91, 0.1045, -0.4353
21.92, 0.1040, -0.4089
21.93, 0.1035, -0.5054
21.94, 0.1030, -0.4073
21.95, 0.1025, -0.4545
21.96, 0.1020, -0.4648
21.97, 0.1015, -0.4301
21.98, 0.1010, -0.4788
21.99, 0.1005, -0.4031
22.00, 0.1000, -0.4275
22.01, 0.09950, -0.4696
22.02, 0.09900, -0.4326
22.03, 0.09850, -0.4770
22.04, 0.09800, -0.4593
22.05, 0.09750, -0.4874
22.06, 0.09700, -0.5019
22.07, 0.09650, -0.4236
22.08, 0.09600, -0.4881
22.09, 0.09550, -0.3858
22.10, 0.09500, -0.4768
22.11, 0.09450, -0.4818
22.12, 0.09400, -0.4615
22.13, 0.09350, -0.5431
22.14, 0.09300, -0.4779
22.15, 0.09250, -0.5250
22.16, 0.09200, -0.5532
22.17, 0.09150, -0.5454
22.18, 0.09100, -0.6215
22.19, 0.09050, -0.5875
22.20, 0.09000, -0.5894
22.21, 0.08950, -0.6210
22.22, 0.08900, -0.5788
22.23, 0.08850, -0.6292
22.24, 0.08800, -0.6024
22.25, 0.08750, -0.6357
22.26, 0.08700, -0.6427
22.27, 0.08650, -0.6175
22.28, 0.08600, -0.6652
22.29, 0.08550, -0.6274
22.30, 0.08500, -0.6446
22.31, 0.08450, -0.6453
22.32, 0.08400, -0.6059
22.33, 0.08350, -0.6957
22.34, 0.08300, -0.6337
22.35, 0.08250, -0.6905
22.36, 0.08200, -0.6775
22.37, 0.08150, -0.6049
22.38, 0.08100, -0.7035
22.39, 0.08050, -0.6477
22.40, 0.08000, -0.6491
22.41, 0.07950, -0.6973
22.42, 0.07900, -0.6491
22.43, 0.07850, -0.7267
22.44, 0.07800, -0.6519
22.45, 0.07750, -0.6952
22.46, 0.07700, -0.7029
22.47, 0.07650, -0.6891
22.48, 0.07600, -0.7262
22.49, 0.07550, -0.6525
22.50, 0.07500, -0.7115
22.51, 0.07450, -0.7431
22.52, 0.07400, -0.6966
22.53, 0.07350, -0.7535
22.54, 0.07300, -0.6780
22.55, 0.07250, -0.7267
22.56, 0.07200, -0.7854
22.57, 0.07150, -0.7613
22.58, 0.07100, -0.8391
22.59, 0.07050, -0.7952
22.60, 0.07000, -0.8262
22.61, 0.06950, -0.8558
22.62, 0.06900, -0.8267
22.63, 0.06850, -0.9073
22.64, 0.06800, -0.8447
22.65, 0.06750, -0.8546
22.66, 0.06700, -0.8828
22.67, 0.06650, -0.8432
22.68, 0.06600, -0.9493
22.69, 0.06550, -0.8790
22.70, 0.06500, -0.9314
22.71, 0.06450, -0.9256
22.72, 0.06400, -0.8906
22.73, 0.06350, -0.9585
22.74, 0.06300, -0.8965
22.75, 0.06250, -0.9579
22.76, 0.06200, -0.9416
22.77, 0.06150, -0.9116
22.78, 0.06100, -0.9879
22.79, 0.06050, -0.9273
22.80, 0.06000, -0.9665
22.81, 0.05950, -0.9983
22.82, 0.05900, -0.9765
22.83, 0.05850, -0.9960
22.84, 0.05800, -0.9474
22.85, 0.05750, -0.9727
22.86, 0.05700, -0.9936
22.87, 0.05650, -0.9779
22.88, 0.05600, -1.039
22.89, 0.05550, -0.9700
22.90, 0.05500, -1.052
22.91, 0.05450, -1.035
22.92, 0.05400, -1.008
22.93, 0.05350, -1.103
22.94, 0.05300, -0.9988
22.95, 0.05250, -1.065
22.96, 0.05200, -1.048
22.97, 0.05150, -1.055
22.98, 0.05100, -1.114
22.99, 0.05050, -1.068
23.00, 0.05000, -1.151
23.01, 0.04950, -1.158
23.02, 0.04900, -1.135
23.03, 0.04850, -1.217
23.04, 0.04800, -1.151
23.05, 0.04750, -1.227
23.06, 0.04700, -1.236
23.07, 0.04650, -1.226
23.08, 0.04600, -1.298
23.09, 0.04550, -1.210
23.10, 0.04500, -1.282
23.11, 0.04450, -1.290
23.12, 0.04400, -1.288
23.13, 0.04350, -1.375
23.14, 0.04300, -1.283
23.15, 0.04250, -1.357
23.16, 0.04200, -1.329
23.17, 0.04150, -1.354
23.18, 0.04100, -1.391
23.19, 0.04050, -1.353
23.20, 0.04000, -1.362
23.21, 0.03950, -1.402
23.22, 0.03900, -1.376
23.23, 0.03850, -1.429
23.24, 0.03800, -1.378
23.25, 0.03750, -1.421
23.26, 0.03700, -1.426
23.27, 0.03650, -1.419
23.28, 0.03600, -1.476
23.29, 0.03550, -1.441
23.30, 0.03500, -1.508
23.31, 0.03450, -1.558
23.32, 0.03400, -1.495
23.33, 0.03350, -1.528
23.34, 0.03300, -1.518
23.35, 0.03250, -1.585
23.36, 0.03200, -1.568
23.37, 0.03150, -1.570
23.38, 0.03100, -1.628
23.39, 0.03050, -1.553
23.40, 0.03000, -1.636
23.41, 0.02950, -1.668
23.42, 0.02900, -1.655
23.43, 0.02850, -1.744
23.44, 0.02800, -1.708
23.45, 0.02750, -1.789
23.46, 0.02700, -1.821
23.47, 0.02650, -1.802
23.48, 0.02600, -1.907
23.49, 0.02550, -1.828
23.50, 0.02500, -1.904
23.51, 0.02450, -1.933
23.52, 0.02400, -1.928
23.53, 0.02350, -1.944
23.54, 0.02300, -1.896
23.55, 0.02250, -2.000
23.56, 0.02200, -1.974
23.57, 0.02150, -1.961
23.58, 0.02100, -2.042
23.59, 0.02050, -1.967
23.60, 0.02000, -2.028
23.61, 0.01950, -2.072
23.62, 0.01900, -2.070
23.63, 0.01850, -2.120
23.64, 0.01800, -2.074
23.65, 0.01750, -2.105
23.66, 0.01700, -2.191
23.67, 0.01650, -2.142
23.68, 0.01600, -2.235
23.69, 0.01550, -2.156
23.70, 0.01500, -2.224
23.71, 0.01450, -2.247
23.72, 0.01400, -2.247
23.73, 0.01350, -2.311
23.74, 0.01300, -2.315
23.75, 0.01250, -2.368
23.76, 0.01200, -2.377
23.77, 0.01150, -2.313
23.78, 0.01100, -2.407
23.79, 0.01050, -2.369
23.80, 0.01000, -2.439
23.81, 0.009500, -2.499
23.82, 0.009000, -2.478
23.83, 0.008500, -2.529
23.84, 0.008000, -2.535
23.85, 0.007500, -2.615
23.86, 0.007000, -2.659
23.87, 0.006500, -2.635
23.88, 0.006000, -2.689
23.89, 0.005500, -2.687
23.90, 0.005000, -2.787
23.91, 0.004500, -2.833
23.92, 0.004000, -2.811
23.93, 0.003500, -2.838
23.94, 0.003000, -2.805
23.95, 0.002500, -2.873
23.96, 0.002000, -2.910
23.97, 0.001500, -2.928
23.98, 0.001000, -2.940
23.99, 0.0005000, -2.904
24.00, 0.000, -2.994
24.01, -0.0005000, -3.002
24.02, -0.001000, -3.016
24.03, -0.001500, -3.087
24.04, -0.002000, -3.071
24.05, -0.002500, -3.128
24.06, -0.003000, -3.113
24.07, -0.003500, -3.119
24.08, -0.004000, -3.196
24.09, -0.004500, -3.144
24.10, -0.005000, -3.231
24.11, -0.005500, -3.252
24.12, -0.006000, -3.268
24.13, -0.006500, -3.320
24.14, -0.007000, -3.272
24.15, -0.007500, -3.346
24.16, -0.008000, -3.369
24.17, -0.008500, -3.372
24.18, -0.009000, -3.451
24.19, -0.009500, -3.390
24.20, -0.01000, -3.477
24.21, -0.01050, -3.504
24.22, -0.01100, -3.507
24.23, -0.01150, -3.571
24.24, -0.01200, -3.535
24.25, -0.01250, -3.636
24.26, -0.01300, -3.672
24.27, -0.01350, -3.667
24.28, -0.01400, -3.772
24.29, -0.01450, -3.734
24.30, -0.01500, -3.829
24.31, -0.01550, -3.844
24.32, -0.01600, -3.868
24.33, -0.01650, -3.984
24.34, -0.01700, -3.895
24.35, -0.01750, -3.977
24.36, -0.01800, -3.996
24.37, -0.01850, -3.996
24.38, -0.01900, -4.089
24.39, -0.01950, -4.028
24.40, -0.02000, -4.124
24.41, -0.02050, -4.131
24.42, -0.02100, -4.132
24.43, -0.02150, -4.228
24.44, -0.02200, -4.152
24.45, -0.02250, -4.237
24.46, -0.02300, -4.236
24.47, -0.02350, -4.275
24.48, -0.02400, -4.322
24.49, -0.02450, -4.284
24.50, -0.02500, -4.362
24.51, -0.02550, -4.371
24.52, -0.02600, -4.382
24.53, -0.02650, -4.439
24.54, -0.02700, -4.419
24.55, -0.02750, -4.496
24.56, -0.02800, -4.482
24.57, -0.02850, -4.530
24.58, -0.02900, -4.570
24.59, -0.02950, -4.527
24.60, -0.03000, -4.626
24.61, -0.03050, -4.629
24.62, -0.03100, -4.636
24.63, -0.03150, -4.692
24.64, -0.03200, -4.679
24.65, -0.03250, -4.745
24.66, -0.03300, -4.809
24.67, -0.03350, -4.817
24.68, -0.03400, -4.847
24.69, -0.03450, -4.843
24.70, -0.03500, -4.923
24.71, -0.03550, -4.995
24.72, -0.03600, -5.014
24.73, -0.03650, -5.124
24.74, -0.03700, -5.052
24.75, -0.03750, -5.155
24.76, -0.03800, -5.126
24.77, -0.03850, -5.153
24.78, -0.03900, -5.257
24.79, -0.03950, -5.208
24.80, -0.04000, -5.273
24.81, -0.04050, -5.278
24.82, -0.04100, -5.300
24.83, -0.04150, -5.393
24.84, -0.04200, -5.360
24.85, -0.04250, -5.413
24.86, -0.04300, -5.404
24.87, -0.04350, -5.410
24.88, -0.04400, -5.486
24.89, -0.04450, -5.485
24.90, -0.04500, -5.556
24.91, -0.04550, -5.570
24.92, -0.04600, -5.542
24.93, -0.04650, -5.645
24.94, -0.04700, -5.583
24.95, -0.04750, -5.706
24.96, -0.04800, -5.675
24.97, -0.04850, -5.709
24.98, -0.04900, -5.772
24.99, -0.04950, -5.753
25.00, -0.05000, -5.808
25.01, -0.05050, -5.868
25.02, -0.05100, -5.831
25.03, -0.05150, -5.876
25.04, -0.05200, -5.849
25.05, -0.05250, -5.961
25.06, -0.05300, -5.966
25.07, -0.05350, -5.965
25.08, -0.05400, -6.067
25.09, -0.05450, -6.032
25.10, -0.05500, -6.136
25.11, -0.05550, -6.129
25.12, -0.05600, -6.189
25.13, -0.05650, -6.268
25.14, -0.05700, -6.215
25.15, -0.05750, -6.298
25.16, -0.05800, -6.303
25.17, -0.05850, -6.359
25.18, -0.05900, -6.409
25.19, -0.05950, -6.395
25.20, -0.06000, -6.499
25.21, -0.06050, -6.504
25.22, -0.06100, -6.481
25.23, -0.06150, -6.566
25.24, -0.06200, -6.510
25.25, -0.06250, -6.625
25.26, -0.06300, -6.596
25.27, -0.06350, -6.605
25.28, -0.06400, -6.711
25.29, -0.06450, -6.633
25.30, -0.06500, -6.709
25.31, -0.06550, -6.725
25.32, -0.06600, -6.738
25.33, -0.06650, -6.798
25.34, -0.06700, -6.785
25.35, -0.06750, -6.844
25.36, -0.06800, -6.855
25.37, -0.06850, -6.847
25.38, -0.06900, -6.940
25.39, -0.06950, -6.843
25.40, -0.07000, -6.942
25.41, -0.07050, -6.984
25.42, -0.07100, -6.981
25.43, -0.07150, -7.047
25.44, -0.07200, -7.002
25.45, -0.07250, -7.118
25.46, -0.07300, -7.092
25.47, -0.07350, -7.109
25.48, -0.07400, -7.196
25.49, -0.07450, -7.122
25.50, -0.07500, -7.244
25.51, -0.07550, -7.238
25.52, -0.07600, -7.277
25.53, -0.07650, -7.331
25.54, -0.07700, -7.337
25.55, -0.07750, -7.392
25.56, -0.07800, -7.413
25.57, -0.07850, -7.443
25.58, -0.07900, -7.514
25.59, -0.07950, -7.453
25.60, -0.08000, -7.562
25.61, -0.08050, -7.552
25.62, -0.08100, -7.580
25.63, -0.08150, -7.621
25.64, -0.08200, -7.629
25.65, -0.08250, -7.707
25.66, -0.08300, -7.689
25.67, -0.08350, -7.658
25.68, -0.08400, -7.745
25.69, -0.08450, -7.711
25.70, -0.08500, -7.793
25.71, -0.08550, -7.795
25.72, -0.08600, -7.797
25.73, -0.08650, -7.842
25.74, -0.08700, -7.807
25.75, -0.08750, -7.906
25.76, -0.08800, -7.914
25.77, -0.08850, -7.910
25.78, -0.08900, -7.939
25.79, -0.08950, -7.909
25.80, -0.09000, -7.995
25.81, -0.09050, -8.013
25.82, -0.09100, -7.998
25.83, -0.09150, -8.037
25.84, -0.09200, -8.026
25.85, -0.09250, -8.127
25.86, -0.09300, -8.122
25.87, -0.09350, -8.122
25.88, -0.09400, -8.137
25.89, -0.09450, -8.141
25.90, -0.09500, -8.198
25.91, -0.09550, -8.224
25.92, -0.09600, -8.206
25.93, -0.09650, -8.333
25.94, -0.09700, -8.288
25.95, -0.09750, -8.391
25.96, -0.09800, -8.389
25.97, -0.09850, -8.397
25.98, -0.09900, -8.452
25.99, -0.09950, -8.406
26.00, -0.1000, -8.491
26.01, -0.1005, -8.491
26.02, -0.1010, -8.500
26.03, -0.1015, -8.592
26.04, -0.1020, -8.552
26.05, -0.1025, -8.636
26.06, -0.1030, -8.582
26.07, -0.1035, -8.605
26.08, -0.1040, -8.670
26.09, -0.1045, -8.618
26.10, -0.1050, -8.699
26.11, -0.1055, -8.690
26.12, -0.1060, -8.689
26.13, -0.1065, -8.776
26.14, -0.1070, -8.713
26.15, -0.1075, -8.797
26.16, -0.1080, -8.796
26.17, -0.1085, -8.778
26.18, -0.1090, -8.806
26.19, -0.1095, -8.762
26.20, -0.1100, -8.848
26.21, -0.1105, -8.845
26.22, -0.1110, -8.874
26.23, -0.1115, -8.893
26.24, -0.1120, -8.832
26.25, -0.1125, -8.933
26.26, -0.1130, -8.912
26.27, -0.1135, -8.926
26.28, -0.1140, -8.961
26.29, -0.1145, -8.927
26.30, -0.1150, -8.980
26.31, -0.1155, -8.984
26.32, -0.1160, -8.980
26.33, -0.1165, -9.090
26.34, -0.1170, -9.014
26.35, -0.1175, -9.072
26.36, -0.1180, -9.098
26.37, -0.1185, -9.084
26.38, -0.1190, -9.158
26.39, -0.1195, -9.118
26.40, -0.1200, -9.171
26.41, -0.1205, -9.181
26.42, -0.1210, -9.170
26.43, -0.1215, -9.216
26.44, -0.1220, -9.172
26.45, -0.1225, -9.280
26.46, -0.1230, -9.261
26.47, -0.1235, -9.228
26.48, -0.1240, -9.275
26.49, -0.1245, -9.240
26.50, -0.1250, -9.326
26.51, -0.1255, -9.277
26.52, -0.1260, -9.322
26.53, -0.1265, -9.353
26.54, -0.1270, -9.328
26.55, -0.1275, -9.355
26.56, -0.1280, -9.335
26.57, -0.1285, -9.329
26.58, -0.1290, -9.377
26.59, -0.1295, -9.325
26.60, -0.1300, -9.402
26.61, -0.1305, -9.371
26.62, -0.1310, -9.333
26.63, -0.1315, -9.386
26.64, -0.1320, -9.341
26.65, -0.1325, -9.362
26.66, -0.1330, -9.362
26.67, -0.1335, -9.407
26.68, -0.1340, -9.433
26.69, -0.1345, -9.367
26.70, -0.1350, -9.407
26.71, -0.1355, -9.384
26.72, -0.1360, -9.393
26.73, -0.1365, -9.417
26.74, -0.1370, -9.365
26.75, -0.1375, -9.426
26.76, -0.1380, -9.421
26.77, -0.1385, -9.409
26.78, -0.1390, -9.481
26.79, -0.1395, -9.455
26.80, -0.1400, -9.498
26.81, -0.1405, -9.489
26.82, -0.1410, -9.463
26.83, -0.1415, -9.531
26.84, -0.1420, -9.445
26.85, -0.1425, -9.531
26.86, -0.1430, -9.522
26.87, -0.1435, -9.500
26.88, -0.1440, -9.545
26.89, -0.1445, -9.464
26.90, -0.1450, -9.546
26.91, -0.1455, -9.508
26.92, -0.1460, -9.502
26.93, -0.1465, -9.537
26.94, -0.1470, -9.452
26.95, -0.1475, -9.536
26.96, -0.1480, -9.539
26.97, -0.1485, -9.484
26.98, -0.1490, -9.540
26.99, -0.1495, -9.481
27.00, -0.1500, -9.564
27.01, -0.1505, -9.490
27.02, -0.1510, -9.468
27.03, -0.1515, -9.499
27.04, -0.1520, -9.445
27.05, -0.1525, -9.512
27.06, -0.1530, -9.484
27.07, -0.1535, -9.411
27.08, -0.1540, -9.495
27.09, -0.1545, -9.429
27.10, -0.1550, -9.474
27.11, -0.1555, -9.438
27.12, -0.1560, -9.418
27.13, -0.1565, -9.453
27.14, -0.1570, -9.372
27.15, -0.1575, -9.411
27.16, -0.1580, -9.403
27.17, -0.1585, -9.388
27.18, -0.1590, -9.432
27.19, -0.1595, -9.371
27.20, -0.1600, -9.434
27.21, -0.1605, -9.465
27.22, -0.1610, -9.433
27.23, -0.1615, -9.430
27.24, -0.1620, -9.383
27.25, -0.1625, -9.461
27.26, -0.1630, -9.422
27.27, -0.1635, -9.410
27.28, -0.1640, -9.412
27.29, -0.1645, -9.372
27.30, -0.1650, -9.419
27.31, -0.1655, -9.415
27.32, -0.1660, -9.382
27.33, -0.1665, -9.450
27.34, -0.1670, -9.349
27.35, -0.1675, -9.373
27.36, -0.1680, -9.356
27.37, -0.1685, -9.318
27.38, -0.1690, -9.344
27.39, -0.1695, -9.268
27.40, -0.1700, -9.315
27.41, -0.1705, -9.305
27.42, -0.1710, -9.279
27.43, -0.1715, -9.296
27.44, -0.1720, -9.191
27.45, -0.1725, -9.269
27.46, -0.1730, -9.264
27.47, -0.1735, -9.218
27.48, -0.1740, -9.239
27.49, -0.1745, -9.142
27.50, -0.1750, -9.236
27.51, -0.1755, -9.192
27.52, -0.1760, -9.118
27.53, -0.1765, -9.175
27.54, -0.1770, -9.127
27.55, -0.1775, -9.184
27.56, -0.1780, -9.135
27.57, -0.1785, -9.115
27.58, -0.1790, -9.121
27.59, -0.1795, -9.038
27.60, -0.1800, -9.140
27.61, -0.1805, -9.108
27.62, -0.1810, -9.103
27.63, -0.1815, -9.102
27.64, -0.1820, -9.089
27.65, -0.1825, -9.137
27.66, -0.1830, -9.110
27.67, -0.1835, -9.134
27.68, -0.1840, -9.139
27.69, -0.1845, -9.057
27.70, -0.1850, -9.084
27.71, -0.1855, -9.068
27.72, -0.1860, -9.045
27.73, -0.1865, -9.100
27.74, -0.1870, -9.012
27.75, -0.1875, -9.068
27.76, -0.1880, -9.020
27.77, -0.1885, -9.014
27.78, -0.1890, -9.018
27.79, -0.1895, -8.948
27.80, -0.1900, -8.978
27.81, -0.1905, -8.943
27.82, -0.1910, -8.938
27.83, -0.1915, -8.953
27.84, -0.1920, -8.919
27.85, -0.1925, -8.963
27.86, -0.1930, -8.910
27.87, -0.1935, -8.856
27.88, -0.1940, -8.881
27.89, -0.1945, -8.810
27.90, -0.1950, -8.906
27.91, -0.1955, -8.857
27.92, -0.1960, -8.825
27.93, -0.1965, -8.861
27.94, -0.1970, -8.803
27.95, -0.1975, -8.840
27.96, -0.1980, -8.803
27.97, -0.1985, -8.800
27.98, -0.1990, -8.802
27.99, -0.1995, -8.713
28.00, -0.2000, -8.792
28.01, -0.2005, -8.758
28.02, -0.2010, -8.747
28.03, -0.2015, -8.790
28.04, -0.2020, -8.705
28.05, -0.2025, -8.781
28.06, -0.2030, -8.733
28.07, -0.2035, -8.751
28.08, -0.2040, -8.790
28.09, -0.2045, -8.746
28.10, -0.2050, -8.783
28.11, -0.2055, -8.742
28.12, -0.2060, -8.723
28.13, -0.2065, -8.762
28.14, -0.2070, -8.692
28.15, -0.2075, -8.782
28.16, -0.2080, -8.711
28.17, -0.2085, -8.703
28.18, -0.2090, -8.717
28.19, -0.2095, -8.663
28.20, -0.2100, -8.742
28.21, -0.2105, -8.674
28.22, -0.2110, -8.681
28.23, -0.2115, -8.681
28.24, -0.2120, -8.640
28.25, -0.2125, -8.683
28.26, -0.2130, -8.638
28.27, -0.2135, -8.651
28.28, -0.2140, -8.683
28.29, -0.2145, -8.588
28.30, -0.2150, -8.622
28.31, -0.2155, -8.587
28.32, -0.2160, -8.557
28.33, -0.2165, -8.614
28.34, -0.2170, -8.525
28.35, -0.2175, -8.579
28.36, -0.2180, -8.557
28.37, -0.2185, -8.529
28.38, -0.2190, -8.584
28.39, -0.2195, -8.490
28.40, -0.2200, -8.547
28.41, -0.2205, -8.542
28.42, -0.2210, -8.499
28.43, -0.2215, -8.534
28.44, -0.2220, -8.430
28.45, -0.2225, -8.527
28.46, -0.2230, -8.470
28.47, -0.2235, -8.533
28.48, -0.2240, -8.539
28.49, -0.2245, -8.490
28.50, -0.2250, -8.592
28.51, -0.2255, -8.504
28.52, -0.2260, -8.515
28.53, -0.2265, -8.573
28.54, -0.2270, -8.484
28.55, -0.2275, -8.565
28.56, -0.2280, -8.517
28.57, -0.2285, -8.509
28.58, -0.2290, -8.508
28.59, -0.2295, -8.492
28.60, -0.2300, -8.582
28.61, -0.2305, -8.483
28.62, -0.2310, -8.475
28.63, -0.2315, -8.519
28.64, -0.2320, -8.443
28.65, -0.2325, -8.505
28.66, -0.2330, -8.499
28.67, -0.2335, -8.487
28.68, -0.2340, -8.486
28.69, -0.2345, -8.434
28.70, -0.2350, -8.497
28.71, -0.2355, -8.473
28.72, -0.2360, -8.440
28.73, -0.2365, -8.477
28.74, -0.2370, -8.350
28.75, -0.2375, -8.453
28.76, -0.2380, -8.440
28.77, -0.2385, -8.450
28.78, -0.2390, -8.462
28.79, -0.2395, -8.384
28.80, -0.2400, -8.456
28.81, -0.2405, -8.437
28.82, -0.2410, -8.437
28.83, -0.2415, -8.452
28.84, -0.2420, -8.387
28.85, -0.2425, -8.453
28.86, -0.2430, -8.443
28.87, -0.2435, -8.442
28.88, -0.2440, -8.473
28.89, -0.2445, -8.426
28.90, -0.2450, -8.509
28.91, -0.2455, -8.476
28.92, -0.2460, -8.480
28.93, -0.2465, -8.505
28.94, -0.2470, -8.433
28.95, -0.2475, -8.563
28.96, -0.2480, -8.517
28.97, -0.2485, -8.526
28.98, -0.2490, -8.540
28.99, -0.2495, -8.502
29.00, -0.2500, -8.544
29.01, -0.2505, -8.495
29.02, -0.2510, -8.521
29.03, -0.2515, -8.511
29.04, -0.2520, -8.469
29.05, -0.2525, -8.553
29.06, -0.2530, -8.504
29.07, -0.2535, -8.518
29.08, -0.2540, -8.530
29.09, -0.2545, -8.477
29.10, -0.2550, -8.550
29.11, -0.2555, -8.487
29.12, -0.2560, -8.520
29.13, -0.2565, -8.525
29.14, -0.2570, -8.470
29.15, -0.2575, -8.559
29.16, -0.2580, -8.524
29.17, -0.2585, -8.530
29.18, -0.2590, -8.544
29.19, -0.2595, -8.515
29.20, -0.2600, -8.577
29.21, -0.2605, -8.556
29.22, -0.2610, -8.546
29.23, -0.2615, -8.556
29.24, -0.2620, -8.537
29.25, -0.2625, -8.583
29.26, -0.2630, -8.550
29.27, -0.2635, -8.554
29.28, -0.2640, -8.580
29.29, -0.2645, -8.538
29.30, -0.2650, -8.630
29.31, -0.2655, -8.580
29.32, -0.2660, -8.628
29.33, -0.2665, -8.643
29.34, -0.2670, -8.630
29.35, -0.2675, -8.693
29.36, -0.2680, -8.692
29.37, -0.2685, -8.677
29.38, -0.2690, -8.726
29.39, -0.2695, -8.666
29.40, -0.2700, -8.751
29.41, -0.2705, -8.711
29.42, -0.2710, -8.756
29.43, -0.2715, -8.760
29.44, -0.2720, -8.701
29.45, -0.2725, -8.786
29.46, -0.2730, -8.780
29.47, -0.2735, -8.749
29.48, -0.2740, -8.782
29.49, -0.2745, -8.739
29.50, -0.2750, -8.807
29.51, -0.2755, -8.800
29.52, -0.2760, -8.752
29.53, -0.2765, -8.849
29.54, -0.2770, -8.777
29.55, -0.2775, -8.861
29.56, -0.2780, -8.785
29.57, -0.2785, -8.799
29.58, -0.2790, -8.851
29.59, -0.2795, -8.848
29.60, -0.2800, -8.903
29.61, -0.2805, -8.865
29.62, -0.2810, -8.857
29.63, -0.2815, -8.877
29.64, -0.2820, -8.828
29.65, -0.2825, -8.930
29.66, -0.2830, -8.919
29.67, -0.2835, -8.885
29.68, -0.2840, -8.920
29.69, -0.2845, -8.868
29.70, -0.2850, -8.949
29.71, -0.2855, -8.917
29.72, -0.2860, -8.955
29.73, -0.2865, -8.997
29.74, -0.2870, -8.975
29.75, -0.2875, -9.066
29.76, -0.2880, -9.040
29.77, -0.2885, -9.071
29.78, -0.2890, -9.100
29.79, -0.2895, -9.055
29.80, -0.2900, -9.145
29.81, -0.2905, -9.118
29.82, -0.2910, -9.146
29.83, -0.2915, -9.153
29.84, -0.2920, -9.122
29.85, -0.2925, -9.240
29.86, -0.2930, -9.163
29.87, -0.2935, -9.180
29.88, -0.2940, -9.239
29.89, -0.2945, -9.200
29.90, -0.2950, -9.265
29.91, -0.2955, -9.249
29.92, -0.2960, -9.260
29.93, -0.2965, -9.265
29.94, -0.2970, -9.257
29.95, -0.2975, -9.304
29.96, -0.2980, -9.295
29.97, -0.2985, -9.306
29.98, -0.2990, -9.337
29.99, -0.2995, -9.294
30.00, -0.3000, -9.406
30.01, -0.3005, -9.330
30.02, -0.3010, -9.332
30.03, -0.3015, -9.392
30.04, -0.3020, -9.328
30.05, -0.3025, -9.413
30.06, -0.3030, -9.392
30.07, -0.3035, -9.398
30.08, -0.3040, -9.427
30.09, -0.3045, -9.402
30.10, -0.3050, -9.481
30.11, -0.3055, -9.426
30.12, -0.3060, -9.456
30.13, -0.3065, -9.516
30.14, -0.3070, -9.496
30.15, -0.3075, -9.555
30.16, -0.3080, -9.567
30.17, -0.3085, -9.611
30.18, -0.3090, -9.659
30.19, -0.3095, -9.635
30.20, -0.3100, -9.696
30.21, -0.3105, -9.675
30.22, -0.3110, -9.673
30.23, -0.3115, -9.756
30.24, -0.3120, -9.722
30.25, -0.3125, -9.776
30.26, -0.3130, -9.758
30.27, -0.3135, -9.748
30.28, -0.3140, -9.787
30.29, -0.3145, -9.769
30.30, -0.3150, -9.860
30.31, -0.3155, -9.802
30.32, -0.3160, -9.830
30.33, -0.3165, -9.855
30.34, -0.3170, -9.835
30.35, -0.3175, -9.923
30.36, -0.3180, -9.836
30.37, -0.3185, -9.903
30.38, -0.3190, -9.930
30.39, -0.3195, -9.851
30.40, -0.3200, -9.976
30.41, -0.3205, -9.931
30.42, -0.3210, -9.961
30.43, -0.3215, -9.997
30.44, -0.3220, -9.981
30.45, -0.3225, -10.03
30.46, -0.3230, -9.991
30.47, -0.3235, -10.00
30.48, -0.3240, -10.07
30.49, -0.3245, -10.05
30.50, -0.3250, -10.08
30.51, -0.3255, -10.08
30.52, -0.3260, -10.08
30.53, -0.3265, -10.13
30.54, -0.3270, -10.10
30.55, -0.3275, -10.20
30.56, -0.3280, -10.13
30.57, -0.3285, -10.20
30.58, -0.3290, -10.27
30.59, -0.3295, -10.24
30.60, -0.3300, -10.36
30.61, -0.3305, -10.29
30.62, -0.3310, -10.32
30.63, -0.3315, -10.36
30.64, -0.3320, -10.36
30.65, -0.3325, -10.44
30.66, -0.3330, -10.38
30.67, -0.3335, -10.42
30.68, -0.3340, -10.45
30.69, -0.3345, -10.41
30.70, -0.3350, -10.50
30.71, -0.3355, -10.47
30.72, -0.3360, -10.48
30.73, -0.3365, -10.54
30.74, -0.3370, -10.48
30.75, -0.3375, -10.59
30.76, -0.3380, -10.54
30.77, -0.3385, -10.59
30.78, -0.3390, -10.59
30.79, -0.3395, -10.57
30.80, -0.3400, -10.64
30.81, -0.3405, -10.61
30.82, -0.3410, -10.63
30.83, -0.3415, -10.67
30.84, -0.3420, -10.63
30.85, -0.3425, -10.72
30.86, -0.3430, -10.69
30.87, -0.3435, -10.73
30.88, -0.3440, -10.76
30.89, -0.3445, -10.70
30.90, -0.3450, -10.78
30.91, -0.3455, -10.75
30.92, -0.3460, -10.79
30.93, -0.3465, -10.83
30.94, -0.3470, -10.81
30.95, -0.3475, -10.90
30.96, -0.3480, -10.83
30.97, -0.3485, -10.89
30.98, -0.3490, -10.94
30.99, -0.3495, -10.91
31.00, -0.3500, -11.01
31.01, -0.3505, -10.99
31.02, -0.3510, -11.01
31.03, -0.3515, -11.05
31.04, -0.3520, -11.06
31.05, -0.3525, -11.10
31.06, -0.3530, -11.12
31.07, -0.3535, -11.12
31.08, -0.3540, -11.15
31.09, -0.3545, -11.14
31.10, -0.3550, -11.20
31.11, -0.3555, -11.17
31.12, -0.3560, -11.21
31.13, -0.3565, -11.24
31.14, -0.3570, -11.25
31.15, -0.3575, -11.30
31.16, -0.3580, -11.25
31.17, -0.3585, -11.30
31.18, -0.3590, -11.33
31.19, -0.3595, -11.28
31.20, -0.3600, -11.36
31.21, -0.3605, -11.33
31.22, -0.3610, -11.38
31.23, -0.3615, -11.41
31.24, -0.3620, -11.38
31.25, -0.3625, -11.47
31.26, -0.3630, -11.39
31.27, -0.3635, -11.44
31.28, -0.3640, -11.49
31.29, -0.3645, -11.46
31.30, -0.3650, -11.53
31.31, -0.3655, -11.50
31.32, -0.3660, -11.54
31.33, -0.3665, -11.56
31.34, -0.3670, -11.53
31.35, -0.3675, -11.64
31.36, -0.3680, -11.58
31.37, -0.3685, -11.60
31.38, -0.3690, -11.64
31.39, -0.3695, -11.64
31.40, -0.3700, -11.73
31.41, -0.3705, -11.65
31.42, -0.3710, -11.73
31.43, -0.3715, -11.78
31.44, -0.3720, -11.78
31.45, -0.3725, -11.86
31.46, -0.3730, -11.84
31.47, -0.3735, -11.88
31.48, -0.3740, -11.87
31.49, -0.3745, -11.88
31.50, -0.3750, -11.98
31.51, -0.3755, -11.93
31.52, -0.3760, -11.96
31.53, -0.3765, -11.98
31.54, -0.3770, -11.96
31.55, -0.3775, -12.04
31.56, -0.3780, -12.00
31.57, -0.3785, -12.03
31.58, -0.3790, -12.07
31.59, -0.3795, -12.07
31.60, -0.3800, -12.16
31.61, -0.3805, -12.09
31.62, -0.3810, -12.12
31.63, -0.3815, -12.15
31.64, -0.3820, -12.13
31.65, -0.3825, -12.22
31.66, -0.3830, -12.19
31.67, -0.3835, -12.20
31.68, -0.3840, -12.25
31.69, -0.3845, -12.21
31.70, -0.3850, -12.31
31.71, -0.3855, -12.27
31.72, -0.3860, -12.32
31.73, -0.3865, -12.33
31.74, -0.3870, -12.27
31.75, -0.3875, -12.37
31.76, -0.3880, -12.33
31.77, -0.3885, -12.38
31.78, -0.3890, -12.41
31.79, -0.3895, -12.39
31.80, -0.3900, -12.48
31.81, -0.3905, -12.43
31.82, -0.3910, -12.46
31.83, -0.3915, -12.49
31.84, -0.3920, -12.50
31.85, -0.3925, -12.62
31.86, -0.3930, -12.59
31.87, -0.3935, -12.63
31.88, -0.3940, -12.66
31.89, -0.3945, -12.62
31.90, -0.3950, -12.72
31.91, -0.3955, -12.70
31.92, -0.3960, -12.74
31.93, -0.3965, -12.79
31.94, -0.3970, -12.78
31.95, -0.3975, -12.82
31.96, -0.3980, -12.80
31.97, -0.3985, -12.81
31.98, -0.3990, -12.89
31.99, -0.3995, -12.87
32.00, -0.4000, -12.93
