0.01000, -0.3995, -22.81
0.02000, -0.3990, -8.124
0.03000, -0.3985, -4.523
0.04000, -0.3980, -3.189
0.05000, -0.3975, -2.525
0.06000, -0.3970, -2.129
0.07000, -0.3965, -1.869
0.08000, -0.3960, -1.672
0.09000, -0.3955, -1.546
0.1000, -0.3950, -1.434
0.1100, -0.3945, -1.331
0.1200, -0.3940, -1.260
0.1300, -0.3935, -1.178
0.1400, -0.3930, -1.125
0.1500, -0.3925, -1.086
0.1600, -0.3920, -1.049
0.1700, -0.3915, -1.001
0.1800, -0.3910, -0.9630
0.1900, -0.3905, -0.9358
0.2000, -0.3900, -0.9211
0.2100, -0.3895, -0.8738
0.2200, -0.3890, -0.8449
0.2300, -0.3885, -0.8240
0.2400, -0.3880, -0.7979
0.2500, -0.3875, -0.7503
0.2600, -0.3870, -0.7172
0.2700, -0.3865, -0.7162
0.2800, -0.3860, -0.6740
0.2900, -0.3855, -0.6600
0.3000, -0.3850, -0.6175
0.3100, -0.3845, -0.5964
0.3200, -0.3840, -0.5901
0.3300, -0.3835, -0.5828
0.3400, -0.3830, -0.5755
0.3500, -0.3825, -0.5603
0.3600, -0.3820, -0.5665
0.3700, -0.3815, -0.5532
0.3800, -0.3810, -0.5306
0.3900, -0.3805, -0.5368
0.4000, -0.3800, -0.5435
0.4100, -0.3795, -0.5361
0.4200, -0.3790, -0.5227
0.4300, -0.3785, -0.5137
0.4400, -0.3780, -0.5209
0.4500, -0.3775, -0.5238
0.4600, -0.3770, -0.5009
0.4700, -0.3765, -0.4922
0.4800, -0.3760, -0.4775
0.4900, -0.3755, -0.4913
0.5000, -0.3750, -0.4928
0.5100, -0.3745, -0.4923
0.5200, -0.3740, -0.4703
0.5300, -0.3735, -0.4885
0.5400, -0.3730, -0.4743
0.5500, -0.3725, -0.4839
0.5600, -0.3720, -0.4732
0.5700, -0.3715, -0.4587
0.5800, -0.3710, -0.4561
0.5900, -0.3705, -0.4557
0.6000, -0.3700, -0.4660
0.6100, -0.3695, -0.4739
0.6200, -0.3690, -0.4486
0.6300, -0.3685, -0.4468
0.6400, -0.3680, -0.4392
0.6500, -0.3675, -0.4139
0.6600, -0.3670, -0.4259
0.6700, -0.3665, -0.4053
0.6800, -0.3660, -0.4001
0.6900, -0.3655, -0.3617
0.7000, -0.3650, -0.3579
0.7100, -0.3645, -0.3380
0.7200, -0.3640, -0.3394
0.7300, -0.3635, -0.3406
0.7400, -0.3630, -0.3390
0.7500, -0.3625, -0.3241
0.7600, -0.3620, -0.3322
0.7700, -0.3615, -0.3324
0.7800, -0.3610, -0.3188
0.7900, -0.3605, -0.3320
0.8000, -0.3600, -0.3202
0.8100, -0.3595, -0.3295
0.8200, -0.3590, -0.3303
0.8300, -0.3585, -0.3435
0.8400, -0.3580, -0.3403
0.8500, -0.3575, -0.3473
0.8600, -0.3570, -0.3263
0.8700, -0.3565, -0.3526
0.8800, -0.3560, -0.3455
0.8900, -0.3555, -0.3313
0.9000, -0.3550, -0.3414
0.9100, -0.3545, -0.3281
0.9200, -0.3540, -0.3411
0.9300, -0.3535, -0.3486
0.9400, -0.3530, -0.3478
0.9500, -0.3525, -0.3405
0.9600, -0.3520, -0.3305
0.9700, -0.3515, -0.3385
0.9800, -0.3510, -0.3428
0.9900, -0.3505, -0.3422
1.000, -0.3500, -0.3342
1.010, -0.3495, -0.3519
1.020, -0.3490, -0.3254
1.030, -0.3485, -0.3179
1.040, -0.3480, -0.3576
1.050, -0.3475, -0.3385
1.060, -0.3470, -0.3592
1.070, -0.3465, -0.3247
1.080, -0.3460, -0.3152
1.090, -0.3455, -0.2973
1.100, -0.3450, -0.2869
1.110, -0.3445, -0.2714
1.120, -0.3440, -0.2684
1.130, -0.3435, -0.2512
1.140, -0.3430, -0.2287
1.150, -0.3425, -0.2574
1.160, -0.3420, -0.2574
1.170, -0.3415, -0.2510
1.180, -0.3410, -0.2582
1.190, -0.3405, -0.2461
1.200, -0.3400, -0.2396
1.210, -0.3395, -0.2496
1.220, -0.3390, -0.2580
1.230, -0.3385, -0.2603
1.240, -0.3380, -0.2587
1.250, -0.3375, -0.2488
1.260, -0.3370, -0.2692
1.270, -0.3365, -0.2734
1.280, -0.3360, -0.2779
1.290, -0.3355, -0.2581
1.300, -0.3350, -0.2592
1.310, -0.3345, -0.2605
1.320, -0.3340, -0.2753
1.330, -0.3335, -0.2817
1.340, -0.3330, -0.2647
1.350, -0.3325, -0.2700
1.360, -0.3320, -0.2775
1.370, -0.3315, -0.2776
1.380, -0.3310, -0.2825
1.390, -0.3305, -0.2806
1.400, -0.3300, -0.2765
1.410, -0.3295, -0.2935
1.420, -0.3290, -0.2833
1.430, -0.3285, -0.2813
1.440, -0.3280, -0.2838
1.450, -0.3275, -0.2846
1.460, -0.3270, -0.2888
1.470, -0.3265, -0.2822
1.480, -0.3260, -0.2909
1.490, -0.3255, -0.2759
1.500, -0.3250, -0.2637
1.510, -0.3245, -0.2557
1.520, -0.3240, -0.2445
1.530, -0.3235, -0.2404
1.540, -0.3230, -0.2039
1.550, -0.3225, -0.2234
1.560, -0.3220, -0.1878
1.570, -0.3215, -0.1892
1.580, -0.3210, -0.1963
1.590, -0.3205, -0.1863
1.600, -0.3200, -0.2078
1.610, -0.3195, -0.2033
1.620, -0.3190, -0.2077
1.630, -0.3185, -0.2174
1.640, -0.3180, -0.1885
1.650, -0.3175, -0.2344
1.660, -0.3170, -0.2220
1.670, -0.3165, -0.2248
1.680, -0.3160, -0.2309
1.690, -0.3155, -0.2208
1.700, -0.3150, -0.2270
1.710, -0.3145, -0.2423
1.720, -0.3140, -0.2449
1.730, -0.3135, -0.2348
1.740, -0.3130, -0.2100
1.750, -0.3125, -0.2400
1.760, -0.3120, -0.2457
1.770, -0.3115, -0.2375
1.780, -0.3110, -0.2470
1.790, -0.3105, -0.2474
1.800, -0.3100, -0.2411
1.810, -0.3095, -0.2327
1.820, -0.3090, -0.2460
1.830, -0.3085, -0.2355
1.840, -0.3080, -0.2527
1.850, -0.3075, -0.2585
1.860, -0.3070, -0.2402
1.870, -0.3065, -0.2542
1.880, -0.3060, -0.2485
1.890, -0.3055, -0.2454
1.900, -0.3050, -0.2413
1.910, -0.3045, -0.2514
1.920, -0.3040, -0.2461
1.930, -0.3035, -0.2071
1.940, -0.3030, -0.2065
1.950, -0.3025, -0.2106
1.960, -0.3020, -0.1947
1.970, -0.3015, -0.1755
1.980, -0.3010, -0.1917
1.990, -0.3005, -0.1821
2.000, -0.3000, -0.1706
2.010, -0.2995, -0.1673
2.020, -0.2990, -0.1682
2.030, -0.2985, -0.1642
2.040, -0.2980, -0.1599
2.050, -0.2975, -0.1803
2.060, -0.2970, -0.1759
2.070, -0.2965, -0.1927
2.080, -0.2960, -0.1818
2.090, -0.2955, -0.1949
2.100, -0.2950, -0.1810
2.110, -0.2945, -0.1887
2.120, -0.2940, -0.2064
2.130, -0.2935, -0.2070
2.140, -0.2930, -0.1979
2.150, -0.2925, -0.2067
2.160, -0.2920, -0.2183
2.170, -0.2915, -0.2139
2.180, -0.2910, -0.2256
2.190, -0.2905, -0.2208
2.200, -0.2900, -0.2334
2.210, -0.2895, -0.2206
2.220, -0.2890, -0.2226
2.230, -0.2885, -0.2383
2.240, -0.2880, -0.2385
2.250, -0.2875, -0.2345
2.260, -0.2870, -0.2247
2.270, -0.2865, -0.2146
2.280, -0.2860, -0.2283
2.290, -0.2855, -0.2129
2.300, -0.2850, -0.2352
2.310, -0.2845, -0.2238
2.320, -0.2840, -0.2354
2.330, -0.2835, -0.2197
2.340, -0.2830, -0.2255
2.350, -0.2825, -0.2153
2.360, -0.2820, -0.1780
2.370, -0.2815, -0.1822
2.380, -0.2810, -0.1868
2.390, -0.2805, -0.1827
2.400, -0.2800, -0.1653
2.410, -0.2795, -0.1536
2.420, -0.2790, -0.1435
2.430, -0.2785, -0.1656
2.440, -0.2780, -0.1646
2.450, -0.2775, -0.1503
2.460, -0.2770, -0.1583
2.470, -0.2765, -0.1537
2.480, -0.2760, -0.1495
2.490, -0.2755, -0.1828
2.500, -0.2750, -0.1797
2.510, -0.2745, -0.1967
2.520, -0.2740, -0.1743
2.530, -0.2735, -0.1724
2.540, -0.2730, -0.1903
2.550, -0.2725, -0.1836
2.560, -0.2720, -0.2041
2.570, -0.2715, -0.1826
2.580, -0.2710, -0.1909
2.590, -0.2705, -0.1986
2.600, -0.2700, -0.1967
2.610, -0.2695, -0.1853
2.620, -0.2690, -0.2149
2.630, -0.2685, -0.2383
2.640, -0.2680, -0.2303
2.650, -0.2675, -0.2177
2.660, -0.2670, -0.2043
2.670, -0.2665, -0.2128
2.680, -0.2660, -0.2185
2.690, -0.2655, -0.2276
2.700, -0.2650, -0.2100
2.710, -0.2645, -0.1845
2.720, -0.2640, -0.2130
2.730, -0.2635, -0.2223
2.740, -0.2630, -0.2183
2.750, -0.2625, -0.2036
2.760, -0.2620, -0.2070
2.770, -0.2615, -0.2059
2.780, -0.2610, -0.1579
2.790, -0.2605, -0.1745
2.800, -0.2600, -0.1730
2.810, -0.2595, -0.1700
2.820, -0.2590, -0.1426
2.830, -0.2585, -0.1301
2.840, -0.2580, -0.1383
2.850, -0.2575, -0.1629
2.860, -0.2570, -0.1608
2.870, -0.2565, -0.1429
2.880, -0.2560, -0.1391
2.890, -0.2555, -0.1513
2.900, -0.2550, -0.1774
2.910, -0.2545, -0.1569
2.920, -0.2540, -0.1606
2.930, -0.2535, -0.1590
2.940, -0.2530, -0.1832
2.950, -0.2525, -0.1663
2.960, -0.2520, -0.1783
2.970, -0.2515, -0.1921
2.980, -0.2510, -0.1716
2.990, -0.2505, -0.1478
3.000, -0.2500, -0.1681
3.010, -0.2495, -0.1791
3.020, -0.2490, -0.1844
3.030, -0.2485, -0.1953
3.040, -0.2480, -0.1799
3.050, -0.2475, -0.1960
3.060, -0.2470, -0.1713
3.070, -0.2465, -0.1879
3.080, -0.2460, -0.2043
3.090, -0.2455, -0.1944
3.100, -0.2450, -0.2048
3.110, -0.2445, -0.1938
3.120, -0.2440, -0.2042
3.130, -0.2435, -0.1982
3.140, -0.2430, -0.2111
3.150, -0.2425, -0.2070
3.160, -0.2420, -0.2052
3.170, -0.2415, -0.1888
3.180, -0.2410, -0.2034
3.190, -0.2405, -0.2040
3.200, -0.2400, -0.1850
3.210, -0.2395, -0.1500
3.220, -0.2390, -0.1412
3.230, -0.2385, -0.1418
3.240, -0.2380, -0.1265
3.250, -0.2375, -0.1291
3.260, -0.2370, -0.1414
3.270, -0.2365, -0.1458
3.280, -0.2360, -0.1201
3.290, -0.2355, -0.1511
3.300, -0.2350, -0.1351
3.310, -0.2345, -0.1355
3.320, -0.2340, -0.1480
3.330, -0.2335, -0.1463
3.340, -0.2330, -0.1593
3.350, -0.2325, -0.1610
3.360, -0.2320, -0.1557
3.370, -0.2315, -0.1600
3.380, -0.2310, -0.1548
3.390, -0.2305, -0.1629
3.400, -0.2300, -0.1867
3.410, -0.2295, -0.2019
3.420, -0.2290, -0.2004
3.430, -0.2285, -0.1696
3.440, -0.2280, -0.1646
3.450, -0.2275, -0.1651
3.460, -0.2270, -0.1873
3.470, -0.2265, -0.1859
3.480, -0.2260, -0.1781
3.490, -0.2255, -0.1975
3.500, -0.2250, -0.1922
3.510, -0.2245, -0.1977
3.520, -0.2240, -0.2107
3.530, -0.2235, -0.2001
3.540, -0.2230, -0.2070
3.550, -0.2225, -0.1875
3.560, -0.2220, -0.1837
3.570, -0.2215, -0.1903
3.580, -0.2210, -0.2124
3.590, -0.2205, -0.2195
3.600, -0.2200, -0.2148
3.610, -0.2195, -0.1913
3.620, -0.2190, -0.1886
3.630, -0.2185, -0.1714
3.640, -0.2180, -0.1431
3.650, -0.2175, -0.1266
3.660, -0.2170, -0.1439
3.670, -0.2165, -0.1233
3.680, -0.2160, -0.1265
3.690, -0.2155, -0.1291
3.700, -0.2150, -0.1043
3.710, -0.2145, -0.1464
3.720, -0.2140, -0.1335
3.730, -0.2135, -0.1283
3.740, -0.2130, -0.1382
3.750, -0.2125, -0.1331
3.760, -0.2120, -0.1504
3.770, -0.2115, -0.1590
3.780, -0.2110, -0.1457
3.790, -0.2105, -0.1346
3.800, -0.2100, -0.1616
3.810, -0.2095, -0.1594
3.820, -0.2090, -0.1668
3.830, -0.2085, -0.1711
3.840, -0.2080, -0.1731
3.850, -0.2075, -0.1904
3.860, -0.2070, -0.1860
3.870, -0.2065, -0.1486
3.880, -0.2060, -0.1481
3.890, -0.2055, -0.1612
3.900, -0.2050, -0.1821
3.910, -0.2045, -0.1706
3.920, -0.2040, -0.1766
3.930, -0.2035, -0.1891
3.940, -0.2030, -0.1987
3.950, -0.2025, -0.1897
3.960, -0.2020, -0.1882
3.970, -0.2015, -0.2033
3.980, -0.2010, -0.1929
3.990, -0.2005, -0.1730
4.000, -0.2000, -0.1850
4.010, -0.1995, -0.1856
4.020, -0.1990, -0.2109
4.030, -0.1985, -0.1815
4.040, -0.1980, -0.1750
4.050, -0.1975, -0.1673
4.060, -0.1970, -0.1272
4.070, -0.1965, -0.1331
4.080, -0.1960, -0.1262
4.090, -0.1955, -0.1205
4.100, -0.1950, -0.1110
4.110, -0.1945, -0.1244
4.120, -0.1940, -0.1396
4.130, -0.1935, -0.1181
4.140, -0.1930, -0.1272
4.150, -0.1925, -0.1205
4.160, -0.1920, -0.1059
4.170, -0.1915, -0.1213
4.180, -0.1910, -0.1469
4.190, -0.1905, -0.1541
4.200, -0.1900, -0.1634
4.210, -0.1895, -0.1702
4.220, -0.1890, -0.1669
4.230, -0.1885, -0.1779
4.240, -0.1880, -0.1585
4.250, -0.1875, -0.1704
4.260, -0.1870, -0.1560
4.270, -0.1865, -0.1727
4.280, -0.1860, -0.1737
4.290, -0.1855, -0.1739
4.300, -0.1850, -0.1796
4.310, -0.1845, -0.1725
4.320, -0.1840, -0.1649
4.330, -0.1835, -0.1791
4.340, -0.1830, -0.1853
4.350, -0.1825, -0.2062
4.360, -0.1820, -0.2197
4.370, -0.1815, -0.1702
4.380, -0.1810, -0.1932
4.390, -0.1805, -0.2052
4.400, -0.1800, -0.1955
4.410, -0.1795, -0.2168
4.420, -0.1790, -0.1896
4.430, -0.1785, -0.1863
4.440, -0.1780, -0.1792
4.450, -0.1775, -0.1797
4.460, -0.1770, -0.1993
4.470, -0.1765, -0.1681
4.480, -0.1760, -0.1551
4.490, -0.1755, -0.1434
4.500, -0.1750, -0.1059
4.510, -0.1745, -0.1384
4.520, -0.1740, -0.1303
4.530, -0.1735, -0.1186
4.540, -0.1730, -0.1187
4.550, -0.1725, -0.1111
4.560, -0.1720, -0.1198
4.570, -0.1715, -0.1450
4.580, -0.1710, -0.1222
4.590, -0.1705, -0.1313
4.600, -0.1700, -0.1419
4.610, -0.1695, -0.1267
4.620, -0.1690, -0.1503
4.630, -0.1685, -0.1724
4.640, -0.1680, -0.1560
4.650, -0.1675, -0.1699
4.660, -0.1670, -0.1633
4.670, -0.1665, -0.1547
4.680, -0.1660, -0.1685
4.690, -0.1655, -0.1684
4.700, -0.1650, -0.1887
4.710, -0.1645, -0.1807
4.720, -0.1640, -0.1847
4.730, -0.1635, -0.1898
4.740, -0.1630, -0.1841
4.750, -0.1625, -0.1891
4.760, -0.1620, -0.1588
4.770, -0.1615, -0.1809
4.780, -0.1610, -0.1914
4.790, -0.1605, -0.1805
4.800, -0.1600, -0.2136
4.810, -0.1595, -0.2116
4.820, -0.1590, -0.2034
4.830, -0.1585, -0.1898
4.840, -0.1580, -0.2064
4.850, -0.1575, -0.2011
4.860, -0.1570, -0.1845
4.870, -0.1565, -0.1655
4.880, -0.1560, -0.1682
4.890, -0.1555, -0.1549
4.900, -0.1550, -0.1533
4.910, -0.1545, -0.1435
4.920, -0.1540, -0.1168
4.930, -0.1535, -0.1411
4.940, -0.1530, -0.09959
4.950, -0.1525, -0.1063
4.960, -0.1520, -0.1077
4.970, -0.1515, -0.1099
4.980, -0.1510, -0.1140
4.990, -0.1505, -0.1149
5.000, -0.1500, -0.1362
5.010, -0.1495, -0.1247
5.020, -0.1490, -0.1389
5.030, -0.1485, -0.1440
5.040, -0.1480, -0.1297
5.050, -0.1475, -0.1549
5.060, -0.1470, -0.1517
5.070, -0.1465, -0.1617
5.080, -0.1460, -0.1649
5.090, -0.1455, -0.1607
5.100, -0.1450, -0.1559
5.110, -0.1445, -0.1747
5.120, -0.1440, -0.1530
5.130, -0.1435, -0.1654
5.140, -0.1430, -0.1614
5.150, -0.1425, -0.1864
5.160, -0.1420, -0.1828
5.170, -0.1415, -0.1665
5.180, -0.1410, -0.1707
5.190, -0.1405, -0.1716
5.200, -0.1400, -0.1636
5.210, -0.1395, -0.1737
5.220, -0.1390, -0.1998
5.230, -0.1385, -0.1817
5.240, -0.1380, -0.1982
5.250, -0.1375, -0.2016
5.260, -0.1370, -0.1857
5.270, -0.1365, -0.2005
5.280, -0.1360, -0.1859
5.290, -0.1355, -0.1811
5.300, -0.1350, -0.1589
5.310, -0.1345, -0.1477
5.320, -0.1340, -0.1363
5.330, -0.1335, -0.1374
5.340, -0.1330, -0.1250
5.350, -0.1325, -0.1319
5.360, -0.1320, -0.1242
5.370, -0.1315, -0.1220
5.380, -0.1310, -0.09918
5.390, -0.1305, -0.09144
5.400, -0.1300, -0.1219
5.410, -0.1295, -0.1359
5.420, -0.1290, -0.1575
5.430, -0.1285, -0.1142
5.440, -0.1280, -0.1386
5.450, -0.1275, -0.1404
5.460, -0.1270, -0.1424
5.470, -0.1265, -0.1503
5.480, -0.1260, -0.1466
5.490, -0.1255, -0.1496
5.500, -0.1250, -0.1360
5.510, -0.1245, -0.1429
5.520, -0.1240, -0.1665
5.530, -0.1235, -0.1828
5.540, -0.1230, -0.1741
5.550, -0.1225, -0.1635
5.560, -0.1220, -0.1578
5.570, -0.1215, -0.1613
5.580, -0.1210, -0.1568
5.590, -0.1205, -0.1711
5.600, -0.1200, -0.1676
5.610, -0.1195, -0.1664
5.620, -0.1190, -0.1712
5.630, -0.1185, -0.1655
5.640, -0.1180, -0.1769
5.650, -0.1175, -0.1782
5.660, -0.1170, -0.1978
5.670, -0.1165, -0.1716
5.680, -0.1160, -0.1902
5.690, -0.1155, -0.1849
5.700, -0.1150, -0.2037
5.710, -0.1145, -0.2056
5.720, -0.1140, -0.1376
5.730, -0.1135, -0.1703
5.740, -0.1130, -0.1397
5.750, -0.1125, -0.1334
5.760, -0.1120, -0.1244
5.770, -0.1115, -0.1159
5.780, -0.1110, -0.1120
5.790, -0.1105, -0.1147
5.800, -0.1100, -0.1389
5.810, -0.1095, -0.1380
5.820, -0.1090, -0.1225
5.830, -0.1085, -0.1087
5.840, -0.1080, -0.1127
5.850, -0.1075, -0.1471
5.860, -0.1070, -0.1501
5.870, -0.1065, -0.1480
5.880, -0.1060, -0.1343
5.890, -0.1055, -0.1321
5.900, -0.1050, -0.1467
5.910, -0.1045, -0.1602
5.920, -0.1040, -0.1522
5.930, -0.1035, -0.1588
5.940, -0.1030, -0.1467
5.950, -0.1025, -0.1753
5.960, -0.1020, -0.1586
5.970, -0.1015, -0.1720
5.980, -0.1010, -0.1696
5.990, -0.1005, -0.1769
6.000, -0.1000, -0.1417
6.010, -0.09950, -0.1428
6.020, -0.09900, -0.1691
6.030, -0.09850, -0.1989
6.040, -0.09800, -0.1784
6.050, -0.09750, -0.1701
6.060, -0.09700, -0.1731
6.070, -0.09650, -0.1756
6.080, -0.09600, -0.1711
6.090, -0.09550, -0.1962
6.100, -0.09500, -0.1947
6.110, -0.09450, -0.2021
6.120, -0.09400, -0.1900
6.130, -0.09350, -0.1611
6.140, -0.09300, -0.1617
6.150, -0.09250, -0.1696
6.160, -0.09200, -0.1400
6.170, -0.09150, -0.1267
6.180, -0.09100, -0.1088
6.190, -0.09050, -0.1178
6.200, -0.09000, -0.1079
6.210, -0.08950, -0.1172
6.220, -0.08900, -0.1007
6.230, -0.08850, -0.09959
6.240, -0.08800, -0.1347
6.250, -0.08750, -0.1354
6.260, -0.08700, -0.1273
6.270, -0.08650, -0.1117
6.280, -0.08600, -0.1063
6.290, -0.08550, -0.1370
6.300, -0.08500, -0.1539
6.310, -0.08450, -0.1459
6.320, -0.08400, -0.1378
6.330, -0.08350, -0.1366
6.340, -0.08300, -0.1344
6.350, -0.08250, -0.1544
6.360, -0.08200, -0.1531
6.370, -0.08150, -0.1448
6.380, -0.08100, -0.1625
6.390, -0.08050, -0.1751
6.400, -0.08000, -0.1498
6.410, -0.07950, -0.1626
6.420, -0.07900, -0.1678
6.430, -0.07850, -0.1732
6.440, -0.07800, -0.1314
6.450, -0.07750, -0.1426
6.460, -0.07700, -0.1577
6.470, -0.07650, -0.1622
6.480, -0.07600, -0.1795
6.490, -0.07550, -0.1673
6.500, -0.07500, -0.1632
6.510, -0.07450, -0.1698
6.520, -0.07400, -0.1556
6.530, -0.07350, -0.1794
6.540, -0.07300, -0.1706
6.550, -0.07250, -0.1684
6.560, -0.07200, -0.1438
6.570, -0.07150, -0.1298
6.580, -0.07100, -0.1087
6.590, -0.07050, -0.1350
6.600, -0.07000, -0.1231
6.610, -0.06950, -0.1064
6.620, -0.06900, -0.1010
6.630, -0.06850, -0.1199
6.640, -0.06800, -0.1078
6.650, -0.06750, -0.09733
6.660, -0.06700, -0.1125
6.670, -0.06650, -0.1037
6.680, -0.06600, -0.1099
6.690, -0.06550, -0.09796
6.700, -0.06500, -0.1163
6.710, -0.06450, -0.1398
6.720, -0.06400, -0.1225
6.730, -0.06350, -0.1210
6.740, -0.06300, -0.1285
6.750, -0.06250, -0.1400
6.760, -0.06200, -0.1290
6.770, -0.06150, -0.1437
6.780, -0.06100, -0.1426
6.790, -0.06050, -0.1480
6.800, -0.06000, -0.1234
6.810, -0.05950, -0.1424
6.820, -0.05900, -0.1609
6.830, -0.05850, -0.1546
6.840, -0.05800, -0.1573
6.850, -0.05750, -0.1608
6.860, -0.05700, -0.1518
6.870, -0.05650, -0.1527
6.880, -0.05600, -0.1603
6.890, -0.05550, -0.1311
6.900, -0.05500, -0.1610
6.910, -0.05450, -0.1658
6.920, -0.05400, -0.1562
6.930, -0.05350, -0.1715
6.940, -0.05300, -0.1556
6.950, -0.05250, -0.1585
6.960, -0.05200, -0.1496
6.970, -0.05150, -0.1542
6.980, -0.05100, -0.1249
6.990, -0.05050, -0.1400
7.000, -0.05000, -0.1111
7.010, -0.04950, -0.09559
7.020, -0.04900, -0.08557
7.030, -0.04850, -0.1110
7.040, -0.04800, -0.09137
7.050, -0.04750, -0.09980
7.060, -0.04700, -0.07929
7.070, -0.04650, -0.08365
7.080, -0.04600, -0.06662
7.090, -0.04550, -0.09731
7.100, -0.04500, -0.1076
7.110, -0.04450, -0.1023
7.120, -0.04400, -0.09439
7.130, -0.04350, -0.1069
7.140, -0.04300, -0.1008
7.150, -0.04250, -0.1130
7.160, -0.04200, -0.1058
7.170, -0.04150, -0.1012
7.180, -0.04100, -0.1122
7.190, -0.04050, -0.1217
7.200, -0.04000, -0.1208
7.210, -0.03950, -0.1183
7.220, -0.03900, -0.1245
7.230, -0.03850, -0.1234
7.240, -0.03800, -0.1186
7.250, -0.03750, -0.1335
7.260, -0.03700, -0.1365
7.270, -0.03650, -0.1237
7.280, -0.03600, -0.1220
7.290, -0.03550, -0.08661
7.300, -0.03500, -0.1138
7.310, -0.03450, -0.1454
7.320, -0.03400, -0.1068
7.330, -0.03350, -0.1058
7.340, -0.03300, -0.1397
7.350, -0.03250, -0.1307
7.360, -0.03200, -0.1318
7.370, -0.03150, -0.1518
7.380, -0.03100, -0.1232
7.390, -0.03050, -0.1327
7.400, -0.03000, -0.1195
7.410, -0.02950, -0.1224
7.420, -0.02900, -0.1116
7.430, -0.02850, -0.06008
7.440, -0.02800, -0.05041
7.450, -0.02750, -0.05222
7.460, -0.02700, -0.04967
7.470, -0.02650, -0.05258
7.480, -0.02600, -0.04072
7.490, -0.02550, -0.04413
7.500, -0.02500, -0.02509
7.510, -0.02450, -0.04291
7.520, -0.02400, -0.05819
7.530, -0.02350, -0.04346
7.540, -0.02300, -0.06654
7.550, -0.02250, -0.05659
7.560, -0.02200, -0.06653
7.570, -0.02150, -0.05586
7.580, -0.02100, -0.05476
7.590, -0.02050, -0.08053
7.600, -0.02000, -0.07304
7.610, -0.01950, -0.07173
7.620, -0.01900, -0.07866
7.630, -0.01850, -0.07352
7.640, -0.01800, -0.07922
7.650, -0.01750, -0.09644
7.660, -0.01700, -0.08398
7.670, -0.01650, -0.07455
7.680, -0.01600, -0.08150
7.690, -0.01550, -0.07096
7.700, -0.01500, -0.08617
7.710, -0.01450, -0.06406
7.720, -0.01400, -0.05642
7.730, -0.01350, -0.03850
7.740, -0.01300, -0.07410
7.750, -0.01250, -0.08997
7.760, -0.01200, -0.08135
7.770, -0.01150, -0.07658
7.780, -0.01100, -0.08830
7.790, -0.01050, -0.08761
7.800, -0.01000, -0.09212
7.810, -0.009500, -0.08866
7.820, -0.009000, -0.07017
7.830, -0.008500, -0.05330
7.840, -0.008000, -0.03559
7.850, -0.007500, -0.01398
7.860, -0.007000, -0.02170
7.870, -0.006500, -0.002308
7.880, -0.006000, 0.008363
7.890, -0.005500, 0.01106
7.900, -0.005000, 0.01381
7.910, -0.004500, 0.03701
7.920, -0.004000, 0.01011
7.930, -0.003500, 0.02004
7.940, -0.003000, 0.02403
7.950, -0.002500, 0.03411
7.960, -0.002000, 0.02252
7.970, -0.001500, 0.01584
7.980, -0.001000, -0.004769
7.990, -0.0005000, 0.001922
8.000, 0.000, -0.001331
8.010, 0.0005000, 0.01554
8.020, 0.001000, 0.01125
8.030, 0.001500, 0.02563
8.040, 0.002000, -0.006349
8.050, 0.002500, -0.005002
8.060, 0.003000, -0.001426
8.070, 0.003500, 0.01182
8.080, 0.004000, 0.004827
8.090, 0.004500, -0.004621
8.100, 0.005000, 0.008988
8.110, 0.005500, 0.03014
8.120, 0.006000, -0.001178
8.130, 0.006500, 0.01697
8.140, 0.007000, -0.008498
8.150, 0.007500, 0.0003660
8.160, 0.008000, 0.03150
8.170, 0.008500, 0.03131
8.180, 0.009000, 0.02948
8.190, 0.009500, 0.004130
8.200, 0.01000, 0.02287
8.210, 0.01050, 0.01218
8.220, 0.01100, 0.01821
8.230, 0.01150, 0.03598
8.240, 0.01200, 0.03708
8.250, 0.01250, 0.04006
8.260, 0.01300, 0.06065
8.270, 0.01350, 0.06859
8.280, 0.01400, 0.1196
8.290, 0.01450, 0.1229
8.300, 0.01500, 0.1136
8.310, 0.01550, 0.1227
8.320, 0.01600, 0.1087
8.330, 0.01650, 0.1234
8.340, 0.01700, 0.1257
8.350, 0.01750, 0.1268
8.360, 0.01800, 0.1207
8.370, 0.01850, 0.1282
8.380, 0.01900, 0.1042
8.390, 0.01950, 0.1407
8.400, 0.02000, 0.1394
8.410, 0.02050, 0.1294
8.420, 0.02100, 0.1152
8.430, 0.02150, 0.1271
8.440, 0.02200, 0.1265
8.450, 0.02250, 0.1537
8.460, 0.02300, 0.1388
8.470, 0.02350, 0.1518
8.480, 0.02400, 0.1249
8.490, 0.02450, 0.1308
8.500, 0.02500, 0.1587
8.510, 0.02550, 0.1810
8.520, 0.02600, 0.1515
8.530, 0.02650, 0.1494
8.540, 0.02700, 0.1391
8.550, 0.02750, 0.1556
8.560, 0.02800, 0.1642
8.570, 0.02850, 0.1632
8.580, 0.02900, 0.1622
8.590, 0.02950, 0.1392
8.600, 0.03000, 0.1454
8.610, 0.03050, 0.1651
8.620, 0.03100, 0.1659
8.630, 0.03150, 0.1633
8.640, 0.03200, 0.1696
8.650, 0.03250, 0.1987
8.660, 0.03300, 0.2192
8.670, 0.03350, 0.2407
8.680, 0.03400, 0.2223
8.690, 0.03450, 0.2595
8.700, 0.03500, 0.2642
8.710, 0.03550, 0.2737
8.720, 0.03600, 0.3005
8.730, 0.03650, 0.3262
8.740, 0.03700, 0.2964
8.750, 0.03750, 0.2994
8.760, 0.03800, 0.2955
8.770, 0.03850, 0.3090
8.780, 0.03900, 0.3127
8.790, 0.03950, 0.3035
8.800, 0.04000, 0.3088
8.810, 0.04050, 0.2880
8.820, 0.04100, 0.3161
8.830, 0.04150, 0.3423
8.840, 0.04200, 0.3266
8.850, 0.04250, 0.3116
8.860, 0.04300, 0.3339
8.870, 0.04350, 0.3142
8.880, 0.04400, 0.3245
8.890, 0.04450, 0.3343
8.900, 0.04500, 0.3445
8.910, 0.04550, 0.3556
8.920, 0.04600, 0.3345
8.930, 0.04650, 0.3414
8.940, 0.04700, 0.3635
8.950, 0.04750, 0.3659
8.960, 0.04800, 0.3600
8.970, 0.04850, 0.3715
8.980, 0.04900, 0.3565
8.990, 0.04950, 0.3576
9.000, 0.05000, 0.3823
9.010, 0.05050, 0.3718
9.020, 0.05100, 0.3733
9.030, 0.05150, 0.3805
9.040, 0.05200, 0.3829
9.050, 0.05250, 0.3812
9.060, 0.05300, 0.3962
9.070, 0.05350, 0.4217
9.080, 0.05400, 0.4259
9.090, 0.05450, 0.4474
9.100, 0.05500, 0.4841
9.110, 0.05550, 0.4770
9.120, 0.05600, 0.5018
9.130, 0.05650, 0.4873
9.140, 0.05700, 0.5132
9.150, 0.05750, 0.5215
9.160, 0.05800, 0.5422
9.170, 0.05850, 0.5728
9.180, 0.05900, 0.5510
9.190, 0.05950, 0.5555
9.200, 0.06000, 0.5405
9.210, 0.06050, 0.5500
9.220, 0.06100, 0.5654
9.230, 0.06150, 0.5725
9.240, 0.06200, 0.5765
9.250, 0.06250, 0.5685
9.260, 0.06300, 0.5668
9.270, 0.06350, 0.5874
9.280, 0.06400, 0.5866
9.290, 0.06450, 0.5856
9.300, 0.06500, 0.5871
9.310, 0.06550, 0.5807
9.320, 0.06600, 0.6004
9.330, 0.06650, 0.6105
9.340, 0.06700, 0.5993
9.350, 0.06750, 0.6289
9.360, 0.06800, 0.6093
9.370, 0.06850, 0.6154
9.380, 0.06900, 0.6223
9.390, 0.06950, 0.6566
9.400, 0.07000, 0.6591
9.410, 0.07050, 0.6484
9.420, 0.07100, 0.6583
9.430, 0.07150, 0.6535
9.440, 0.07200, 0.6582
9.450, 0.07250, 0.6624
9.460, 0.07300, 0.6836
9.470, 0.07350, 0.6876
9.480, 0.07400, 0.6680
9.490, 0.07450, 0.7125
9.500, 0.07500, 0.7152
9.510, 0.07550, 0.7462
9.520, 0.07600, 0.7447
9.530, 0.07650, 0.7880
9.540, 0.07700, 0.7773
9.550, 0.07750, 0.8102
9.560, 0.07800, 0.8332
9.570, 0.07850, 0.8314
9.580, 0.07900, 0.8632
9.590, 0.07950, 0.8503
9.600, 0.08000, 0.8701
9.610, 0.08050, 0.8638
9.620, 0.08100, 0.8558
9.630, 0.08150, 0.8814
9.640, 0.08200, 0.8787
9.650, 0.08250, 0.8654
9.660, 0.08300, 0.8787
9.670, 0.08350, 0.8897
9.680, 0.08400, 0.8846
9.690, 0.08450, 0.8872
9.700, 0.08500, 0.8945
9.710, 0.08550, 0.8939
9.720, 0.08600, 0.9269
9.730, 0.08650, 0.9463
9.740, 0.08700, 0.9518
9.750, 0.08750, 0.9352
9.760, 0.08800, 0.9618
9.770, 0.08850, 0.9463
9.780, 0.08900, 0.9619
9.790, 0.08950, 1.001
9.800, 0.09000, 1.003
9.810, 0.09050, 0.9759
9.820, 0.09100, 0.9886
9.830, 0.09150, 0.9915
9.840, 0.09200, 1.022
9.850, 0.09250, 1.023
9.860, 0.09300, 1.042
9.870, 0.09350, 1.045
9.880, 0.09400, 1.050
9.890, 0.09450, 1.058
9.900, 0.09500, 1.067
9.910, 0.09550, 1.077
9.920, 0.09600, 1.100
9.930, 0.09650, 1.111
9.940, 0.09700, 1.134
9.950, 0.09750, 1.149
9.960, 0.09800, 1.172
9.970, 0.09850, 1.207
9.980, 0.09900, 1.216
9.990, 0.09950, 1.219
10.00, 0.1000, 1.231
10.01, 0.1005, 1.250
10.02, 0.1010, 1.285
10.03, 0.1015, 1.280
10.04, 0.1020, 1.273
10.05, 0.1025, 1.293
10.06, 0.1030, 1.294
10.07, 0.1035, 1.304
10.08, 0.1040, 1.321
10.09, 0.1045, 1.319
10.10, 0.1050, 1.339
10.11, 0.1055, 1.359
10.12, 0.1060, 1.351
10.13, 0.1065, 1.359
10.14, 0.1070, 1.367
10.15, 0.1075, 1.376
10.16, 0.1080, 1.369
10.17, 0.1085, 1.415
10.18, 0.1090, 1.406
10.19, 0.1095, 1.418
10.20, 0.1100, 1.443
10.21, 0.1105, 1.455
10.22, 0.1110, 1.463
10.23, 0.1115, 1.498
10.24, 0.1120, 1.492
10.25, 0.1125, 1.530
10.26, 0.1130, 1.492
10.27, 0.1135, 1.516
10.28, 0.1140, 1.546
10.29, 0.1145, 1.555
10.30, 0.1150, 1.553
10.31, 0.1155, 1.572
10.32, 0.1160, 1.602
10.33, 0.1165, 1.615
10.34, 0.1170, 1.629
10.35, 0.1175, 1.658
10.36, 0.1180, 1.699
10.37, 0.1185, 1.701
10.38, 0.1190, 1.722
10.39, 0.1195, 1.759
10.40, 0.1200, 1.775
10.41, 0.1205, 1.835
10.42, 0.1210, 1.838
10.43, 0.1215, 1.826
10.44, 0.1220, 1.837
10.45, 0.1225, 1.866
10.46, 0.1230, 1.886
10.47, 0.1235, 1.898
10.48, 0.1240, 1.907
10.49, 0.1245, 1.923
10.50, 0.1250, 1.937
10.51, 0.1255, 1.967
10.52, 0.1260, 1.975
10.53, 0.1265, 1.977
10.54, 0.1270, 1.995
10.55, 0.1275, 2.014
10.56, 0.1280, 2.016
10.57, 0.1285, 2.059
10.58, 0.1290, 2.048
10.59, 0.1295, 2.059
10.60, 0.1300, 2.075
10.61, 0.1305, 2.101
10.62, 0.1310, 2.117
10.63, 0.1315, 2.140
10.64, 0.1320, 2.160
10.65, 0.1325, 2.165
10.66, 0.1330, 2.203
10.67, 0.1335, 2.209
10.68, 0.1340, 2.223
10.69, 0.1345, 2.258
10.70, 0.1350, 2.267
10.71, 0.1355, 2.270
10.72, 0.1360, 2.286
10.73, 0.1365, 2.326
10.74, 0.1370, 2.338
10.75, 0.1375, 2.364
10.76, 0.1380, 2.367
10.77, 0.1385, 2.417
10.78, 0.1390, 2.456
10.79, 0.1395, 2.489
10.80, 0.1400, 2.516
10.81, 0.1405, 2.551
10.82, 0.1410, 2.565
10.83, 0.1415, 2.593
10.84, 0.1420, 2.602
10.85, 0.1425, 2.651
10.86, 0.1430, 2.685
10.87, 0.1435, 2.659
10.88, 0.1440, 2.671
10.89, 0.1445, 2.698
10.90, 0.1450, 2.725
10.91, 0.1455, 2.752
10.92, 0.1460, 2.743
10.93, 0.1465, 2.759
10.94, 0.1470, 2.789
10.95, 0.1475, 2.795
10.96, 0.1480, 2.822
10.97, 0.1485, 2.844
10.98, 0.1490, 2.874
10.99, 0.1495, 2.884
11.00, 0.1500, 2.893
11.01, 0.1505, 2.929
11.02, 0.1510, 2.954
11.03, 0.1515, 2.977
11.04, 0.1520, 2.967
11.05, 0.1525, 2.970
11.06, 0.1530, 3.018
11.07, 0.1535, 3.030
11.08, 0.1540, 3.060
11.09, 0.1545, 3.082
11.10, 0.1550, 3.102
11.11, 0.1555, 3.113
11.12, 0.1560, 3.127
11.13, 0.1565, 3.161
11.14, 0.1570, 3.178
11.15, 0.1575, 3.194
11.16, 0.1580, 3.218
11.17, 0.1585, 3.222
11.18, 0.1590, 3.270
11.19, 0.1595, 3.301
11.20, 0.1600, 3.353
11.21, 0.1605, 3.374
11.22, 0.1610, 3.404
11.23, 0.1615, 3.433
11.24, 0.1620, 3.463
11.25, 0.1625, 3.498
11.26, 0.1630, 3.509
11.27, 0.1635, 3.528
11.28, 0.1640, 3.542
11.29, 0.1645, 3.580
11.30, 0.1650, 3.619
11.31, 0.1655, 3.615
11.32, 0.1660, 3.629
11.33, 0.1665, 3.634
11.34, 0.1670, 3.665
11.35, 0.1675, 3.680
11.36, 0.1680, 3.705
11.37, 0.1685, 3.752
11.38, 0.1690, 3.750
11.39, 0.1695, 3.758
11.40, 0.1700, 3.778
11.41, 0.1705, 3.793
11.42, 0.1710, 3.801
11.43, 0.1715, 3.840
11.44, 0.1720, 3.853
11.45, 0.1725, 3.860
11.46, 0.1730, 3.904
11.47, 0.1735, 3.939
11.48, 0.1740, 3.934
11.49, 0.1745, 3.941
11.50, 0.1750, 3.974
11.51, 0.1755, 4.001
11.52, 0.1760, 4.024
11.53, 0.1765, 4.040
11.54, 0.1770, 4.061
11.55, 0.1775, 4.075
11.56, 0.1780, 4.090
11.57, 0.1785, 4.118
11.58, 0.1790, 4.149
11.59, 0.1795, 4.163
11.60, 0.1800, 4.188
11.61, 0.1805, 4.225
11.62, 0.1810, 4.250
11.63, 0.1815, 4.300
11.64, 0.1820, 4.334
11.65, 0.1825, 4.367
11.66, 0.1830, 4.380
11.67, 0.1835, 4.416
11.68, 0.1840, 4.453
11.69, 0.1845, 4.484
11.70, 0.1850, 4.490
11.71, 0.1855, 4.520
11.72, 0.1860, 4.506
11.73, 0.1865, 4.540
11.74, 0.1870, 4.550
11.75, 0.1875, 4.565
11.76, 0.1880, 4.578
11.77, 0.1885, 4.598
11.78, 0.1890, 4.615
11.79, 0.1895, 4.653
11.80, 0.1900, 4.666
11.81, 0.1905, 4.670
11.82, 0.1910, 4.728
11.83, 0.1915, 4.699
11.84, 0.1920, 4.739
11.85, 0.1925, 4.760
11.86, 0.1930, 4.772
11.87, 0.1935, 4.808
11.88, 0.1940, 4.813
11.89, 0.1945, 4.846
11.90, 0.1950, 4.860
11.91, 0.1955, 4.884
11.92, 0.1960, 4.892
11.93, 0.1965, 4.926
11.94, 0.1970, 4.930
11.95, 0.1975, 4.926
11.96, 0.1980, 4.982
11.97, 0.1985, 4.995
11.98, 0.1990, 5.016
11.99, 0.1995, 5.024
12.00, 0.2000, 5.049
12.01, 0.2005, 5.074
12.02, 0.2010, 5.103
12.03, 0.2015, 5.122
12.04, 0.2020, 5.166
12.05, 0.2025, 5.191
12.06, 0.2030, 5.199
12.07, 0.2035, 5.264
12.08, 0.2040, 5.282
12.09, 0.2045, 5.319
12.10, 0.2050, 5.339
12.11, 0.2055, 5.337
12.12, 0.2060, 5.359
12.13, 0.2065, 5.390
12.14, 0.2070, 5.420
12.15, 0.2075, 5.424
12.16, 0.2080, 5.444
12.17, 0.2085, 5.458
12.18, 0.2090, 5.473
12.19, 0.2095, 5.507
12.20, 0.2100, 5.511
12.21, 0.2105, 5.519
12.22, 0.2110, 5.526
12.23, 0.2115, 5.550
12.24, 0.2120, 5.570
12.25, 0.2125, 5.601
12.26, 0.2130, 5.612
12.27, 0.2135, 5.613
12.28, 0.2140, 5.636
12.29, 0.2145, 5.666
12.30, 0.2150, 5.686
12.31, 0.2155, 5.698
12.32, 0.2160, 5.698
12.33, 0.2165, 5.738
12.34, 0.2170, 5.755
12.35, 0.2175, 5.766
12.36, 0.2180, 5.819
12.37, 0.2185, 5.834
12.38, 0.2190, 5.811
12.39, 0.2195, 5.829
12.40, 0.2200, 5.838
12.41, 0.2205, 5.869
12.42, 0.2210, 5.913
12.43, 0.2215, 5.920
12.44, 0.2220, 5.945
12.45, 0.2225, 5.960
12.46, 0.2230, 6.002
12.47, 0.2235, 6.031
12.48, 0.2240, 6.069
12.49, 0.2245, 6.083
12.50, 0.2250, 6.132
12.51, 0.2255, 6.150
12.52, 0.2260, 6.185
12.53, 0.2265, 6.202
12.54, 0.2270, 6.241
12.55, 0.2275, 6.231
12.56, 0.2280, 6.252
12.57, 0.2285, 6.272
12.58, 0.2290, 6.302
12.59, 0.2295, 6.324
12.60, 0.2300, 6.321
12.61, 0.2305, 6.360
12.62, 0.2310, 6.360
12.63, 0.2315, 6.388
12.64, 0.2320, 6.413
12.65, 0.2325, 6.409
12.66, 0.2330, 6.448
12.67, 0.2335, 6.441
12.68, 0.2340, 6.470
12.69, 0.2345, 6.503
12.70, 0.2350, 6.516
12.71, 0.2355, 6.539
12.72, 0.2360, 6.572
12.73, 0.2365, 6.596
12.74, 0.2370, 6.625
12.75, 0.2375, 6.626
12.76, 0.2380, 6.639
12.77, 0.2385, 6.704
12.78, 0.2390, 6.702
12.79, 0.2395, 6.750
12.80, 0.2400, 6.757
12.81, 0.2405, 6.786
12.82, 0.2410, 6.789
12.83, 0.2415, 6.834
12.84, 0.2420, 6.847
12.85, 0.2425, 6.872
12.86, 0.2430, 6.903
12.87, 0.2435, 6.945
12.88, 0.2440, 6.982
12.89, 0.2445, 7.008
12.90, 0.2450, 7.033
12.91, 0.2455, 7.081
12.92, 0.2460, 7.144
12.93, 0.2465, 7.154
12.94, 0.2470, 7.208
12.95, 0.2475, 7.228
12.96, 0.2480, 7.259
12.97, 0.2485, 7.292
12.98, 0.2490, 7.338
12.99, 0.2495, 7.336
13.00, 0.2500, 7.370
13.01, 0.2505, 7.398
13.02, 0.2510, 7.425
13.03, 0.2515, 7.463
13.04, 0.2520, 7.488
13.05, 0.2525, 7.499
13.06, 0.2530, 7.527
13.07, 0.2535, 7.557
13.08, 0.2540, 7.580
13.09, 0.2545, 7.614
13.10, 0.2550, 7.665
13.11, 0.2555, 7.647
13.12, 0.2560, 7.680
13.13, 0.2565, 7.708
13.14, 0.2570, 7.732
13.15, 0.2575, 7.784
13.16, 0.2580, 7.818
13.17, 0.2585, 7.829
13.18, 0.2590, 7.861
13.19, 0.2595, 7.886
13.20, 0.2600, 7.933
13.21, 0.2605, 7.958
13.22, 0.2610, 7.980
13.23, 0.2615, 7.997
13.24, 0.2620, 8.024
13.25, 0.2625, 8.062
13.26, 0.2630, 8.096
13.27, 0.2635, 8.114
13.28, 0.2640, 8.133
13.29, 0.2645, 8.190
13.30, 0.2650, 8.215
13.31, 0.2655, 8.255
13.32, 0.2660, 8.285
13.33, 0.2665, 8.346
13.34, 0.2670, 8.350
13.35, 0.2675, 8.391
13.36, 0.2680, 8.439
13.37, 0.2685, 8.468
13.38, 0.2690, 8.485
13.39, 0.2695, 8.523
13.40, 0.2700, 8.529
13.41, 0.2705, 8.517
13.42, 0.2710, 8.601
13.43, 0.2715, 8.626
13.44, 0.2720, 8.644
13.45, 0.2725, 8.652
13.46, 0.2730, 8.655
13.47, 0.2735, 8.688
13.48, 0.2740, 8.686
13.49, 0.2745, 8.725
13.50, 0.2750, 8.730
13.51, 0.2755, 8.779
13.52, 0.2760, 8.781
13.53, 0.2765, 8.795
13.54, 0.2770, 8.815
13.55, 0.2775, 8.839
13.56, 0.2780, 8.854
13.57, 0.2785, 8.862
13.58, 0.2790, 8.884
13.59, 0.2795, 8.919
13.60, 0.2800, 8.960
13.61, 0.2805, 8.973
13.62, 0.2810, 8.983
13.63, 0.2815, 8.996
13.64, 0.2820, 9.011
13.65, 0.2825, 9.043
13.66, 0.2830, 9.044
13.67, 0.2835, 9.041
13.68, 0.2840, 9.056
13.69, 0.2845, 9.096
13.70, 0.2850, 9.121
13.71, 0.2855, 9.150
13.72, 0.2860, 9.171
13.73, 0.2865, 9.196
13.74, 0.2870, 9.216
13.75, 0.2875, 9.230
13.76, 0.2880, 9.246
13.77, 0.2885, 9.288
13.78, 0.2890, 9.320
13.79, 0.2895, 9.327
13.80, 0.2900, 9.347
13.81, 0.2905, 9.372
13.82, 0.2910, 9.368
13.83, 0.2915, 9.373
13.84, 0.2920, 9.386
13.85, 0.2925, 9.398
13.86, 0.2930, 9.405
13.87, 0.2935, 9.414
13.88, 0.2940, 9.427
13.89, 0.2945, 9.420
13.90, 0.2950, 9.418
13.91, 0.2955, 9.445
13.92, 0.2960, 9.474
13.93, 0.2965, 9.470
13.94, 0.2970, 9.468
13.95, 0.2975, 9.489
13.96, 0.2980, 9.494
13.97, 0.2985, 9.490
13.98, 0.2990, 9.513
13.99, 0.2995, 9.512
14.00, 0.3000, 9.529
14.01, 0.3005, 9.533
14.02, 0.3010, 9.528
14.03, 0.3015, 9.539
14.04, 0.3020, 9.564
14.05, 0.3025, 9.570
14.06, 0.3030, 9.576
14.07, 0.3035, 9.577
14.08, 0.3040, 9.562
14.09, 0.3045, 9.577
14.10, 0.3050, 9.588
14.11, 0.3055, 9.583
14.12, 0.3060, 9.582
14.13, 0.3065, 9.609
14.14, 0.3070, 9.633
14.15, 0.3075, 9.662
14.16, 0.3080, 9.672
14.17, 0.3085, 9.668
14.18, 0.3090, 9.687
14.19, 0.3095, 9.689
14.20, 0.3100, 9.680
14.21, 0.3105, 9.714
14.22, 0.3110, 9.725
14.23, 0.3115, 9.717
14.24, 0.3120, 9.709
14.25, 0.3125, 9.707
14.26, 0.3130, 9.712
14.27, 0.3135, 9.700
14.28, 0.3140, 9.696
14.29, 0.3145, 9.692
14.30, 0.3150, 9.695
14.31, 0.3155, 9.695
14.32, 0.3160, 9.702
14.33, 0.3165, 9.698
14.34, 0.3170, 9.671
14.35, 0.3175, 9.677
14.36, 0.3180, 9.688
14.37, 0.3185, 9.675
14.38, 0.3190, 9.659
14.39, 0.3195, 9.655
14.40, 0.3200, 9.670
14.41, 0.3205, 9.651
14.42, 0.3210, 9.641
14.43, 0.3215, 9.669
14.44, 0.3220, 9.658
14.45, 0.3225, 9.649
14.46, 0.3230, 9.639
14.47, 0.3235, 9.639
14.48, 0.3240, 9.655
14.49, 0.3245, 9.656
14.50, 0.3250, 9.627
14.51, 0.3255, 9.625
14.52, 0.3260, 9.598
14.53, 0.3265, 9.584
14.54, 0.3270, 9.603
14.55, 0.3275, 9.612
14.56, 0.3280, 9.611
14.57, 0.3285, 9.614
14.58, 0.3290, 9.615
14.59, 0.3295, 9.620
14.60, 0.3300, 9.618
14.61, 0.3305, 9.629
14.62, 0.3310, 9.614
14.63, 0.3315, 9.595
14.64, 0.3320, 9.598
14.65, 0.3325, 9.580
14.66, 0.3330, 9.612
14.67, 0.3335, 9.598
14.68, 0.3340, 9.551
14.69, 0.3345, 9.562
14.70, 0.3350, 9.537
14.71, 0.3355, 9.528
14.72, 0.3360, 9.527
14.73, 0.3365, 9.519
14.74, 0.3370, 9.498
14.75, 0.3375, 9.481
14.76, 0.3380, 9.464
14.77, 0.3385, 9.473
14.78, 0.3390, 9.449
14.79, 0.3395, 9.439
14.80, 0.3400, 9.425
14.81, 0.3405, 9.421
14.82, 0.3410, 9.408
14.83, 0.3415, 9.394
14.84, 0.3420, 9.384
14.85, 0.3425, 9.374
14.86, 0.3430, 9.328
14.87, 0.3435, 9.322
14.88, 0.3440, 9.357
14.89, 0.3445, 9.333
14.90, 0.3450, 9.291
14.91, 0.3455, 9.285
14.92, 0.3460, 9.277
14.93, 0.3465, 9.241
14.94, 0.3470, 9.240
14.95, 0.3475, 9.244
14.96, 0.3480, 9.223
14.97, 0.3485, 9.211
14.98, 0.3490, 9.201
14.99, 0.3495, 9.213
15.00, 0.3500, 9.254
15.01, 0.3505, 9.206
15.02, 0.3510, 9.192
15.03, 0.3515, 9.222
15.04, 0.3520, 9.193
15.05, 0.3525, 9.178
15.06, 0.3530, 9.179
15.07, 0.3535, 9.138
15.08, 0.3540, 9.146
15.09, 0.3545, 9.116
15.10, 0.3550, 9.103
15.11, 0.3555, 9.124
15.12, 0.3560, 9.095
15.13, 0.3565, 9.070
15.14, 0.3570, 9.023
15.15, 0.3575, 9.023
15.16, 0.3580, 9.024
15.17, 0.3585, 8.999
15.18, 0.3590, 8.960
15.19, 0.3595, 8.943
15.20, 0.3600, 8.930
15.21, 0.3605, 8.937
15.22, 0.3610, 8.915
15.23, 0.3615, 8.884
15.24, 0.3620, 8.876
15.25, 0.3625, 8.844
15.26, 0.3630, 8.837
15.27, 0.3635, 8.830
15.28, 0.3640, 8.807
15.29, 0.3645, 8.815
15.30, 0.3650, 8.778
15.31, 0.3655, 8.752
15.32, 0.3660, 8.758
15.33, 0.3665, 8.752
15.34, 0.3670, 8.711
15.35, 0.3675, 8.706
15.36, 0.3680, 8.698
15.37, 0.3685, 8.656
15.38, 0.3690, 8.668
15.39, 0.3695, 8.650
15.40, 0.3700, 8.645
15.41, 0.3705, 8.644
15.42, 0.3710, 8.615
15.43, 0.3715, 8.637
15.44, 0.3720, 8.637
15.45, 0.3725, 8.627
15.46, 0.3730, 8.592
15.47, 0.3735, 8.600
15.48, 0.3740, 8.584
15.49, 0.3745, 8.580
15.50, 0.3750, 8.541
15.51, 0.3755, 8.543
15.52, 0.3760, 8.523
15.53, 0.3765, 8.496
15.54, 0.3770, 8.485
15.55, 0.3775, 8.485
15.56, 0.3780, 8.482
15.57, 0.3785, 8.431
15.58, 0.3790, 8.400
15.59, 0.3795, 8.382
15.60, 0.3800, 8.390
15.61, 0.3805, 8.359
15.62, 0.3810, 8.339
15.63, 0.3815, 8.326
15.64, 0.3820, 8.300
15.65, 0.3825, 8.280
15.66, 0.3830, 8.292
15.67, 0.3835, 8.264
15.68, 0.3840, 8.245
15.69, 0.3845, 8.201
15.70, 0.3850, 8.191
15.71, 0.3855, 8.196
15.72, 0.3860, 8.172
15.73, 0.3865, 8.186
15.74, 0.3870, 8.152
15.75, 0.3875, 8.116
15.76, 0.3880, 8.102
15.77, 0.3885, 8.113
15.78, 0.3890, 8.102
15.79, 0.3895, 8.077
15.80, 0.3900, 8.042
15.81, 0.3905, 8.039
15.82, 0.3910, 8.037
15.83, 0.3915, 8.027
15.84, 0.3920, 8.038
15.85, 0.3925, 8.040
15.86, 0.3930, 8.014
15.87, 0.3935, 8.014
15.88, 0.3940, 8.003
15.89, 0.3945, 7.993
15.90, 0.3950, 7.984
15.91, 0.3955, 7.978
15.92, 0.3960, 7.951
15.93, 0.3965, 7.944
15.94, 0.3970, 7.932
15.95, 0.3975, 7.918
15.96, 0.3980, 7.900
15.97, 0.3985, 7.892
15.98, 0.3990, 7.861
15.99, 0.3995, 7.855
16.00, 0.4000, 7.836
16.01, 0.3995, 7.686
16.02, 0.3990, 7.594
16.03, 0.3985, 7.573
16.04, 0.3980, 7.551
16.05, 0.3975, 7.482
16.06, 0.3970, 7.450
16.07, 0.3965, 7.426
16.08, 0.3960, 7.385
16.09, 0.3955, 7.368
16.10, 0.3950, 7.322
16.11, 0.3945, 7.323
16.12, 0.3940, 7.294
16.13, 0.3935, 7.268
16.14, 0.3930, 7.237
16.15, 0.3925, 7.197
16.16, 0.3920, 7.176
16.17, 0.3915, 7.191
16.18, 0.3910, 7.145
16.19, 0.3905, 7.119
16.20, 0.3900, 7.078
16.21, 0.3895, 7.068
16.22, 0.3890, 7.049
16.23, 0.3885, 7.023
16.24, 0.3880, 6.992
16.25, 0.3875, 6.952
16.26, 0.3870, 6.922
16.27, 0.3865, 6.884
16.28, 0.3860, 6.853
16.29, 0.3855, 6.828
16.30, 0.3850, 6.818
16.31, 0.3845, 6.782
16.32, 0.3840, 6.739
16.33, 0.3835, 6.727
16.34, 0.3830, 6.731
16.35, 0.3825, 6.728
16.36, 0.3820, 6.698
16.37, 0.3815, 6.667
16.38, 0.3810, 6.659
16.39, 0.3805, 6.655
16.40, 0.3800, 6.654
16.41, 0.3795, 6.604
16.42, 0.3790, 6.599
16.43, 0.3785, 6.589
16.44, 0.3780, 6.578
16.45, 0.3775, 6.553
16.46, 0.3770, 6.541
16.47, 0.3765, 6.508
16.48, 0.3760, 6.517
16.49, 0.3755, 6.486
16.50, 0.3750, 6.467
16.51, 0.3745, 6.481
16.52, 0.3740, 6.439
16.53, 0.3735, 6.420
16.54, 0.3730, 6.414
16.55, 0.3725, 6.399
16.56, 0.3720, 6.388
16.57, 0.3715, 6.370
16.58, 0.3710, 6.353
16.59, 0.3705, 6.347
16.60, 0.3700, 6.340
16.61, 0.3695, 6.341
16.62, 0.3690, 6.315
16.63, 0.3685, 6.291
16.64, 0.3680, 6.284
16.65, 0.3675, 6.245
16.66, 0.3670, 6.236
16.67, 0.3665, 6.201
16.68, 0.3660, 6.169
16.69, 0.3655, 6.142
16.70, 0.3650, 6.133
16.71, 0.3645, 6.114
16.72, 0.3640, 6.075
16.73, 0.3635, 6.075
16.74, 0.3630, 6.070
16.75, 0.3625, 6.029
16.76, 0.3620, 6.016
16.77, 0.3615, 5.994
16.78, 0.3610, 6.020
16.79, 0.3605, 6.028
16.80, 0.3600, 5.988
16.81, 0.3595, 5.967
16.82, 0.3590, 5.962
16.83, 0.3585, 5.951
16.84, 0.3580, 5.974
16.85, 0.3575, 5.941
16.86, 0.3570, 5.896
16.87, 0.3565, 5.894
16.88, 0.3560, 5.889
16.89, 0.3555, 5.897
16.90, 0.3550, 5.885
16.91, 0.3545, 5.859
16.92, 0.3540, 5.863
16.93, 0.3535, 5.820
16.94, 0.3530, 5.818
16.95, 0.3525, 5.824
16.96, 0.3520, 5.821
16.97, 0.3515, 5.795
16.98, 0.3510, 5.782
16.99, 0.3505, 5.790
17.00, 0.3500, 5.783
17.01, 0.3495, 5.751
17.02, 0.3490, 5.762
17.03, 0.3485, 5.741
17.04, 0.3480, 5.725
17.05, 0.3475, 5.724
17.06, 0.3470, 5.698
17.07, 0.3465, 5.672
17.08, 0.3460, 5.656
17.09, 0.3455, 5.632
17.10, 0.3450, 5.601
17.11, 0.3445, 5.595
17.12, 0.3440, 5.576
17.13, 0.3435, 5.549
17.14, 0.3430, 5.540
17.15, 0.3425, 5.529
17.16, 0.3420, 5.528
17.17, 0.3415, 5.492
17.18, 0.3410, 5.489
17.19, 0.3405, 5.470
17.20, 0.3400, 5.472
17.21, 0.3395, 5.460
17.22, 0.3390, 5.446
17.23, 0.3385, 5.462
17.24, 0.3380, 5.456
17.25, 0.3375, 5.416
17.26, 0.3370, 5.413
17.27, 0.3365, 5.394
17.28, 0.3360, 5.418
17.29, 0.3355, 5.399
17.30, 0.3350, 5.365
17.31, 0.3345, 5.354
17.32, 0.3340, 5.361
17.33, 0.3335, 5.347
17.34, 0.3330, 5.339
17.35, 0.3325, 5.340
17.36, 0.3320, 5.333
17.37, 0.3315, 5.320
17.38, 0.3310, 5.293
17.39, 0.3305, 5.292
17.40, 0.3300, 5.290
17.41, 0.3295, 5.283
17.42, 0.3290, 5.276
17.43, 0.3285, 5.263
17.44, 0.3280, 5.267
17.45, 0.3275, 5.238
17.46, 0.3270, 5.232
17.47, 0.3265, 5.233
17.48, 0.3260, 5.205
17.49, 0.3255, 5.189
17.50, 0.3250, 5.175
17.51, 0.3245, 5.167
17.52, 0.3240, 5.138
17.53, 0.3235, 5.104
17.54, 0.3230, 5.078
17.55, 0.3225, 5.083
17.56, 0.3220, 5.064
17.57, 0.3215, 5.046
17.58, 0.3210, 5.041
17.59, 0.3205, 5.035
17.60, 0.3200, 5.025
17.61, 0.3195, 4.993
17.62, 0.3190, 4.986
17.63, 0.3185, 4.996
17.64, 0.3180, 4.997
17.65, 0.3175, 4.984
17.66, 0.3170, 4.947
17.67, 0.3165, 4.987
17.68, 0.3160, 4.957
17.69, 0.3155, 4.952
17.70, 0.3150, 4.936
17.71, 0.3145, 4.927
17.72, 0.3140, 4.938
17.73, 0.3135, 4.927
17.74, 0.3130, 4.898
17.75, 0.3125, 4.893
17.76, 0.3120, 4.889
17.77, 0.3115, 4.880
17.78, 0.3110, 4.881
17.79, 0.3105, 4.860
17.80, 0.3100, 4.850
17.81, 0.3095, 4.858
17.82, 0.3090, 4.829
17.83, 0.3085, 4.820
17.84, 0.3080, 4.817
17.85, 0.3075, 4.831
17.86, 0.3070, 4.809
17.87, 0.3065, 4.768
17.88, 0.3060, 4.783
17.89, 0.3055, 4.762
17.90, 0.3050, 4.761
17.91, 0.3045, 4.752
17.92, 0.3040, 4.734
17.93, 0.3035, 4.714
17.94, 0.3030, 4.669
17.95, 0.3025, 4.646
17.96, 0.3020, 4.635
17.97, 0.3015, 4.611
17.98, 0.3010, 4.599
17.99, 0.3005, 4.593
18.00, 0.3000, 4.567
18.01, 0.2995, 4.579
18.02, 0.2990, 4.563
18.03, 0.2985, 4.566
18.04, 0.2980, 4.552
18.05, 0.2975, 4.527
18.06, 0.2970, 4.532
18.07, 0.2965, 4.547
18.08, 0.2960, 4.541
18.09, 0.2955, 4.520
18.10, 0.2950, 4.494
18.11, 0.2945, 4.486
18.12, 0.2940, 4.500
18.13, 0.2935, 4.492
18.14, 0.2930, 4.481
18.15, 0.2925, 4.456
18.16, 0.2920, 4.456
18.17, 0.2915, 4.443
18.18, 0.2910, 4.450
18.19, 0.2905, 4.445
18.20, 0.2900, 4.425
18.21, 0.2895, 4.418
18.22, 0.2890, 4.428
18.23, 0.2885, 4.407
18.24, 0.2880, 4.396
18.25, 0.2875, 4.394
18.26, 0.2870, 4.383
18.27, 0.2865, 4.372
18.28, 0.2860, 4.359
18.29, 0.2855, 4.365
18.30, 0.2850, 4.369
18.31, 0.2845, 4.349
18.32, 0.2840, 4.322
18.33, 0.2835, 4.303
18.34, 0.2830, 4.291
18.35, 0.2825, 4.278
18.36, 0.2820, 4.244
18.37, 0.2815, 4.222
18.38, 0.2810, 4.194
18.39, 0.2805, 4.185
18.40, 0.2800, 4.168
18.41, 0.2795, 4.159
18.42, 0.2790, 4.166
18.43, 0.2785, 4.138
18.44, 0.2780, 4.115
18.45, 0.2775, 4.122
18.46, 0.2770, 4.129
18.47, 0.2765, 4.113
18.48, 0.2760, 4.107
18.49, 0.2755, 4.076
18.50, 0.2750, 4.085
18.51, 0.2745, 4.088
18.52, 0.2740, 4.093
18.53, 0.2735, 4.077
18.54, 0.2730, 4.056
18.55, 0.2725, 4.064
18.56, 0.2720, 4.050
18.57, 0.2715, 4.033
18.58, 0.2710, 4.023
18.59, 0.2705, 4.008
18.60, 0.2700, 4.012
18.61, 0.2695, 3.988
18.62, 0.2690, 4.000
18.63, 0.2685, 3.983
18.64, 0.2680, 3.980
18.65, 0.2675, 3.972
18.66, 0.2670, 3.969
18.67, 0.2665, 3.956
18.68, 0.2660, 3.945
18.69, 0.2655, 3.944
18.70, 0.2650, 3.931
18.71, 0.2645, 3.917
18.72, 0.2640, 3.903
18.73, 0.2635, 3.910
18.74, 0.2630, 3.919
18.75, 0.2625, 3.904
18.76, 0.2620, 3.864
18.77, 0.2615, 3.831
18.78, 0.2610, 3.817
18.79, 0.2605, 3.790
18.80, 0.2600, 3.772
18.81, 0.2595, 3.778
18.82, 0.2590, 3.711
18.83, 0.2585, 3.698
18.84, 0.2580, 3.729
18.85, 0.2575, 3.710
18.86, 0.2570, 3.693
18.87, 0.2565, 3.684
18.88, 0.2560, 3.674
18.89, 0.2555, 3.665
18.90, 0.2550, 3.671
18.91, 0.2545, 3.663
18.92, 0.2540, 3.664
18.93, 0.2535, 3.627
18.94, 0.2530, 3.639
18.95, 0.2525, 3.640
18.96, 0.2520, 3.650
18.97, 0.2515, 3.624
18.98, 0.2510, 3.603
18.99, 0.2505, 3.593
19.00, 0.2500, 3.593
19.01, 0.2495, 3.586
19.02, 0.2490, 3.585
19.03, 0.2485, 3.569
19.04, 0.2480, 3.555
19.05, 0.2475, 3.534
19.06, 0.2470, 3.541
19.07, 0.2465, 3.529
19.08, 0.2460, 3.524
19.09, 0.2455, 3.496
19.10, 0.2450, 3.505
19.11, 0.2445, 3.490
19.12, 0.2440, 3.502
19.13, 0.2435, 3.486
19.14, 0.2430, 3.478
19.15, 0.2425, 3.483
19.16, 0.2420, 3.458
19.17, 0.2415, 3.464
19.18, 0.2410, 3.436
19.19, 0.2405, 3.416
19.20, 0.2400, 3.371
19.21, 0.2395, 3.341
19.22, 0.2390, 3.321
19.23, 0.2385, 3.325
19.24, 0.2380, 3.311
19.25, 0.2375, 3.295
19.26, 0.2370, 3.267
19.27, 0.2365, 3.253
19.28, 0.2360, 3.258
19.29, 0.2355, 3.254
19.30, 0.2350, 3.239
19.31, 0.2345, 3.219
19.32, 0.2340, 3.220
19.33, 0.2335, 3.203
19.34, 0.2330, 3.233
19.35, 0.2325, 3.212
19.36, 0.2320, 3.217
19.37, 0.2315, 3.198
19.38, 0.2310, 3.186
19.39, 0.2305, 3.163
19.40, 0.2300, 3.186
19.41, 0.2295, 3.179
19.42, 0.2290, 3.153
19.43, 0.2285, 3.141
19.44, 0.2280, 3.119
19.45, 0.2275, 3.117
19.46, 0.2270, 3.112
19.47, 0.2265, 3.115
19.48, 0.2260, 3.108
19.49, 0.2255, 3.093
19.50, 0.2250, 3.071
19.51, 0.2245, 3.078
19.52, 0.2240, 3.075
19.53, 0.2235, 3.066
19.54, 0.2230, 3.054
19.55, 0.2225, 3.030
19.56, 0.2220, 3.030
19.57, 0.2215, 3.012
19.58, 0.2210, 3.029
19.59, 0.2205, 3.001
19.60, 0.2200, 2.973
19.61, 0.2195, 2.953
19.62, 0.2190, 2.930
19.63, 0.2185, 2.929
19.64, 0.2180, 2.892
19.65, 0.2175, 2.864
19.66, 0.2170, 2.856
19.67, 0.2165, 2.847
19.68, 0.2160, 2.834
19.69, 0.2155, 2.824
19.70, 0.2150, 2.803
19.71, 0.2145, 2.800
19.72, 0.2140, 2.799
19.73, 0.2135, 2.772
19.74, 0.2130, 2.769
19.75, 0.2125, 2.781
19.76, 0.2120, 2.783
19.77, 0.2115, 2.768
19.78, 0.2110, 2.755
19.79, 0.2105, 2.753
19.80, 0.2100, 2.733
19.81, 0.2095, 2.735
19.82, 0.2090, 2.744
19.83, 0.2085, 2.718
19.84, 0.2080, 2.704
19.85, 0.2075, 2.709
19.86, 0.2070, 2.693
19.87, 0.2065, 2.673
19.88, 0.2060, 2.679
19.89, 0.2055, 2.672
19.90, 0.2050, 2.646
19.91, 0.2045, 2.654
19.92, 0.2040, 2.647
19.93, 0.2035, 2.620
19.94, 0.2030, 2.616
19.95, 0.2025, 2.608
19.96, 0.2020, 2.604
19.97, 0.2015, 2.596
19.98, 0.2010, 2.600
19.99, 0.2005, 2.589
20.00, 0.2000, 2.571
20.01, 0.1995, 2.542
20.02, 0.1990, 2.550
20.03, 0.1985, 2.537
20.04, 0.1980, 2.498
20.05, 0.1975, 2.466
20.06, 0.1970, 2.434
20.07, 0.1965, 2.440
20.08, 0.1960, 2.424
20.09, 0.1955, 2.414
20.10, 0.1950, 2.379
20.11, 0.1945, 2.376
20.12, 0.1940, 2.387
20.13, 0.1935, 2.364
20.14, 0.1930, 2.376
20.15, 0.1925, 2.339
20.16, 0.1920, 2.321
20.17, 0.1915, 2.338
20.18, 0.1910, 2.330
20.19, 0.1905, 2.327
20.20, 0.1900, 2.311
20.21, 0.1895, 2.302
20.22, 0.1890, 2.294
20.23, 0.1885, 2.295
20.24, 0.1880, 2.272
20.25, 0.1875, 2.276
20.26, 0.1870, 2.258
20.27, 0.1865, 2.240
20.28, 0.1860, 2.237
20.29, 0.1855, 2.234
20.30, 0.1850, 2.233
20.31, 0.1845, 2.235
20.32, 0.1840, 2.206
20.33, 0.1835, 2.216
20.34, 0.1830, 2.203
20.35, 0.1825, 2.183
20.36, 0.1820, 2.180
20.37, 0.1815, 2.183
20.38, 0.1810, 2.167
20.39, 0.1805, 2.167
20.40, 0.1800, 2.127
20.41, 0.1795, 2.150
20.42, 0.1790, 2.154
20.43, 0.1785, 2.137
20.44, 0.1780, 2.102
20.45, 0.1775, 2.066
20.46, 0.1770, 2.064
20.47, 0.1765, 2.063
20.48, 0.1760, 2.028
20.49, 0.1755, 1.994
20.50, 0.1750, 1.975
20.51, 0.1745, 1.962
20.52, 0.1740, 1.947
20.53, 0.1735, 1.933
20.54, 0.1730, 1.925
20.55, 0.1725, 1.925
20.56, 0.1720, 1.909
20.57, 0.1715, 1.899
20.58, 0.1710, 1.903
20.59, 0.1705, 1.895
20.60, 0.1700, 1.879
20.61, 0.1695, 1.860
20.62, 0.1690, 1.876
20.63, 0.1685, 1.859
20.64, 0.1680, 1.861
20.65, 0.1675, 1.840
20.66, 0.1670, 1.864
20.67, 0.1665, 1.846
20.68, 0.1660, 1.822
20.69, 0.1655, 1.829
20.70, 0.1650, 1.807
20.71, 0.1645, 1.796
20.72, 0.1640, 1.796
20.73, 0.1635, 1.778
20.74, 0.1630, 1.784
20.75, 0.1625, 1.770
20.76, 0.1620, 1.740
20.77, 0.1615, 1.735
20.78, 0.1610, 1.753
20.79, 0.1605, 1.740
20.80, 0.1600, 1.735
20.81, 0.1595, 1.720
20.82, 0.1590, 1.710
20.83, 0.1585, 1.714
20.84, 0.1580, 1.693
20.85, 0.1575, 1.689
20.86, 0.1570, 1.685
20.87, 0.1565, 1.663
20.88, 0.1560, 1.634
20.89, 0.1555, 1.590
20.90, 0.1550, 1.576
20.91, 0.1545, 1.578
20.92, 0.1540, 1.555
20.93, 0.1535, 1.550
20.94, 0.1530, 1.517
20.95, 0.1525, 1.500
20.96, 0.1520, 1.506
20.97, 0.1515, 1.498
20.98, 0.1510, 1.494
20.99, 0.1505, 1.492
21.00, 0.1500, 1.474
21.01, 0.1495, 1.471
21.02, 0.1490, 1.468
21.03, 0.1485, 1.442
21.04, 0.1480, 1.474
21.05, 0.1475, 1.448
21.06, 0.1470, 1.456
21.07, 0.1465, 1.450
21.08, 0.1460, 1.444
21.09, 0.1455, 1.428
21.10, 0.1450, 1.414
21.11, 0.1445, 1.406
21.12, 0.1440, 1.398
21.13, 0.1435, 1.401
21.14, 0.1430, 1.391
21.15, 0.1425, 1.389
21.16, 0.1420, 1.378
21.17, 0.1415, 1.374
21.18, 0.1410, 1.364
21.19, 0.1405, 1.372
21.20, 0.1400, 1.337
21.21, 0.1395, 1.344
21.22, 0.1390, 1.331
21.23, 0.1385, 1.332
21.24, 0.1380, 1.315
21.25, 0.1375, 1.303
21.26, 0.1370, 1.321
21.27, 0.1365, 1.289
21.28, 0.1360, 1.276
21.29, 0.1355, 1.265
21.30, 0.1350, 1.248
21.31, 0.1345, 1.220
21.32, 0.1340, 1.202
21.33, 0.1335, 1.180
21.34, 0.1330, 1.163
21.35, 0.1325, 1.146
21.36, 0.1320, 1.134
21.37, 0.1315, 1.129
21.38, 0.1310, 1.111
21.39, 0.1305, 1.092
21.40, 0.1300, 1.092
21.41, 0.1295, 1.112
21.42, 0.1290, 1.102
21.43, 0.1285, 1.097
21.44, 0.1280, 1.110
21.45, 0.1275, 1.076
21.46, 0.1270, 1.077
21.47, 0.1265, 1.051
21.48, 0.1260, 1.084
21.49, 0.1255, 1.075
21.50, 0.1250, 1.031
21.51, 0.1245, 1.052
21.52, 0.1240, 1.042
21.53, 0.1235, 1.040
21.54, 0.1230, 1.025
21.55, 0.1225, 1.015
21.56, 0.1220, 1.019
21.57, 0.1215, 1.001
21.58, 0.1210, 1.006
21.59, 0.1205, 1.003
21.60, 0.1200, 0.9946
21.61, 0.1195, 0.9877
21.62, 0.1190, 0.9874
21.63, 0.1185, 0.9664
21.64, 0.1180, 0.9748
21.65, 0.1175, 0.9550
21.66, 0.1170, 0.9634
21.67, 0.1165, 0.9481
21.68, 0.1160, 0.9396
21.69, 0.1155, 0.9178
21.70, 0.1150, 0.9259
21.71, 0.1145, 0.9089
21.72, 0.1140, 0.8777
21.73, 0.1135, 0.8525
21.74, 0.1130, 0.8653
21.75, 0.1125, 0.8329
21.76, 0.1120, 0.8148
21.77, 0.1115, 0.7953
21.78, 0.1110, 0.7647
21.79, 0.1105, 0.7672
21.80, 0.1100, 0.7610
21.81, 0.1095, 0.7611
21.82, 0.1090, 0.7512
21.83, 0.1085, 0.7474
21.84, 0.1080, 0.7501
21.85, 0.1075, 0.7449
21.86, 0.1070, 0.7284
21.87, 0.1065, 0.7367
21.88, 0.1060, 0.7333
21.89, 0.1055, 0.7465
21.90, 0.1050, 0.7358
21.91, 0.1045, 0.7236
21.92, 0.1040, 0.7277
21.93, 0.1035, 0.7194
21.94, 0.1030, 0.6998
21.95, 0.1025, 0.6850
21.96, 0.1020, 0.6832
21.97, 0.1015, 0.6940
21.98, 0.1010, 0.6871
21.99, 0.1005, 0.6778
22.00, 0.1000, 0.6636
22.01, 0.09950, 0.6627
22.02, 0.09900, 0.6570
22.03, 0.09850, 0.6622
22.04, 0.09800, 0.6613
22.05, 0.09750, 0.6498
22.06, 0.09700, 0.6370
22.07, 0.09650, 0.6270
22.08, 0.09600, 0.6345
22.09, 0.09550, 0.6387
22.10, 0.09500, 0.6315
22.11, 0.09450, 0.6400
22.12, 0.09400, 0.5991
22.13, 0.09350, 0.5931
22.14, 0.09300, 0.5634
22.15, 0.09250, 0.5636
22.16, 0.09200, 0.5307
22.17, 0.09150, 0.5061
22.18, 0.09100, 0.5183
22.19, 0.09050, 0.4811
22.20, 0.09000, 0.4867
22.21, 0.08950, 0.4733
22.22, 0.08900, 0.4467
22.23, 0.08850, 0.4508
22.24, 0.08800, 0.4479
22.25, 0.08750, 0.4501
22.26, 0.08700, 0.4236
22.27, 0.08650, 0.4336
22.28, 0.08600, 0.4344
22.29, 0.08550, 0.4339
22.30, 0.08500, 0.4388
22.31, 0.08450, 0.4570
22.32, 0.08400, 0.4094
22.33, 0.08350, 0.4159
22.34, 0.08300, 0.4226
22.35, 0.08250, 0.4131
22.36, 0.08200, 0.4153
22.37, 0.08150, 0.4031
22.38, 0.08100, 0.3937
22.39, 0.08050, 0.3859
22.40, 0.08000, 0.3810
22.41, 0.07950, 0.3780
22.42, 0.07900, 0.3720
22.43, 0.07850, 0.3741
22.44, 0.07800, 0.3628
22.45, 0.07750, 0.3660
22.46, 0.07700, 0.3573
22.47, 0.07650, 0.3488
22.48, 0.07600, 0.3480
22.49, 0.07550, 0.3427
22.50, 0.07500, 0.3200
22.51, 0.07450, 0.3372
22.52, 0.07400, 0.3336
22.53, 0.07350, 0.3300
22.54, 0.07300, 0.3292
22.55, 0.07250, 0.3106
22.56, 0.07200, 0.2955
22.57, 0.07150, 0.2645
22.58, 0.07100, 0.2446
22.59, 0.07050, 0.2463
22.60, 0.07000, 0.2220
22.61, 0.06950, 0.1871
22.62, 0.06900, 0.1789
22.63, 0.06850, 0.1878
22.64, 0.06800, 0.1920
22.65, 0.06750, 0.1717
22.66, 0.06700, 0.1670
22.67, 0.06650, 0.1629
22.68, 0.06600, 0.1651
22.69, 0.06550, 0.1486
22.70, 0.06500, 0.1445
22.71, 0.06450, 0.1475
22.72, 0.06400, 0.1328
22.73, 0.06350, 0.1568
22.74, 0.06300, 0.1528
22.75, 0.06250, 0.1450
22.76, 0.06200, 0.1384
22.77, 0.06150, 0.1278
22.78, 0.06100, 0.1221
22.79, 0.06050, 0.1216
22.80, 0.06000, 0.1322
22.81, 0.05950, 0.1344
22.82, 0.05900, 0.09550
22.83, 0.05850, 0.1055
22.84, 0.05800, 0.08526
22.85, 0.05750, 0.1020
22.86, 0.05700, 0.1064
22.87, 0.05650, 0.09870
22.88, 0.05600, 0.1009
22.89, 0.05550, 0.09102
22.90, 0.05500, 0.08469
22.91, 0.05450, 0.07395
22.92, 0.05400, 0.08067
22.93, 0.05350, 0.05984
22.94, 0.05300, 0.06988
22.95, 0.05250, 0.05261
22.96, 0.05200, 0.03830
22.97, 0.05150, 0.04059
22.98, 0.05100, 0.03393
22.99, 0.05050, 0.008978
23.00, 0.05000, -0.01576
23.01, 0.04950, -0.04864
23.02, 0.04900, -0.06335
23.03, 0.04850, -0.03343
23.04, 0.04800, -0.06491
23.05, 0.04750, -0.07806
23.06, 0.04700, -0.07773
23.07, 0.04650, -0.1092
23.08, 0.04600, -0.09203
23.09, 0.04550, -0.1037
23.10, 0.04500, -0.1036
23.11, 0.04450, -0.1121
23.12, 0.04400, -0.1086
23.13, 0.04350, -0.1201
23.14, 0.04300, -0.1131
23.15, 0.04250, -0.1246
23.16, 0.04200, -0.1306
23.17, 0.04150, -0.1331
23.18, 0.04100, -0.1174
23.19, 0.04050, -0.1228
23.20, 0.04000, -0.1372
23.21, 0.03950, -0.1327
23.22, 0.03900, -0.1297
23.23, 0.03850, -0.1511
23.24, 0.03800, -0.1592
23.25, 0.03750, -0.1700
23.26, 0.03700, -0.1400
23.27, 0.03650, -0.1534
23.28, 0.03600, -0.1665
23.29, 0.03550, -0.1872
23.30, 0.03500, -0.1681
23.31, 0.03450, -0.1686
23.32, 0.03400, -0.1732
23.33, 0.03350, -0.1804
23.34, 0.03300, -0.2195
23.35, 0.03250, -0.2115
23.36, 0.03200, -0.2275
23.37, 0.03150, -0.1826
23.38, 0.03100, -0.1915
23.39, 0.03050, -0.2335
23.40, 0.03000, -0.2595
23.41, 0.02950, -0.2550
23.42, 0.02900, -0.2898
23.43, 0.02850, -0.2927
23.44, 0.02800, -0.3311
23.45, 0.02750, -0.3184
23.46, 0.02700, -0.3497
23.47, 0.02650, -0.3517
23.48, 0.02600, -0.3291
23.49, 0.02550, -0.3481
23.50, 0.02500, -0.3657
23.51, 0.02450, -0.3765
23.52, 0.02400, -0.3739
23.53, 0.02350, -0.3643
23.54, 0.02300, -0.3704
23.55, 0.02250, -0.3562
23.56, 0.02200, -0.3760
23.57, 0.02150, -0.3747
23.58, 0.02100, -0.3868
23.59, 0.02050, -0.4074
23.60, 0.02000, -0.3811
23.61, 0.01950, -0.3925
23.62, 0.01900, -0.4036
23.63, 0.01850, -0.3986
23.64, 0.01800, -0.4040
23.65, 0.01750, -0.4130
23.66, 0.01700, -0.3894
23.67, 0.01650, -0.4173
23.68, 0.01600, -0.4315
23.69, 0.01550, -0.4338
23.70, 0.01500, -0.4432
23.71, 0.01450, -0.4299
23.72, 0.01400, -0.4527
23.73, 0.01350, -0.4603
23.74, 0.01300, -0.4703
23.75, 0.01250, -0.4522
23.76, 0.01200, -0.4618
23.77, 0.01150, -0.4491
23.78, 0.01100, -0.4720
23.79, 0.01050, -0.4792
23.80, 0.01000, -0.4962
23.81, 0.009500, -0.4965
23.82, 0.009000, -0.4988
23.83, 0.008500, -0.5474
23.84, 0.008000, -0.5448
23.85, 0.007500, -0.5825
23.86, 0.007000, -0.6028
23.87, 0.006500, -0.5956
23.88, 0.006000, -0.5907
23.89, 0.005500, -0.6182
23.90, 0.005000, -0.6208
23.91, 0.004500, -0.6452
23.92, 0.004000, -0.6381
23.93, 0.003500, -0.6358
23.94, 0.003000, -0.6573
23.95, 0.002500, -0.6420
23.96, 0.002000, -0.6564
23.97, 0.001500, -0.6418
23.98, 0.001000, -0.6574
23.99, 0.0005000, -0.6366
24.00, 0.000, -0.6784
24.01, -0.0005000, -0.6545
24.02, -0.001000, -0.6695
24.03, -0.001500, -0.6686
24.04, -0.002000, -0.6619
24.05, -0.002500, -0.6800
24.06, -0.003000, -0.6967
24.07, -0.003500, -0.6875
24.08, -0.004000, -0.6884
24.09, -0.004500, -0.6667
24.10, -0.005000, -0.6879
24.11, -0.005500, -0.6822
24.12, -0.006000, -0.7042
24.13, -0.006500, -0.7076
24.14, -0.007000, -0.7252
24.15, -0.007500, -0.7134
24.16, -0.008000, -0.7369
24.17, -0.008500, -0.7315
24.18, -0.009000, -0.7322
24.19, -0.009500, -0.7577
24.20, -0.01000, -0.7689
24.21, -0.01050, -0.7564
24.22, -0.01100, -0.7534
24.23, -0.01150, -0.7986
24.24, -0.01200, -0.8044
24.25, -0.01250, -0.8213
24.26, -0.01300, -0.8213
24.27, -0.01350, -0.8235
24.28, -0.01400, -0.8599
24.29, -0.01450, -0.8786
24.30, -0.01500, -0.8958
24.31, -0.01550, -0.8909
24.32, -0.01600, -0.9045
24.33, -0.01650, -0.8933
24.34, -0.01700, -0.9102
24.35, -0.01750, -0.9238
24.36, -0.01800, -0.9123
24.37, -0.01850, -0.9269
24.38, -0.01900, -0.9284
24.39, -0.01950, -0.9331
24.40, -0.02000, -0.9304
24.41, -0.02050, -0.9560
24.42, -0.02100, -0.9568
24.43, -0.02150, -0.9463
24.44, -0.02200, -0.9562
24.45, -0.02250, -0.9502
24.46, -0.02300, -0.9725
24.47, -0.02350, -0.9695
24.48, -0.02400, -0.9745
24.49, -0.02450, -0.9592
24.50, -0.02500, -0.9747
24.51, -0.02550, -0.9703
24.52, -0.02600, -0.9734
24.53, -0.02650, -0.9775
24.54, -0.02700, -0.9980
24.55, -0.02750, -0.9764
24.56, -0.02800, -0.9923
24.57, -0.02850, -1.011
24.58, -0.02900, -1.032
24.59, -0.02950, -1.014
24.60, -0.03000, -1.025
24.61, -0.03050, -1.029
24.62, -0.03100, -1.037
24.63, -0.03150, -1.042
24.64, -0.03200, -1.041
24.65, -0.03250, -1.071
24.66, -0.03300, -1.088
24.67, -0.03350, -1.105
24.68, -0.03400, -1.127
24.69, -0.03450, -1.140
24.70, -0.03500, -1.142
24.71, -0.03550, -1.148
24.72, -0.03600, -1.145
24.73, -0.03650, -1.175
24.74, -0.03700, -1.190
24.75, -0.03750, -1.198
24.76, -0.03800, -1.203
24.77, -0.03850, -1.191
24.78, -0.03900, -1.212
24.79, -0.03950, -1.231
24.80, -0.04000, -1.219
24.81, -0.04050, -1.210
24.82, -0.04100, -1.223
24.83, -0.04150, -1.210
24.84, -0.04200, -1.228
24.85, -0.04250, -1.249
24.86, -0.04300, -1.244
24.87, -0.04350, -1.234
24.88, -0.04400, -1.238
24.89, -0.04450, -1.237
24.90, -0.04500, -1.252
24.91, -0.04550, -1.251
24.92, -0.04600, -1.253
24.93, -0.04650, -1.254
24.94, -0.04700, -1.248
24.95, -0.04750, -1.255
24.96, -0.04800, -1.273
24.97, -0.04850, -1.286
24.98, -0.04900, -1.279
24.99, -0.04950, -1.252
25.00, -0.05000, -1.271
25.01, -0.05050, -1.306
25.02, -0.05100, -1.329
25.03, -0.05150, -1.326
25.04, -0.05200, -1.307
25.05, -0.05250, -1.335
25.06, -0.05300, -1.313
25.07, -0.05350, -1.348
25.08, -0.05400, -1.381
25.09, -0.05450, -1.394
25.10, -0.05500, -1.365
25.11, -0.05550, -1.413
25.12, -0.05600, -1.446
25.13, -0.05650, -1.455
25.14, -0.05700, -1.452
25.15, -0.05750, -1.454
25.16, -0.05800, -1.441
25.17, -0.05850, -1.472
25.18, -0.05900, -1.487
25.19, -0.05950, -1.485
25.20, -0.06000, -1.494
25.21, -0.06050, -1.508
25.22, -0.06100, -1.487
25.23, -0.06150, -1.511
25.24, -0.06200, -1.498
25.25, -0.06250, -1.514
25.26, -0.06300, -1.508
25.27, -0.06350, -1.503
25.28, -0.06400, -1.503
25.29, -0.06450, -1.527
25.30, -0.06500, -1.539
25.31, -0.06550, -1.535
25.32, -0.06600, -1.537
25.33, -0.06650, -1.503
25.34, -0.06700, -1.524
25.35, -0.06750, -1.552
25.36, -0.06800, -1.559
25.37, -0.06850, -1.543
25.38, -0.06900, -1.572
25.39, -0.06950, -1.565
25.40, -0.07000, -1.581
25.41, -0.07050, -1.560
25.42, -0.07100, -1.572
25.43, -0.07150, -1.570
25.44, -0.07200, -1.578
25.45, -0.07250, -1.590
25.46, -0.07300, -1.608
25.47, -0.07350, -1.613
25.48, -0.07400, -1.610
25.49, -0.07450, -1.605
25.50, -0.07500, -1.641
25.51, -0.07550, -1.648
25.52, -0.07600, -1.684
25.53, -0.07650, -1.689
25.54, -0.07700, -1.704
25.55, -0.07750, -1.721
25.56, -0.07800, -1.723
25.57, -0.07850, -1.742
25.58, -0.07900, -1.734
25.59, -0.07950, -1.749
25.60, -0.08000, -1.739
25.61, -0.08050, -1.772
25.62, -0.08100, -1.790
25.63, -0.08150, -1.768
25.64, -0.08200, -1.772
25.65, -0.08250, -1.782
25.66, -0.08300, -1.787
25.67, -0.08350, -1.791
25.68, -0.08400, -1.805
25.69, -0.08450, -1.803
25.70, -0.08500, -1.793
25.71, -0.08550, -1.807
25.72, -0.08600, -1.779
25.73, -0.08650, -1.807
25.74, -0.08700, -1.816
25.75, -0.08750, -1.800
25.76, -0.08800, -1.811
25.77, -0.08850, -1.802
25.78, -0.08900, -1.810
25.79, -0.08950, -1.833
25.80, -0.09000, -1.824
25.81, -0.09050, -1.830
25.82, -0.09100, -1.844
25.83, -0.09150, -1.845
25.84, -0.09200, -1.843
25.85, -0.09250, -1.851
25.86, -0.09300, -1.856
25.87, -0.09350, -1.871
25.88, -0.09400, -1.865
25.89, -0.09450, -1.868
25.90, -0.09500, -1.885
25.91, -0.09550, -1.912
25.92, -0.09600, -1.914
25.93, -0.09650, -1.941
25.94, -0.09700, -1.941
25.95, -0.09750, -1.954
25.96, -0.09800, -1.981
25.97, -0.09850, -1.991
25.98, -0.09900, -2.004
25.99, -0.09950, -2.018
26.00, -0.1000, -2.017
26.01, -0.1005, -2.031
26.02, -0.1010, -2.031
26.03, -0.1015, -2.042
26.04, -0.1020, -2.029
26.05, -0.1025, -2.037
26.06, -0.1030, -2.053
26.07, -0.1035, -2.051
26.08, -0.1040, -2.058
26.09, -0.1045, -2.054
26.10, -0.1050, -2.045
26.11, -0.1055, -2.042
26.12, -0.1060, -2.069
26.13, -0.1065, -2.071
26.14, -0.1070, -2.065
26.15, -0.1075, -2.081
26.16, -0.1080, -2.065
26.17, -0.1085, -2.079
26.18, -0.1090, -2.082
26.19, -0.1095, -2.091
26.20, -0.1100, -2.092
26.21, -0.1105, -2.073
26.22, -0.1110, -2.086
26.23, -0.1115, -2.099
26.24, -0.1120, -2.109
26.25, -0.1125, -2.109
26.26, -0.1130, -2.119
26.27, -0.1135, -2.114
26.28, -0.1140, -2.118
26.29, -0.1145, -2.125
26.30, -0.1150, -2.128
26.31, -0.1155, -2.150
26.32, -0.1160, -2.138
26.33, -0.1165, -2.144
26.34, -0.1170, -2.181
26.35, -0.1175, -2.197
26.36, -0.1180, -2.204
26.37, -0.1185, -2.215
26.38, -0.1190, -2.232
26.39, -0.1195, -2.237
26.40, -0.1200, -2.267
26.41, -0.1205, -2.269
26.42, -0.1210, -2.259
26.43, -0.1215, -2.265
26.44, -0.1220, -2.258
26.45, -0.1225, -2.270
26.46, -0.1230, -2.283
26.47, -0.1235, -2.291
26.48, -0.1240, -2.286
26.49, -0.1245, -2.279
26.50, -0.1250, -2.294
26.51, -0.1255, -2.282
26.52, -0.1260, -2.295
26.53, -0.1265, -2.316
26.54, -0.1270, -2.305
26.55, -0.1275, -2.313
26.56, -0.1280, -2.322
26.57, -0.1285, -2.313
26.58, -0.1290, -2.342
26.59, -0.1295, -2.312
26.60, -0.1300, -2.340
26.61, -0.1305, -2.328
26.62, -0.1310, -2.339
26.63, -0.1315, -2.344
26.64, -0.1320, -2.341
26.65, -0.1325, -2.314
26.66, -0.1330, -2.324
26.67, -0.1335, -2.315
26.68, -0.1340, -2.363
26.69, -0.1345, -2.373
26.70, -0.1350, -2.361
26.71, -0.1355, -2.360
26.72, -0.1360, -2.387
26.73, -0.1365, -2.365
26.74, -0.1370, -2.371
26.75, -0.1375, -2.383
26.76, -0.1380, -2.387
26.77, -0.1385, -2.422
26.78, -0.1390, -2.436
26.79, -0.1395, -2.464
26.80, -0.1400, -2.478
26.81, -0.1405, -2.472
26.82, -0.1410, -2.476
26.83, -0.1415, -2.483
26.84, -0.1420, -2.500
26.85, -0.1425, -2.514
26.86, -0.1430, -2.513
26.87, -0.1435, -2.492
26.88, -0.1440, -2.493
26.89, -0.1445, -2.500
26.90, -0.1450, -2.513
26.91, -0.1455, -2.505
26.92, -0.1460, -2.521
26.93, -0.1465, -2.520
26.94, -0.1470, -2.512
26.95, -0.1475, -2.522
26.96, -0.1480, -2.523
26.97, -0.1485, -2.549
26.98, -0.1490, -2.552
26.99, -0.1495, -2.526
27.00, -0.1500, -2.540
27.01, -0.1505, -2.551
27.02, -0.1510, -2.570
27.03, -0.1515, -2.536
27.04, -0.1520, -2.551
27.05, -0.1525, -2.559
27.06, -0.1530, -2.540
27.07, -0.1535, -2.566
27.08, -0.1540, -2.564
27.09, -0.1545, -2.548
27.10, -0.1550, -2.534
27.11, -0.1555, -2.530
27.12, -0.1560, -2.573
27.13, -0.1565, -2.611
27.14, -0.1570, -2.578
27.15, -0.1575, -2.580
27.16, -0.1580, -2.580
27.17, -0.1585, -2.587
27.18, -0.1590, -2.606
27.19, -0.1595, -2.611
27.20, -0.1600, -2.629
27.21, -0.1605, -2.639
27.22, -0.1610, -2.649
27.23, -0.1615, -2.686
27.24, -0.1620, -2.691
27.25, -0.1625, -2.717
27.26, -0.1630, -2.685
27.27, -0.1635, -2.681
27.28, -0.1640, -2.691
27.29, -0.1645, -2.705
27.30, -0.1650, -2.717
27.31, -0.1655, -2.688
27.32, -0.1660, -2.709
27.33, -0.1665, -2.700
27.34, -0.1670, -2.708
27.35, -0.1675, -2.710
27.36, -0.1680, -2.725
27.37, -0.1685, -2.705
27.38, -0.1690, -2.722
27.39, -0.1695, -2.716
27.40, -0.1700, -2.722
27.41, -0.1705, -2.740
27.42, -0.1710, -2.748
27.43, -0.1715, -2.722
27.44, -0.1720, -2.730
27.45, -0.1725, -2.712
27.46, -0.1730, -2.723
27.47, -0.1735, -2.757
27.48, -0.1740, -2.729
27.49, -0.1745, -2.741
27.50, -0.1750, -2.732
27.51, -0.1755, -2.742
27.52, -0.1760, -2.747
27.53, -0.1765, -2.737
27.54, -0.1770, -2.736
27.55, -0.1775, -2.740
27.56, -0.1780, -2.757
27.57, -0.1785, -2.774
27.58, -0.1790, -2.768
27.59, -0.1795, -2.761
27.60, -0.1800, -2.762
27.61, -0.1805, -2.783
27.62, -0.1810, -2.809
27.63, -0.1815, -2.812
27.64, -0.1820, -2.855
27.65, -0.1825, -2.847
27.66, -0.1830, -2.860
27.67, -0.1835, -2.859
27.68, -0.1840, -2.860
27.69, -0.1845, -2.887
27.70, -0.1850, -2.871
27.71, -0.1855, -2.856
27.72, -0.1860, -2.860
27.73, -0.1865, -2.862
27.74, -0.1870, -2.891
27.75, -0.1875, -2.886
27.76, -0.1880, -2.853
27.77, -0.1885, -2.850
27.78, -0.1890, -2.882
27.79, -0.1895, -2.899
27.80, -0.1900, -2.890
27.81, -0.1905, -2.875
27.82, -0.1910, -2.874
27.83, -0.1915, -2.869
27.84, -0.1920, -2.875
27.85, -0.1925, -2.874
27.86, -0.1930, -2.884
27.87, -0.1935, -2.880
27.88, -0.1940, -2.881
27.89, -0.1945, -2.853
27.90, -0.1950, -2.899
27.91, -0.1955, -2.870
27.92, -0.1960, -2.876
27.93, -0.1965, -2.893
27.94, -0.1970, -2.880
27.95, -0.1975, -2.891
27.96, -0.1980, -2.908
27.97, -0.1985, -2.881
27.98, -0.1990, -2.897
27.99, -0.1995, -2.901
28.00, -0.2000, -2.887
28.01, -0.2005, -2.914
28.02, -0.2010, -2.927
28.03, -0.2015, -2.924
28.04, -0.2020, -2.936
28.05, -0.2025, -2.946
28.06, -0.2030, -2.958
28.07, -0.2035, -2.976
28.08, -0.2040, -2.970
28.09, -0.2045, -3.003
28.10, -0.2050, -3.007
28.11, -0.2055, -3.012
28.12, -0.2060, -2.997
28.13, -0.2065, -3.012
28.14, -0.2070, -3.003
28.15, -0.2075, -2.973
28.16, -0.2080, -2.973
28.17, -0.2085, -2.996
28.18, -0.2090, -3.001
28.19, -0.2095, -3.009
28.20, -0.2100, -2.996
28.21, -0.2105, -2.977
28.22, -0.2110, -3.002
28.23, -0.2115, -3.009
28.24, -0.2120, -3.000
28.25, -0.2125, -3.002
28.26, -0.2130, -3.004
28.27, -0.2135, -3.010
28.28, -0.2140, -3.010
28.29, -0.2145, -3.000
28.30, -0.2150, -3.006
28.31, -0.2155, -3.014
28.32, -0.2160, -3.004
28.33, -0.2165, -2.991
28.34, -0.2170, -3.010
28.35, -0.2175, -3.000
28.36, -0.2180, -2.990
28.37, -0.2185, -2.994
28.38, -0.2190, -3.002
28.39, -0.2195, -3.015
28.40, -0.2200, -3.000
28.41, -0.2205, -3.013
28.42, -0.2210, -3.006
28.43, -0.2215, -3.005
28.44, -0.2220, -3.025
28.45, -0.2225, -3.039
28.46, -0.2230, -3.054
28.47, -0.2235, -3.070
28.48, -0.2240, -3.068
28.49, -0.2245, -3.078
28.50, -0.2250, -3.105
28.51, -0.2255, -3.095
28.52, -0.2260, -3.101
28.53, -0.2265, -3.088
28.54, -0.2270, -3.107
28.55, -0.2275, -3.086
28.56, -0.2280, -3.110
28.57, -0.2285, -3.098
28.58, -0.2290, -3.095
28.59, -0.2295, -3.070
28.60, -0.2300, -3.077
28.61, -0.2305, -3.081
28.62, -0.2310, -3.094
28.63, -0.2315, -3.097
28.64, -0.2320, -3.081
28.65, -0.2325, -3.059
28.66, -0.2330, -3.080
28.67, -0.2335, -3.094
28.68, -0.2340, -3.098
28.69, -0.2345, -3.099
28.70, -0.2350, -3.067
28.71, -0.2355, -3.084
28.72, -0.2360, -3.084
28.73, -0.2365, -3.080
28.74, -0.2370, -3.077
28.75, -0.2375, -3.066
28.76, -0.2380, -3.078
28.77, -0.2385, -3.056
28.78, -0.2390, -3.081
28.79, -0.2395, -3.072
28.80, -0.2400, -3.066
28.81, -0.2405, -3.066
28.82, -0.2410, -3.076
28.83, -0.2415, -3.085
28.84, -0.2420, -3.082
28.85, -0.2425, -3.081
28.86, -0.2430, -3.095
28.87, -0.2435, -3.100
28.88, -0.2440, -3.111
28.89, -0.2445, -3.112
28.90, -0.2450, -3.125
28.91, -0.2455, -3.149
28.92, -0.2460, -3.154
28.93, -0.2465, -3.160
28.94, -0.2470, -3.165
28.95, -0.2475, -3.165
28.96, -0.2480, -3.152
28.97, -0.2485, -3.162
28.98, -0.2490, -3.160
28.99, -0.2495, -3.154
29.00, -0.2500, -3.140
29.01, -0.2505, -3.167
29.02, -0.2510, -3.150
29.03, -0.2515, -3.154
29.04, -0.2520, -3.147
29.05, -0.2525, -3.156
29.06, -0.2530, -3.135
29.07, -0.2535, -3.144
29.08, -0.2540, -3.118
29.09, -0.2545, -3.135
29.10, -0.2550, -3.123
29.11, -0.2555, -3.127
29.12, -0.2560, -3.129
29.13, -0.2565, -3.130
29.14, -0.2570, -3.118
29.15, -0.2575, -3.105
29.16, -0.2580, -3.103
29.17, -0.2585, -3.091
29.18, -0.2590, -3.101
29.19, -0.2595, -3.104
29.20, -0.2600, -3.091
29.21, -0.2605, -3.092
29.22, -0.2610, -3.102
29.23, -0.2615, -3.107
29.24, -0.2620, -3.103
29.25, -0.2625, -3.094
29.26, -0.2630, -3.089
29.27, -0.2635, -3.087
29.28, -0.2640, -3.093
29.29, -0.2645, -3.112
29.30, -0.2650, -3.120
29.31, -0.2655, -3.127
29.32, -0.2660, -3.136
29.33, -0.2665, -3.142
29.34, -0.2670, -3.158
29.35, -0.2675, -3.164
29.36, -0.2680, -3.147
29.37, -0.2685, -3.132
29.38, -0.2690, -3.136
29.39, -0.2695, -3.123
29.40, -0.2700, -3.153
29.41, -0.2705, -3.145
29.42, -0.2710, -3.131
29.43, -0.2715, -3.113
29.44, -0.2720, -3.133
29.45, -0.2725, -3.136
29.46, -0.2730, -3.125
29.47, -0.2735, -3.109
29.48, -0.2740, -3.110
29.49, -0.2745, -3.111
29.50, -0.2750, -3.100
29.51, -0.2755, -3.089
29.52, -0.2760, -3.106
29.53, -0.2765, -3.084
29.54, -0.2770, -3.068
29.55, -0.2775, -3.084
29.56, -0.2780, -3.090
29.57, -0.2785, -3.068
29.58, -0.2790, -3.046
29.59, -0.2795, -3.050
29.60, -0.2800, -3.055
29.61, -0.2805, -3.062
29.62, -0.2810, -3.053
29.63, -0.2815, -3.032
29.64, -0.2820, -3.041
29.65, -0.2825, -3.044
29.66, -0.2830, -3.041
29.67, -0.2835, -3.032
29.68, -0.2840, -3.029
29.69, -0.2845, -3.004
29.70, -0.2850, -3.019
29.71, -0.2855, -3.020
29.72, -0.2860, -3.050
29.73, -0.2865, -3.036
29.74, -0.2870, -3.035
29.75, -0.2875, -3.037
29.76, -0.2880, -3.053
29.77, -0.2885, -3.054
29.78, -0.2890, -3.047
29.79, -0.2895, -3.048
29.80, -0.2900, -3.040
29.81, -0.2905, -3.034
29.82, -0.2910, -3.038
29.83, -0.2915, -3.042
29.84, -0.2920, -3.034
29.85, -0.2925, -3.026
29.86, -0.2930, -3.013
29.87, -0.2935, -3.013
29.88, -0.2940, -3.017
29.89, -0.2945, -3.021
29.90, -0.2950, -3.001
29.91, -0.2955, -2.977
29.92, -0.2960, -2.986
29.93, -0.2965, -2.946
29.94, -0.2970, -2.960
29.95, -0.2975, -2.951
29.96, -0.2980, -2.954
29.97, -0.2985, -2.944
29.98, -0.2990, -2.928
29.99, -0.2995, -2.927
30.00, -0.3000, -2.910
30.01, -0.3005, -2.918
30.02, -0.3010, -2.890
30.03, -0.3015, -2.884
30.04, -0.3020, -2.901
30.05, -0.3025, -2.897
30.06, -0.3030, -2.875
30.07, -0.3035, -2.883
30.08, -0.3040, -2.870
30.09, -0.3045, -2.858
30.10, -0.3050, -2.850
30.11, -0.3055, -2.840
30.12, -0.3060, -2.837
30.13, -0.3065, -2.852
30.14, -0.3070, -2.870
30.15, -0.3075, -2.875
30.16, -0.3080, -2.883
30.17, -0.3085, -2.891
30.18, -0.3090, -2.885
30.19, -0.3095, -2.865
30.20, -0.3100, -2.881
30.21, -0.3105, -2.871
30.22, -0.3110, -2.870
30.23, -0.3115, -2.860
30.24, -0.3120, -2.848
30.25, -0.3125, -2.842
30.26, -0.3130, -2.838
30.27, -0.3135, -2.835
30.28, -0.3140, -2.811
30.29, -0.3145, -2.822
30.30, -0.3150, -2.802
30.31, -0.3155, -2.789
30.32, -0.3160, -2.803
30.33, -0.3165, -2.810
30.34, -0.3170, -2.802
30.35, -0.3175, -2.778
30.36, -0.3180, -2.760
30.37, -0.3185, -2.744
30.38, -0.3190, -2.751
30.39, -0.3195, -2.741
30.40, -0.3200, -2.727
30.41, -0.3205, -2.720
30.42, -0.3210, -2.725
30.43, -0.3215, -2.710
30.44, -0.3220, -2.697
30.45, -0.3225, -2.700
30.46, -0.3230, -2.666
30.47, -0.3235, -2.677
30.48, -0.3240, -2.673
30.49, -0.3245, -2.675
30.50, -0.3250, -2.661
30.51, -0.3255, -2.664
30.52, -0.3260, -2.645
30.53, -0.3265, -2.632
30.54, -0.3270, -2.621
30.55, -0.3275, -2.632
30.56, -0.3280, -2.647
30.57, -0.3285, -2.652
30.58, -0.3290, -2.657
30.59, -0.3295, -2.658
30.60, -0.3300, -2.685
30.61, -0.3305, -2.652
30.62, -0.3310, -2.660
30.63, -0.3315, -2.659
30.64, -0.3320, -2.640
30.65, -0.3325, -2.654
30.66, -0.3330, -2.656
30.67, -0.3335, -2.651
30.68, -0.3340, -2.622
30.69, -0.3345, -2.625
30.70, -0.3350, -2.613
30.71, -0.3355, -2.610
30.72, -0.3360, -2.593
30.73, -0.3365, -2.586
30.74, -0.3370, -2.561
30.75, -0.3375, -2.582
30.76, -0.3380, -2.576
30.77, -0.3385, -2.577
30.78, -0.3390, -2.572
30.79, -0.3395, -2.545
30.80, -0.3400, -2.501
30.81, -0.3405, -2.505
30.82, -0.3410, -2.532
30.83, -0.3415, -2.515
30.84, -0.3420, -2.511
30.85, -0.3425, -2.503
30.86, -0.3430, -2.485
30.87, -0.3435, -2.477
30.88, -0.3440, -2.482
30.89, -0.3445, -2.488
30.90, -0.3450, -2.470
30.91, -0.3455, -2.461
30.92, -0.3460, -2.466
30.93, -0.3465, -2.467
30.94, -0.3470, -2.447
30.95, -0.3475, -2.448
30.96, -0.3480, -2.421
30.97, -0.3485, -2.428
30.98, -0.3490, -2.444
30.99, -0.3495, -2.435
31.00, -0.3500, -2.461
31.01, -0.3505, -2.466
31.02, -0.3510, -2.463
31.03, -0.3515, -2.461
31.04, -0.3520, -2.477
31.05, -0.3525, -2.456
31.06, -0.3530, -2.452
31.07, -0.3535, -2.449
31.08, -0.3540, -2.459
31.09, -0.3545, -2.436
31.10, -0.3550, -2.449
31.11, -0.3555, -2.440
31.12, -0.3560, -2.406
31.13, -0.3565, -2.417
31.14, -0.3570, -2.405
31.15, -0.3575, -2.403
31.16, -0.3580, -2.408
31.17, -0.3585, -2.384
31.18, -0.3590, -2.371
31.19, -0.3595, -2.362
31.20, -0.3600, -2.381
31.21, -0.3605, -2.372
31.22, -0.3610, -2.359
31.23, -0.3615, -2.351
31.24, -0.3620, -2.329
31.25, -0.3625, -2.309
31.26, -0.3630, -2.316
31.27, -0.3635, -2.310
31.28, -0.3640, -2.315
31.29, -0.3645, -2.298
31.30, -0.3650, -2.307
31.31, -0.3655, -2.301
31.32, -0.3660, -2.300
31.33, -0.3665, -2.285
31.34, -0.3670, -2.285
31.35, -0.3675, -2.285
31.36, -0.3680, -2.286
31.37, -0.3685, -2.279
31.38, -0.3690, -2.272
31.39, -0.3695, -2.281
31.40, -0.3700, -2.289
31.41, -0.3705, -2.285
31.42, -0.3710, -2.304
31.43, -0.3715, -2.312
31.44, -0.3720, -2.320
31.45, -0.3725, -2.312
31.46, -0.3730, -2.313
31.47, -0.3735, -2.302
31.48, -0.3740, -2.306
31.49, -0.3745, -2.303
31.50, -0.3750, -2.292
31.51, -0.3755, -2.264
31.52, -0.3760, -2.305
31.53, -0.3765, -2.292
31.54, -0.3770, -2.290
31.55, -0.3775, -2.285
31.56, -0.3780, -2.248
31.57, -0.3785, -2.273
31.58, -0.3790, -2.249
31.59, -0.3795, -2.247
31.60, -0.3800, -2.251
31.61, -0.3805, -2.240
31.62, -0.3810, -2.220
31.63, -0.3815, -2.215
31.64, -0.3820, -2.213
31.65, -0.3825, -2.230
31.66, -0.3830, -2.213
31.67, -0.3835, -2.218
31.68, -0.3840, -2.179
31.69, -0.3845, -2.180
31.70, -0.3850, -2.197
31.71, -0.3855, -2.183
31.72, -0.3860, -2.195
31.73, -0.3865, -2.184
31.74, -0.3870, -2.164
31.75, -0.3875, -2.161
31.76, -0.3880, -2.161
31.77, -0.3885, -2.165
31.78, -0.3890, -2.147
31.79, -0.3895, -2.168
31.80, -0.3900, -2.166
31.81, -0.3905, -2.174
31.82, -0.3910, -2.170
31.83, -0.3915, -2.189
31.84, -0.3920, -2.175
31.85, -0.3925, -2.190
31.86, -0.3930, -2.195
31.87, -0.3935, -2.215
31.88, -0.3940, -2.196
31.89, -0.3945, -2.188
31.90, -0.3950, -2.215
31.91, -0.3955, -2.178
31.92, -0.3960, -2.198
31.93, -0.3965, -2.196
31.94, -0.3970, -2.163
31.95, -0.3975, -2.173
31.96, -0.3980, -2.159
31.97, -0.3985, -2.166
31.98, -0.3990, -2.166
31.99, -0.3995, -2.154
32.00, -0.4000, -2.152
