0.01000, -0.3995, -26.13
0.02000, -0.3990, -10.47
0.03000, -0.3985, -6.026
0.04000, -0.3980, -4.247
0.05000, -0.3975, -3.342
0.06000, -0.3970, -2.828
0.07000, -0.3965, -2.458
0.08000, -0.3960, -2.194
0.09000, -0.3955, -2.005
0.1000, -0.3950, -1.842
0.1100, -0.3945, -1.742
0.1200, -0.3940, -1.649
0.1300, -0.3935, -1.565
0.1400, -0.3930, -1.482
0.1500, -0.3925, -1.397
0.1600, -0.3920, -1.340
0.1700, -0.3915, -1.286
0.1800, -0.3910, -1.256
0.1900, -0.3905, -1.225
0.2000, -0.3900, -1.162
0.2100, -0.3895, -1.118
0.2200, -0.3890, -1.073
0.2300, -0.3885, -1.041
0.2400, -0.3880, -1.022
0.2500, -0.3875, -0.9915
0.2600, -0.3870, -0.9780
0.2700, -0.3865, -0.9460
0.2800, -0.3860, -0.8817
0.2900, -0.3855, -0.8310
0.3000, -0.3850, -0.8329
0.3100, -0.3845, -0.8256
0.3200, -0.3840, -0.8076
0.3300, -0.3835, -0.7831
0.3400, -0.3830, -0.7800
0.3500, -0.3825, -0.7734
0.3600, -0.3820, -0.7275
0.3700, -0.3815, -0.7409
0.3800, -0.3810, -0.7532
0.3900, -0.3805, -0.7194
0.4000, -0.3800, -0.7037
0.4100, -0.3795, -0.7026
0.4200, -0.3790, -0.6769
0.4300, -0.3785, -0.6887
0.4400, -0.3780, -0.6722
0.4500, -0.3775, -0.7024
0.4600, -0.3770, -0.6694
0.4700, -0.3765, -0.6432
0.4800, -0.3760, -0.6260
0.4900, -0.3755, -0.6276
0.5000, -0.3750, -0.6422
0.5100, -0.3745, -0.6214
0.5200, -0.3740, -0.6238
0.5300, -0.3735, -0.6267
0.5400, -0.3730, -0.6254
0.5500, -0.3725, -0.6403
0.5600, -0.3720, -0.5998
0.5700, -0.3715, -0.5747
0.5800, -0.3710, -0.6069
0.5900, -0.3705, -0.5899
0.6000, -0.3700, -0.5605
0.6100, -0.3695, -0.5885
0.6200, -0.3690, -0.5696
0.6300, -0.3685, -0.5640
0.6400, -0.3680, -0.5686
0.6500, -0.3675, -0.5877
0.6600, -0.3670, -0.5439
0.6700, -0.3665, -0.5307
0.6800, -0.3660, -0.5324
0.6900, -0.3655, -0.4991
0.7000, -0.3650, -0.4653
0.7100, -0.3645, -0.4790
0.7200, -0.3640, -0.4728
0.7300, -0.3635, -0.4505
0.7400, -0.3630, -0.4772
0.7500, -0.3625, -0.4313
0.7600, -0.3620, -0.4333
0.7700, -0.3615, -0.4433
0.7800, -0.3610, -0.4324
0.7900, -0.3605, -0.4692
0.8000, -0.3600, -0.4369
0.8100, -0.3595, -0.4493
0.8200, -0.3590, -0.4504
0.8300, -0.3585, -0.4388
0.8400, -0.3580, -0.4444
0.8500, -0.3575, -0.4535
0.8600, -0.3570, -0.4525
0.8700, -0.3565, -0.4430
0.8800, -0.3560, -0.4382
0.8900, -0.3555, -0.4120
0.9000, -0.3550, -0.4348
0.9100, -0.3545, -0.4184
0.9200, -0.3540, -0.4424
0.9300, -0.3535, -0.4392
0.9400, -0.3530, -0.4341
0.9500, -0.3525, -0.4293
0.9600, -0.3520, -0.4304
0.9700, -0.3515, -0.4194
0.9800, -0.3510, -0.4315
0.9900, -0.3505, -0.4382
1.000, -0.3500, -0.3949
1.010, -0.3495, -0.4170
1.020, -0.3490, -0.4099
1.030, -0.3485, -0.4118
1.040, -0.3480, -0.4068
1.050, -0.3475, -0.4285
1.060, -0.3470, -0.4337
1.070, -0.3465, -0.3929
1.080, -0.3460, -0.4104
1.090, -0.3455, -0.3886
1.100, -0.3450, -0.3804
1.110, -0.3445, -0.3665
1.120, -0.3440, -0.3560
1.130, -0.3435, -0.3396
1.140, -0.3430, -0.3189
1.150, -0.3425, -0.3261
1.160, -0.3420, -0.3197
1.170, -0.3415, -0.3438
1.180, -0.3410, -0.3460
1.190, -0.3405, -0.3352
1.200, -0.3400, -0.3227
1.210, -0.3395, -0.3146
1.220, -0.3390, -0.2953
1.230, -0.3385, -0.3333
1.240, -0.3380, -0.3539
1.250, -0.3375, -0.3134
1.260, -0.3370, -0.3265
1.270, -0.3365, -0.3197
1.280, -0.3360, -0.3289
1.290, -0.3355, -0.3142
1.300, -0.3350, -0.3454
1.310, -0.3345, -0.3409
1.320, -0.3340, -0.3613
1.330, -0.3335, -0.3319
1.340, -0.3330, -0.3276
1.350, -0.3325, -0.3183
1.360, -0.3320, -0.3325
1.370, -0.3315, -0.3210
1.380, -0.3310, -0.3400
1.390, -0.3305, -0.3312
1.400, -0.3300, -0.3259
1.410, -0.3295, -0.3439
1.420, -0.3290, -0.3376
1.430, -0.3285, -0.3449
1.440, -0.3280, -0.3229
1.450, -0.3275, -0.3324
1.460, -0.3270, -0.3329
1.470, -0.3265, -0.3284
1.480, -0.3260, -0.3400
1.490, -0.3255, -0.3100
1.500, -0.3250, -0.2905
1.510, -0.3245, -0.3318
1.520, -0.3240, -0.3113
1.530, -0.3235, -0.2777
1.540, -0.3230, -0.2820
1.550, -0.3225, -0.2459
1.560, -0.3220, -0.2726
1.570, -0.3215, -0.2465
1.580, -0.3210, -0.2586
1.590, -0.3205, -0.2349
1.600, -0.3200, -0.2686
1.610, -0.3195, -0.2630
1.620, -0.3190, -0.2537
1.630, -0.3185, -0.2565
1.640, -0.3180, -0.2485
1.650, -0.3175, -0.2514
1.660, -0.3170, -0.2802
1.670, -0.3165, -0.2382
1.680, -0.3160, -0.2888
1.690, -0.3155, -0.2721
1.700, -0.3150, -0.2836
1.710, -0.3145, -0.2985
1.720, -0.3140, -0.2432
1.730, -0.3135, -0.3038
1.740, -0.3130, -0.2629
1.750, -0.3125, -0.2697
1.760, -0.3120, -0.2805
1.770, -0.3115, -0.2857
1.780, -0.3110, -0.2751
1.790, -0.3105, -0.2952
1.800, -0.3100, -0.2759
1.810, -0.3095, -0.2659
1.820, -0.3090, -0.2913
1.830, -0.3085, -0.3007
1.840, -0.3080, -0.2726
1.850, -0.3075, -0.3067
1.860, -0.3070, -0.2816
1.870, -0.3065, -0.2819
1.880, -0.3060, -0.2844
1.890, -0.3055, -0.3190
1.900, -0.3050, -0.2750
1.910, -0.3045, -0.2820
1.920, -0.3040, -0.3175
1.930, -0.3035, -0.2466
1.940, -0.3030, -0.2379
1.950, -0.3025, -0.2220
1.960, -0.3020, -0.2289
1.970, -0.3015, -0.2398
1.980, -0.3010, -0.2007
1.990, -0.3005, -0.2111
2.000, -0.3000, -0.1932
2.010, -0.2995, -0.2348
2.020, -0.2990, -0.2277
2.030, -0.2985, -0.2169
2.040, -0.2980, -0.1974
2.050, -0.2975, -0.2181
2.060, -0.2970, -0.2359
2.070, -0.2965, -0.2305
2.080, -0.2960, -0.2313
2.090, -0.2955, -0.2542
2.100, -0.2950, -0.2005
2.110, -0.2945, -0.2602
2.120, -0.2940, -0.2214
2.130, -0.2935, -0.2550
2.140, -0.2930, -0.2481
2.150, -0.2925, -0.2233
2.160, -0.2920, -0.2505
2.170, -0.2915, -0.2535
2.180, -0.2910, -0.2495
2.190, -0.2905, -0.2656
2.200, -0.2900, -0.2519
2.210, -0.2895, -0.2348
2.220, -0.2890, -0.2267
2.230, -0.2885, -0.2685
2.240, -0.2880, -0.2476
2.250, -0.2875, -0.2725
2.260, -0.2870, -0.2445
2.270, -0.2865, -0.2833
2.280, -0.2860, -0.2485
2.290, -0.2855, -0.2530
2.300, -0.2850, -0.2454
2.310, -0.2845, -0.2720
2.320, -0.2840, -0.2429
2.330, -0.2835, -0.2728
2.340, -0.2830, -0.2461
2.350, -0.2825, -0.2413
2.360, -0.2820, -0.2348
2.370, -0.2815, -0.2042
2.380, -0.2810, -0.2323
2.390, -0.2805, -0.1972
2.400, -0.2800, -0.1949
2.410, -0.2795, -0.1889
2.420, -0.2790, -0.1572
2.430, -0.2785, -0.1952
2.440, -0.2780, -0.1882
2.450, -0.2775, -0.1975
2.460, -0.2770, -0.1635
2.470, -0.2765, -0.1823
2.480, -0.2760, -0.1722
2.490, -0.2755, -0.1933
2.500, -0.2750, -0.1859
2.510, -0.2745, -0.2008
2.520, -0.2740, -0.2171
2.530, -0.2735, -0.1833
2.540, -0.2730, -0.2295
2.550, -0.2725, -0.2239
2.560, -0.2720, -0.2189
2.570, -0.2715, -0.2100
2.580, -0.2710, -0.1973
2.590, -0.2705, -0.2477
2.600, -0.2700, -0.2203
2.610, -0.2695, -0.2101
2.620, -0.2690, -0.2125
2.630, -0.2685, -0.2384
2.640, -0.2680, -0.2362
2.650, -0.2675, -0.2459
2.660, -0.2670, -0.2434
2.670, -0.2665, -0.2356
2.680, -0.2660, -0.2015
2.690, -0.2655, -0.2604
2.700, -0.2650, -0.2471
2.710, -0.2645, -0.2455
2.720, -0.2640, -0.2423
2.730, -0.2635, -0.2109
2.740, -0.2630, -0.2659
2.750, -0.2625, -0.2407
2.760, -0.2620, -0.2341
2.770, -0.2615, -0.2075
2.780, -0.2610, -0.1993
2.790, -0.2605, -0.1795
2.800, -0.2600, -0.1829
2.810, -0.2595, -0.1742
2.820, -0.2590, -0.1545
2.830, -0.2585, -0.1904
2.840, -0.2580, -0.1728
2.850, -0.2575, -0.1854
2.860, -0.2570, -0.1425
2.870, -0.2565, -0.1637
2.880, -0.2560, -0.1423
2.890, -0.2555, -0.1772
2.900, -0.2550, -0.1579
2.910, -0.2545, -0.1821
2.920, -0.2540, -0.1986
2.930, -0.2535, -0.1811
2.940, -0.2530, -0.1934
2.950, -0.2525, -0.1612
2.960, -0.2520, -0.2049
2.970, -0.2515, -0.1832
2.980, -0.2510, -0.2160
2.990, -0.2505, -0.2177
3.000, -0.2500, -0.1698
3.010, -0.2495, -0.1804
3.020, -0.2490, -0.2041
3.030, -0.2485, -0.2097
3.040, -0.2480, -0.2034
3.050, -0.2475, -0.2009
3.060, -0.2470, -0.2090
3.070, -0.2465, -0.2108
3.080, -0.2460, -0.1812
3.090, -0.2455, -0.2380
3.100, -0.2450, -0.2102
3.110, -0.2445, -0.2320
3.120, -0.2440, -0.2136
3.130, -0.2435, -0.2056
3.140, -0.2430, -0.2437
3.150, -0.2425, -0.1979
3.160, -0.2420, -0.2170
3.170, -0.2415, -0.2398
3.180, -0.2410, -0.2102
3.190, -0.2405, -0.2242
3.200, -0.2400, -0.1804
3.210, -0.2395, -0.1521
3.220, -0.2390, -0.1839
3.230, -0.2385, -0.1600
3.240, -0.2380, -0.1720
3.250, -0.2375, -0.1640
3.260, -0.2370, -0.1402
3.270, -0.2365, -0.1193
3.280, -0.2360, -0.1499
3.290, -0.2355, -0.1572
3.300, -0.2350, -0.1504
3.310, -0.2345, -0.1672
3.320, -0.2340, -0.1733
3.330, -0.2335, -0.1671
3.340, -0.2330, -0.1526
3.350, -0.2325, -0.1857
3.360, -0.2320, -0.1456
3.370, -0.2315, -0.1634
3.380, -0.2310, -0.1897
3.390, -0.2305, -0.1741
3.400, -0.2300, -0.1615
3.410, -0.2295, -0.1531
3.420, -0.2290, -0.1860
3.430, -0.2285, -0.2025
3.440, -0.2280, -0.1810
3.450, -0.2275, -0.1849
3.460, -0.2270, -0.1947
3.470, -0.2265, -0.1859
3.480, -0.2260, -0.1694
3.490, -0.2255, -0.2300
3.500, -0.2250, -0.2185
3.510, -0.2245, -0.1919
3.520, -0.2240, -0.1829
3.530, -0.2235, -0.1634
3.540, -0.2230, -0.1607
3.550, -0.2225, -0.1836
3.560, -0.2220, -0.2145
3.570, -0.2215, -0.2368
3.580, -0.2210, -0.2165
3.590, -0.2205, -0.2041
3.600, -0.2200, -0.1714
3.610, -0.2195, -0.1995
3.620, -0.2190, -0.1719
3.630, -0.2185, -0.1728
3.640, -0.2180, -0.1386
3.650, -0.2175, -0.1524
3.660, -0.2170, -0.1163
3.670, -0.2165, -0.1541
3.680, -0.2160, -0.1210
3.690, -0.2155, -0.1457
3.700, -0.2150, -0.1550
3.710, -0.2145, -0.1574
3.720, -0.2140, -0.1120
3.730, -0.2135, -0.1102
3.740, -0.2130, -0.1398
3.750, -0.2125, -0.1466
3.760, -0.2120, -0.1535
3.770, -0.2115, -0.1479
3.780, -0.2110, -0.1550
3.790, -0.2105, -0.1797
3.800, -0.2100, -0.1677
3.810, -0.2095, -0.1546
3.820, -0.2090, -0.2019
3.830, -0.2085, -0.1943
3.840, -0.2080, -0.1845
3.850, -0.2075, -0.1728
3.860, -0.2070, -0.1861
3.870, -0.2065, -0.1681
3.880, -0.2060, -0.2070
3.890, -0.2055, -0.1895
3.900, -0.2050, -0.1960
3.910, -0.2045, -0.2105
3.920, -0.2040, -0.2000
3.930, -0.2035, -0.1833
3.940, -0.2030, -0.1496
3.950, -0.2025, -0.1841
3.960, -0.2020, -0.1879
3.970, -0.2015, -0.1787
3.980, -0.2010, -0.1894
3.990, -0.2005, -0.2035
4.000, -0.2000, -0.1833
4.010, -0.1995, -0.1814
4.020, -0.1990, -0.1768
4.030, -0.1985, -0.1684
4.040, -0.1980, -0.1689
4.050, -0.1975, -0.1736
4.060, -0.1970, -0.1207
4.070, -0.1965, -0.1189
4.080, -0.1960, -0.1241
4.090, -0.1955, -0.1275
4.100, -0.1950, -0.1641
4.110, -0.1945, -0.1441
4.120, -0.1940, -0.1090
4.130, -0.1935, -0.1163
4.140, -0.1930, -0.1081
4.150, -0.1925, -0.1307
4.160, -0.1920, -0.1302
4.170, -0.1915, -0.1601
4.180, -0.1910, -0.1406
4.190, -0.1905, -0.1465
4.200, -0.1900, -0.1315
4.210, -0.1895, -0.1467
4.220, -0.1890, -0.1524
4.230, -0.1885, -0.1777
4.240, -0.1880, -0.1473
4.250, -0.1875, -0.1682
4.260, -0.1870, -0.1481
4.270, -0.1865, -0.1762
4.280, -0.1860, -0.1669
4.290, -0.1855, -0.1954
4.300, -0.1850, -0.2021
4.310, -0.1845, -0.1634
4.320, -0.1840, -0.2024
4.330, -0.1835, -0.1676
4.340, -0.1830, -0.1740
4.350, -0.1825, -0.1772
4.360, -0.1820, -0.1593
4.370, -0.1815, -0.1726
4.380, -0.1810, -0.1760
4.390, -0.1805, -0.1758
4.400, -0.1800, -0.2019
4.410, -0.1795, -0.1626
4.420, -0.1790, -0.1709
4.430, -0.1785, -0.1774
4.440, -0.1780, -0.1650
4.450, -0.1775, -0.1693
4.460, -0.1770, -0.1437
4.470, -0.1765, -0.1588
4.480, -0.1760, -0.1166
4.490, -0.1755, -0.1503
4.500, -0.1750, -0.1158
4.510, -0.1745, -0.1482
4.520, -0.1740, -0.1392
4.530, -0.1735, -0.1256
4.540, -0.1730, -0.1269
4.550, -0.1725, -0.1168
4.560, -0.1720, -0.1030
4.570, -0.1715, -0.1367
4.580, -0.1710, -0.1264
4.590, -0.1705, -0.1197
4.600, -0.1700, -0.1404
4.610, -0.1695, -0.1568
4.620, -0.1690, -0.1218
4.630, -0.1685, -0.1252
4.640, -0.1680, -0.1554
4.650, -0.1675, -0.1290
4.660, -0.1670, -0.1790
4.670, -0.1665, -0.1610
4.680, -0.1660, -0.1280
4.690, -0.1655, -0.1858
4.700, -0.1650, -0.1908
4.710, -0.1645, -0.2041
4.720, -0.1640, -0.1744
4.730, -0.1635, -0.1854
4.740, -0.1630, -0.1689
4.750, -0.1625, -0.1670
4.760, -0.1620, -0.1631
4.770, -0.1615, -0.1824
4.780, -0.1610, -0.1976
4.790, -0.1605, -0.1908
4.800, -0.1600, -0.1708
4.810, -0.1595, -0.1399
4.820, -0.1590, -0.1635
4.830, -0.1585, -0.1824
4.840, -0.1580, -0.1890
4.850, -0.1575, -0.1713
4.860, -0.1570, -0.1739
4.870, -0.1565, -0.1626
4.880, -0.1560, -0.1394
4.890, -0.1555, -0.1642
4.900, -0.1550, -0.1398
4.910, -0.1545, -0.1146
4.920, -0.1540, -0.1240
4.930, -0.1535, -0.1212
4.940, -0.1530, -0.1002
4.950, -0.1525, -0.09010
4.960, -0.1520, -0.1127
4.970, -0.1515, -0.1245
4.980, -0.1510, -0.1407
4.990, -0.1505, -0.09537
5.000, -0.1500, -0.1145
5.010, -0.1495, -0.09611
5.020, -0.1490, -0.09865
5.030, -0.1485, -0.1417
5.040, -0.1480, -0.1480
5.050, -0.1475, -0.1353
5.060, -0.1470, -0.1439
5.070, -0.1465, -0.1348
5.080, -0.1460, -0.1309
5.090, -0.1455, -0.1632
5.100, -0.1450, -0.1799
5.110, -0.1445, -0.1612
5.120, -0.1440, -0.1718
5.130, -0.1435, -0.1635
5.140, -0.1430, -0.1634
5.150, -0.1425, -0.1751
5.160, -0.1420, -0.1791
5.170, -0.1415, -0.1492
5.180, -0.1410, -0.2016
5.190, -0.1405, -0.1654
5.200, -0.1400, -0.1382
5.210, -0.1395, -0.1320
5.220, -0.1390, -0.1984
5.230, -0.1385, -0.1405
5.240, -0.1380, -0.1877
5.250, -0.1375, -0.1789
5.260, -0.1370, -0.1807
5.270, -0.1365, -0.1516
5.280, -0.1360, -0.1523
5.290, -0.1355, -0.1623
5.300, -0.1350, -0.1828
5.310, -0.1345, -0.1490
5.320, -0.1340, -0.1187
5.330, -0.1335, -0.1384
5.340, -0.1330, -0.1073
5.350, -0.1325, -0.09087
5.360, -0.1320, -0.1256
5.370, -0.1315, -0.08779
5.380, -0.1310, -0.1187
5.390, -0.1305, -0.06743
5.400, -0.1300, -0.1057
5.410, -0.1295, -0.1331
5.420, -0.1290, -0.1127
5.430, -0.1285, -0.08507
5.440, -0.1280, -0.1184
5.450, -0.1275, -0.1073
5.460, -0.1270, -0.1189
5.470, -0.1265, -0.1064
5.480, -0.1260, -0.1294
5.490, -0.1255, -0.1376
5.500, -0.1250, -0.1362
5.510, -0.1245, -0.1188
5.520, -0.1240, -0.1318
5.530, -0.1235, -0.1252
5.540, -0.1230, -0.1361
5.550, -0.1225, -0.1426
5.560, -0.1220, -0.1617
5.570, -0.1215, -0.1979
5.580, -0.1210, -0.1569
5.590, -0.1205, -0.1565
5.600, -0.1200, -0.1634
5.610, -0.1195, -0.1688
5.620, -0.1190, -0.1619
5.630, -0.1185, -0.1387
5.640, -0.1180, -0.2028
5.650, -0.1175, -0.1737
5.660, -0.1170, -0.1645
5.670, -0.1165, -0.1672
5.680, -0.1160, -0.1597
5.690, -0.1155, -0.1858
5.700, -0.1150, -0.1465
5.710, -0.1145, -0.1631
5.720, -0.1140, -0.1279
5.730, -0.1135, -0.1115
5.740, -0.1130, -0.1121
5.750, -0.1125, -0.1209
5.760, -0.1120, -0.1077
5.770, -0.1115, -0.1132
5.780, -0.1110, -0.1037
5.790, -0.1105, -0.1009
5.800, -0.1100, -0.1348
5.810, -0.1095, -0.07915
5.820, -0.1090, -0.09804
5.830, -0.1085, -0.09145
5.840, -0.1080, -0.1116
5.850, -0.1075, -0.1035
5.860, -0.1070, -0.08847
5.870, -0.1065, -0.1178
5.880, -0.1060, -0.1278
5.890, -0.1055, -0.1393
5.900, -0.1050, -0.1393
5.910, -0.1045, -0.1647
5.920, -0.1040, -0.1381
5.930, -0.1035, -0.1199
5.940, -0.1030, -0.1180
5.950, -0.1025, -0.1468
5.960, -0.1020, -0.1222
5.970, -0.1015, -0.1625
5.980, -0.1010, -0.1654
5.990, -0.1005, -0.1511
6.000, -0.1000, -0.1546
6.010, -0.09950, -0.1563
6.020, -0.09900, -0.1550
6.030, -0.09850, -0.1480
6.040, -0.09800, -0.1561
6.050, -0.09750, -0.1460
6.060, -0.09700, -0.1532
6.070, -0.09650, -0.1388
6.080, -0.09600, -0.1720
6.090, -0.09550, -0.1345
6.100, -0.09500, -0.1794
6.110, -0.09450, -0.1792
6.120, -0.09400, -0.1536
6.130, -0.09350, -0.1421
6.140, -0.09300, -0.1616
6.150, -0.09250, -0.1256
6.160, -0.09200, -0.1127
6.170, -0.09150, -0.1156
6.180, -0.09100, -0.09132
6.190, -0.09050, -0.1280
6.200, -0.09000, -0.08503
6.210, -0.08950, -0.07997
6.220, -0.08900, -0.1167
6.230, -0.08850, -0.08550
6.240, -0.08800, -0.1053
6.250, -0.08750, -0.08530
6.260, -0.08700, -0.06403
6.270, -0.08650, -0.09149
6.280, -0.08600, -0.1086
6.290, -0.08550, -0.1199
6.300, -0.08500, -0.1201
6.310, -0.08450, -0.07857
6.320, -0.08400, -0.1023
6.330, -0.08350, -0.1044
6.340, -0.08300, -0.1174
6.350, -0.08250, -0.1140
6.360, -0.08200, -0.1309
6.370, -0.08150, -0.1754
6.380, -0.08100, -0.1250
6.390, -0.08050, -0.1296
6.400, -0.08000, -0.1561
6.410, -0.07950, -0.1456
6.420, -0.07900, -0.1673
6.430, -0.07850, -0.1251
6.440, -0.07800, -0.1094
6.450, -0.07750, -0.1688
6.460, -0.07700, -0.1248
6.470, -0.07650, -0.1408
6.480, -0.07600, -0.1476
6.490, -0.07550, -0.1476
6.500, -0.07500, -0.1426
6.510, -0.07450, -0.1505
6.520, -0.07400, -0.1369
6.530, -0.07350, -0.1501
6.540, -0.07300, -0.1628
6.550, -0.07250, -0.1287
6.560, -0.07200, -0.1322
6.570, -0.07150, -0.1307
6.580, -0.07100, -0.1066
6.590, -0.07050, -0.1090
6.600, -0.07000, -0.1083
6.610, -0.06950, -0.08446
6.620, -0.06900, -0.08091
6.630, -0.06850, -0.05559
6.640, -0.06800, -0.09420
6.650, -0.06750, -0.08797
6.660, -0.06700, -0.06544
6.670, -0.06650, -0.08173
6.680, -0.06600, -0.09032
6.690, -0.06550, -0.05411
6.700, -0.06500, -0.08817
6.710, -0.06450, -0.07296
6.720, -0.06400, -0.09557
6.730, -0.06350, -0.06517
6.740, -0.06300, -0.09471
6.750, -0.06250, -0.1171
6.760, -0.06200, -0.1380
6.770, -0.06150, -0.1308
6.780, -0.06100, -0.1061
6.790, -0.06050, -0.1028
6.800, -0.06000, -0.1296
6.810, -0.05950, -0.08872
6.820, -0.05900, -0.1055
6.830, -0.05850, -0.1244
6.840, -0.05800, -0.1192
6.850, -0.05750, -0.1176
6.860, -0.05700, -0.1341
6.870, -0.05650, -0.1180
6.880, -0.05600, -0.1243
6.890, -0.05550, -0.1295
6.900, -0.05500, -0.1533
6.910, -0.05450, -0.08143
6.920, -0.05400, -0.1096
6.930, -0.05350, -0.1531
6.940, -0.05300, -0.1027
6.950, -0.05250, -0.1741
6.960, -0.05200, -0.1332
6.970, -0.05150, -0.1008
6.980, -0.05100, -0.08750
6.990, -0.05050, -0.1128
7.000, -0.05000, -0.1088
7.010, -0.04950, -0.09376
7.020, -0.04900, -0.07242
7.030, -0.04850, -0.07418
7.040, -0.04800, -0.07795
7.050, -0.04750, -0.03780
7.060, -0.04700, -0.06781
7.070, -0.04650, -0.08547
7.080, -0.04600, -0.08794
7.090, -0.04550, -0.05607
7.100, -0.04500, -0.05492
7.110, -0.04450, -0.05874
7.120, -0.04400, -0.07328
7.130, -0.04350, -0.08736
7.140, -0.04300, -0.08503
7.150, -0.04250, -0.06404
7.160, -0.04200, -0.06299
7.170, -0.04150, -0.07673
7.180, -0.04100, -0.09671
7.190, -0.04050, -0.05515
7.200, -0.04000, -0.1164
7.210, -0.03950, -0.08247
7.220, -0.03900, -0.07735
7.230, -0.03850, -0.09438
7.240, -0.03800, -0.1059
7.250, -0.03750, -0.07698
7.260, -0.03700, -0.1192
7.270, -0.03650, -0.09373
7.280, -0.03600, -0.1168
7.290, -0.03550, -0.1318
7.300, -0.03500, -0.1064
7.310, -0.03450, -0.07120
7.320, -0.03400, -0.09363
7.330, -0.03350, -0.1219
7.340, -0.03300, -0.1212
7.350, -0.03250, -0.1233
7.360, -0.03200, -0.1060
7.370, -0.03150, -0.07389
7.380, -0.03100, -0.08890
7.390, -0.03050, -0.1064
7.400, -0.03000, -0.08652
7.410, -0.02950, -0.07968
7.420, -0.02900, -0.06650
7.430, -0.02850, -0.05884
7.440, -0.02800, -0.05091
7.450, -0.02750, -0.01731
7.460, -0.02700, -0.03029
7.470, -0.02650, -0.03804
7.480, -0.02600, -0.04205
7.490, -0.02550, -0.01663
7.500, -0.02500, 0.004879
7.510, -0.02450, -0.003794
7.520, -0.02400, -0.003400
7.530, -0.02350, -0.002141
7.540, -0.02300, -0.01626
7.550, -0.02250, -0.02835
7.560, -0.02200, -0.06257
7.570, -0.02150, -0.02635
7.580, -0.02100, -0.05797
7.590, -0.02050, -0.03998
7.600, -0.02000, -0.02001
7.610, -0.01950, -0.03972
7.620, -0.01900, -0.04238
7.630, -0.01850, -0.02043
7.640, -0.01800, -0.03509
7.650, -0.01750, -0.05251
7.660, -0.01700, -0.05225
7.670, -0.01650, -0.05340
7.680, -0.01600, -0.04866
7.690, -0.01550, -0.05177
7.700, -0.01500, -0.04135
7.710, -0.01450, -0.06678
7.720, -0.01400, -0.01641
7.730, -0.01350, -0.01550
7.740, -0.01300, -0.04072
7.750, -0.01250, -0.05760
7.760, -0.01200, -0.04632
7.770, -0.01150, -0.06747
7.780, -0.01100, -0.02499
7.790, -0.01050, -0.02968
7.800, -0.01000, -0.04741
7.810, -0.009500, -0.05697
7.820, -0.009000, -0.03996
7.830, -0.008500, -0.002427
7.840, -0.008000, 0.01065
7.850, -0.007500, 0.02974
7.860, -0.007000, -0.002586
7.870, -0.006500, -0.007177
7.880, -0.006000, 0.06361
7.890, -0.005500, 0.04398
7.900, -0.005000, 0.03933
7.910, -0.004500, 0.04469
7.920, -0.004000, 0.01923
7.930, -0.003500, 0.02523
7.940, -0.003000, 0.03724
7.950, -0.002500, 0.05914
7.960, -0.002000, 0.04493
7.970, -0.001500, 0.07678
7.980, -0.001000, 0.08252
7.990, -0.0005000, 0.08010
8.000, 0.000, 0.02759
8.010, 0.0005000, -0.0009390
8.020, 0.001000, 0.003898
8.030, 0.001500, 0.01472
8.040, 0.002000, 0.01142
8.050, 0.002500, 0.04154
8.060, 0.003000, 0.02289
8.070, 0.003500, 0.03798
8.080, 0.004000, 0.04329
8.090, 0.004500, 0.03074
8.100, 0.005000, 0.06122
8.110, 0.005500, 0.04862
8.120, 0.006000, 0.03093
8.130, 0.006500, 0.04284
8.140, 0.007000, 0.02305
8.150, 0.007500, 0.06141
8.160, 0.008000, 0.06719
8.170, 0.008500, 0.03800
8.180, 0.009000, 0.03647
8.190, 0.009500, 0.04627
8.200, 0.01000, 0.04969
8.210, 0.01050, 0.06286
8.220, 0.01100, 0.04607
8.230, 0.01150, 0.07803
8.240, 0.01200, 0.06459
8.250, 0.01250, 0.09231
8.260, 0.01300, 0.1365
8.270, 0.01350, 0.09044
8.280, 0.01400, 0.1417
8.290, 0.01450, 0.1249
8.300, 0.01500, 0.1466
8.310, 0.01550, 0.1694
8.320, 0.01600, 0.1749
8.330, 0.01650, 0.1602
8.340, 0.01700, 0.1578
8.350, 0.01750, 0.1813
8.360, 0.01800, 0.1757
8.370, 0.01850, 0.1522
8.380, 0.01900, 0.1429
8.390, 0.01950, 0.1482
8.400, 0.02000, 0.1726
8.410, 0.02050, 0.1716
8.420, 0.02100, 0.1733
8.430, 0.02150, 0.1877
8.440, 0.02200, 0.1752
8.450, 0.02250, 0.1562
8.460, 0.02300, 0.1559
8.470, 0.02350, 0.1635
8.480, 0.02400, 0.1807
8.490, 0.02450, 0.2003
8.500, 0.02500, 0.1794
8.510, 0.02550, 0.1880
8.520, 0.02600, 0.1883
8.530, 0.02650, 0.1718
8.540, 0.02700, 0.2008
8.550, 0.02750, 0.1701
8.560, 0.02800, 0.1909
8.570, 0.02850, 0.2219
8.580, 0.02900, 0.2035
8.590, 0.02950, 0.1919
8.600, 0.03000, 0.1968
8.610, 0.03050, 0.1902
8.620, 0.03100, 0.2198
8.630, 0.03150, 0.2003
8.640, 0.03200, 0.1896
8.650, 0.03250, 0.2523
8.660, 0.03300, 0.2271
8.670, 0.03350, 0.2342
8.680, 0.03400, 0.2761
8.690, 0.03450, 0.2950
8.700, 0.03500, 0.3053
8.710, 0.03550, 0.2855
8.720, 0.03600, 0.3366
8.730, 0.03650, 0.3080
8.740, 0.03700, 0.3363
8.750, 0.03750, 0.3308
8.760, 0.03800, 0.3456
8.770, 0.03850, 0.3330
8.780, 0.03900, 0.3474
8.790, 0.03950, 0.3169
8.800, 0.04000, 0.3653
8.810, 0.04050, 0.3434
8.820, 0.04100, 0.3524
8.830, 0.04150, 0.3710
8.840, 0.04200, 0.3706
8.850, 0.04250, 0.3551
8.860, 0.04300, 0.3434
8.870, 0.04350, 0.3714
8.880, 0.04400, 0.3438
8.890, 0.04450, 0.3430
8.900, 0.04500, 0.3637
8.910, 0.04550, 0.3657
8.920, 0.04600, 0.3687
8.930, 0.04650, 0.3825
8.940, 0.04700, 0.3546
8.950, 0.04750, 0.4154
8.960, 0.04800, 0.3882
8.970, 0.04850, 0.3748
8.980, 0.04900, 0.4192
8.990, 0.04950, 0.3959
9.000, 0.05000, 0.4028
9.010, 0.05050, 0.3970
9.020, 0.05100, 0.3749
9.030, 0.05150, 0.4078
9.040, 0.05200, 0.4495
9.050, 0.05250, 0.4162
9.060, 0.05300, 0.4437
9.070, 0.05350, 0.4446
9.080, 0.05400, 0.4579
9.090, 0.05450, 0.4703
9.100, 0.05500, 0.5763
9.110, 0.05550, 0.4925
9.120, 0.05600, 0.5338
9.130, 0.05650, 0.5497
9.140, 0.05700, 0.5637
9.150, 0.05750, 0.5610
9.160, 0.05800, 0.5434
9.170, 0.05850, 0.5802
9.180, 0.05900, 0.5827
9.190, 0.05950, 0.5736
9.200, 0.06000, 0.5540
9.210, 0.06050, 0.5672
9.220, 0.06100, 0.6179
9.230, 0.06150, 0.6267
9.240, 0.06200, 0.6034
9.250, 0.06250, 0.5717
9.260, 0.06300, 0.6165
9.270, 0.06350, 0.6077
9.280, 0.06400, 0.6185
9.290, 0.06450, 0.5971
9.300, 0.06500, 0.5959
9.310, 0.06550, 0.6118
9.320, 0.06600, 0.6028
9.330, 0.06650, 0.5997
9.340, 0.06700, 0.6590
9.350, 0.06750, 0.6698
9.360, 0.06800, 0.6432
9.370, 0.06850, 0.6595
9.380, 0.06900, 0.6411
9.390, 0.06950, 0.6549
9.400, 0.07000, 0.6813
9.410, 0.07050, 0.6577
9.420, 0.07100, 0.6614
9.430, 0.07150, 0.6962
9.440, 0.07200, 0.6806
9.450, 0.07250, 0.7062
9.460, 0.07300, 0.6871
9.470, 0.07350, 0.7235
9.480, 0.07400, 0.7210
9.490, 0.07450, 0.7057
9.500, 0.07500, 0.7410
9.510, 0.07550, 0.7775
9.520, 0.07600, 0.8052
9.530, 0.07650, 0.8041
9.540, 0.07700, 0.8181
9.550, 0.07750, 0.8363
9.560, 0.07800, 0.8635
9.570, 0.07850, 0.8657
9.580, 0.07900, 0.8798
9.590, 0.07950, 0.8912
9.600, 0.08000, 0.8983
9.610, 0.08050, 0.9177
9.620, 0.08100, 0.9186
9.630, 0.08150, 0.9015
9.640, 0.08200, 0.9578
9.650, 0.08250, 0.9035
9.660, 0.08300, 0.9250
9.670, 0.08350, 0.9431
9.680, 0.08400, 0.9262
9.690, 0.08450, 0.9646
9.700, 0.08500, 0.9512
9.710, 0.08550, 0.9744
9.720, 0.08600, 0.9893
9.730, 0.08650, 0.9610
9.740, 0.08700, 0.9923
9.750, 0.08750, 1.015
9.760, 0.08800, 1.018
9.770, 0.08850, 0.9906
9.780, 0.08900, 1.041
9.790, 0.08950, 1.013
9.800, 0.09000, 1.031
9.810, 0.09050, 1.061
9.820, 0.09100, 1.057
9.830, 0.09150, 1.113
9.840, 0.09200, 1.072
9.850, 0.09250, 1.078
9.860, 0.09300, 1.105
9.870, 0.09350, 1.097
9.880, 0.09400, 1.133
9.890, 0.09450, 1.138
9.900, 0.09500, 1.154
9.910, 0.09550, 1.158
9.920, 0.09600, 1.192
9.930, 0.09650, 1.216
9.940, 0.09700, 1.225
9.950, 0.09750, 1.273
9.960, 0.09800, 1.273
9.970, 0.09850, 1.323
9.980, 0.09900, 1.310
9.990, 0.09950, 1.331
10.00, 0.1000, 1.330
10.01, 0.1005, 1.330
10.02, 0.1010, 1.353
10.03, 0.1015, 1.386
10.04, 0.1020, 1.380
10.05, 0.1025, 1.378
10.06, 0.1030, 1.414
10.07, 0.1035, 1.393
10.08, 0.1040, 1.410
10.09, 0.1045, 1.407
10.10, 0.1050, 1.440
10.11, 0.1055, 1.436
10.12, 0.1060, 1.407
10.13, 0.1065, 1.479
10.14, 0.1070, 1.496
10.15, 0.1075, 1.480
10.16, 0.1080, 1.530
10.17, 0.1085, 1.508
10.18, 0.1090, 1.540
10.19, 0.1095, 1.542
10.20, 0.1100, 1.528
10.21, 0.1105, 1.574
10.22, 0.1110, 1.606
10.23, 0.1115, 1.599
10.24, 0.1120, 1.621
10.25, 0.1125, 1.617
10.26, 0.1130, 1.645
10.27, 0.1135, 1.638
10.28, 0.1140, 1.659
10.29, 0.1145, 1.657
10.30, 0.1150, 1.646
10.31, 0.1155, 1.718
10.32, 0.1160, 1.726
10.33, 0.1165, 1.721
10.34, 0.1170, 1.762
10.35, 0.1175, 1.774
10.36, 0.1180, 1.794
10.37, 0.1185, 1.873
10.38, 0.1190, 1.867
10.39, 0.1195, 1.854
10.40, 0.1200, 1.884
10.41, 0.1205, 1.942
10.42, 0.1210, 1.945
10.43, 0.1215, 1.994
10.44, 0.1220, 1.991
10.45, 0.1225, 1.955
10.46, 0.1230, 1.978
10.47, 0.1235, 2.025
10.48, 0.1240, 2.045
10.49, 0.1245, 2.025
10.50, 0.1250, 2.036
10.51, 0.1255, 2.045
10.52, 0.1260, 2.054
10.53, 0.1265, 2.106
10.54, 0.1270, 2.105
10.55, 0.1275, 2.151
10.56, 0.1280, 2.123
10.57, 0.1285, 2.152
10.58, 0.1290, 2.159
10.59, 0.1295, 2.205
10.60, 0.1300, 2.216
10.61, 0.1305, 2.227
10.62, 0.1310, 2.234
10.63, 0.1315, 2.254
10.64, 0.1320, 2.239
10.65, 0.1325, 2.258
10.66, 0.1330, 2.269
10.67, 0.1335, 2.283
10.68, 0.1340, 2.314
10.69, 0.1345, 2.325
10.70, 0.1350, 2.324
10.71, 0.1355, 2.352
10.72, 0.1360, 2.342
10.73, 0.1365, 2.356
10.74, 0.1370, 2.379
10.75, 0.1375, 2.428
10.76, 0.1380, 2.433
10.77, 0.1385, 2.481
10.78, 0.1390, 2.489
10.79, 0.1395, 2.524
10.80, 0.1400, 2.547
10.81, 0.1405, 2.589
10.82, 0.1410, 2.602
10.83, 0.1415, 2.624
10.84, 0.1420, 2.624
10.85, 0.1425, 2.654
10.86, 0.1430, 2.690
10.87, 0.1435, 2.685
10.88, 0.1440, 2.690
10.89, 0.1445, 2.711
10.90, 0.1450, 2.710
10.91, 0.1455, 2.719
10.92, 0.1460, 2.713
10.93, 0.1465, 2.783
10.94, 0.1470, 2.780
10.95, 0.1475, 2.784
10.96, 0.1480, 2.804
10.97, 0.1485, 2.787
10.98, 0.1490, 2.794
10.99, 0.1495, 2.847
11.00, 0.1500, 2.820
11.01, 0.1505, 2.889
11.02, 0.1510, 2.877
11.03, 0.1515, 2.903
11.04, 0.1520, 2.883
11.05, 0.1525, 2.907
11.06, 0.1530, 2.948
11.07, 0.1535, 2.939
11.08, 0.1540, 2.978
11.09, 0.1545, 2.944
11.10, 0.1550, 3.000
11.11, 0.1555, 2.994
11.12, 0.1560, 3.026
11.13, 0.1565, 3.021
11.14, 0.1570, 3.040
11.15, 0.1575, 3.032
11.16, 0.1580, 3.065
11.17, 0.1585, 3.094
11.18, 0.1590, 3.079
11.19, 0.1595, 3.111
11.20, 0.1600, 3.175
11.21, 0.1605, 3.198
11.22, 0.1610, 3.232
11.23, 0.1615, 3.260
11.24, 0.1620, 3.279
11.25, 0.1625, 3.293
11.26, 0.1630, 3.284
11.27, 0.1635, 3.322
11.28, 0.1640, 3.373
11.29, 0.1645, 3.339
11.30, 0.1650, 3.377
11.31, 0.1655, 3.377
11.32, 0.1660, 3.403
11.33, 0.1665, 3.376
11.34, 0.1670, 3.409
11.35, 0.1675, 3.432
11.36, 0.1680, 3.417
11.37, 0.1685, 3.426
11.38, 0.1690, 3.472
11.39, 0.1695, 3.478
11.40, 0.1700, 3.493
11.41, 0.1705, 3.488
11.42, 0.1710, 3.529
11.43, 0.1715, 3.554
11.44, 0.1720, 3.533
11.45, 0.1725, 3.573
11.46, 0.1730, 3.565
11.47, 0.1735, 3.595
11.48, 0.1740, 3.606
11.49, 0.1745, 3.650
11.50, 0.1750, 3.632
11.51, 0.1755, 3.647
11.52, 0.1760, 3.648
11.53, 0.1765, 3.665
11.54, 0.1770, 3.698
11.55, 0.1775, 3.710
11.56, 0.1780, 3.699
11.57, 0.1785, 3.741
11.58, 0.1790, 3.753
11.59, 0.1795, 3.758
11.60, 0.1800, 3.804
11.61, 0.1805, 3.854
11.62, 0.1810, 3.874
11.63, 0.1815, 3.888
11.64, 0.1820, 3.906
11.65, 0.1825, 3.940
11.66, 0.1830, 3.984
11.67, 0.1835, 3.968
11.68, 0.1840, 4.035
11.69, 0.1845, 4.025
11.70, 0.1850, 4.024
11.71, 0.1855, 4.080
11.72, 0.1860, 4.082
11.73, 0.1865, 4.088
11.74, 0.1870, 4.107
11.75, 0.1875, 4.118
11.76, 0.1880, 4.139
11.77, 0.1885, 4.135
11.78, 0.1890, 4.158
11.79, 0.1895, 4.193
11.80, 0.1900, 4.233
11.81, 0.1905, 4.241
11.82, 0.1910, 4.223
11.83, 0.1915, 4.285
11.84, 0.1920, 4.288
11.85, 0.1925, 4.271
11.86, 0.1930, 4.305
11.87, 0.1935, 4.346
11.88, 0.1940, 4.345
11.89, 0.1945, 4.391
11.90, 0.1950, 4.408
11.91, 0.1955, 4.419
11.92, 0.1960, 4.435
11.93, 0.1965, 4.444
11.94, 0.1970, 4.453
11.95, 0.1975, 4.494
11.96, 0.1980, 4.532
11.97, 0.1985, 4.527
11.98, 0.1990, 4.553
11.99, 0.1995, 4.568
12.00, 0.2000, 4.599
12.01, 0.2005, 4.610
12.02, 0.2010, 4.680
12.03, 0.2015, 4.658
12.04, 0.2020, 4.697
12.05, 0.2025, 4.718
12.06, 0.2030, 4.777
12.07, 0.2035, 4.805
12.08, 0.2040, 4.850
12.09, 0.2045, 4.875
12.10, 0.2050, 4.890
12.11, 0.2055, 4.902
12.12, 0.2060, 4.963
12.13, 0.2065, 4.953
12.14, 0.2070, 4.956
12.15, 0.2075, 5.003
12.16, 0.2080, 5.048
12.17, 0.2085, 5.026
12.18, 0.2090, 5.067
12.19, 0.2095, 5.067
12.20, 0.2100, 5.090
12.21, 0.2105, 5.126
12.22, 0.2110, 5.175
12.23, 0.2115, 5.185
12.24, 0.2120, 5.169
12.25, 0.2125, 5.217
12.26, 0.2130, 5.227
12.27, 0.2135, 5.248
12.28, 0.2140, 5.279
12.29, 0.2145, 5.274
12.30, 0.2150, 5.312
12.31, 0.2155, 5.293
12.32, 0.2160, 5.357
12.33, 0.2165, 5.360
12.34, 0.2170, 5.412
12.35, 0.2175, 5.415
12.36, 0.2180, 5.432
12.37, 0.2185, 5.449
12.38, 0.2190, 5.476
12.39, 0.2195, 5.496
12.40, 0.2200, 5.528
12.41, 0.2205, 5.529
12.42, 0.2210, 5.582
12.43, 0.2215, 5.606
12.44, 0.2220, 5.592
12.45, 0.2225, 5.662
12.46, 0.2230, 5.681
12.47, 0.2235, 5.679
12.48, 0.2240, 5.751
12.49, 0.2245, 5.761
12.50, 0.2250, 5.784
12.51, 0.2255, 5.815
12.52, 0.2260, 5.854
12.53, 0.2265, 5.888
12.54, 0.2270, 5.897
12.55, 0.2275, 5.903
12.56, 0.2280, 5.936
12.57, 0.2285, 5.955
12.58, 0.2290, 5.967
12.59, 0.2295, 5.980
12.60, 0.2300, 6.004
12.61, 0.2305, 6.014
12.62, 0.2310, 6.026
12.63, 0.2315, 6.045
12.64, 0.2320, 6.076
12.65, 0.2325, 6.066
12.66, 0.2330, 6.095
12.67, 0.2335, 6.132
12.68, 0.2340, 6.118
12.69, 0.2345, 6.191
12.70, 0.2350, 6.155
12.71, 0.2355, 6.196
12.72, 0.2360, 6.229
12.73, 0.2365, 6.245
12.74, 0.2370, 6.249
12.75, 0.2375, 6.277
12.76, 0.2380, 6.266
12.77, 0.2385, 6.314
12.78, 0.2390, 6.320
12.79, 0.2395, 6.311
12.80, 0.2400, 6.346
12.81, 0.2405, 6.344
12.82, 0.2410, 6.380
12.83, 0.2415, 6.406
12.84, 0.2420, 6.377
12.85, 0.2425, 6.409
12.86, 0.2430, 6.451
12.87, 0.2435, 6.466
12.88, 0.2440, 6.467
12.89, 0.2445, 6.530
12.90, 0.2450, 6.519
12.91, 0.2455, 6.563
12.92, 0.2460, 6.605
12.93, 0.2465, 6.602
12.94, 0.2470, 6.654
12.95, 0.2475, 6.677
12.96, 0.2480, 6.665
12.97, 0.2485, 6.647
12.98, 0.2490, 6.654
12.99, 0.2495, 6.700
13.00, 0.2500, 6.702
13.01, 0.2505, 6.724
13.02, 0.2510, 6.732
13.03, 0.2515, 6.754
13.04, 0.2520, 6.754
13.05, 0.2525, 6.761
13.06, 0.2530, 6.742
13.07, 0.2535, 6.784
13.08, 0.2540, 6.775
13.09, 0.2545, 6.787
13.10, 0.2550, 6.796
13.11, 0.2555, 6.807
13.12, 0.2560, 6.802
13.13, 0.2565, 6.845
13.14, 0.2570, 6.852
13.15, 0.2575, 6.842
13.16, 0.2580, 6.894
13.17, 0.2585, 6.861
13.18, 0.2590, 6.869
13.19, 0.2595, 6.875
13.20, 0.2600, 6.899
13.21, 0.2605, 6.902
13.22, 0.2610, 6.912
13.23, 0.2615, 6.902
13.24, 0.2620, 6.902
13.25, 0.2625, 6.899
13.26, 0.2630, 6.890
13.27, 0.2635, 6.923
13.28, 0.2640, 6.964
13.29, 0.2645, 6.960
13.30, 0.2650, 6.956
13.31, 0.2655, 6.971
13.32, 0.2660, 7.009
13.33, 0.2665, 7.012
13.34, 0.2670, 7.017
13.35, 0.2675, 7.054
13.36, 0.2680, 7.051
13.37, 0.2685, 7.063
13.38, 0.2690, 7.095
13.39, 0.2695, 7.054
13.40, 0.2700, 7.094
13.41, 0.2705, 7.077
13.42, 0.2710, 7.072
13.43, 0.2715, 7.089
13.44, 0.2720, 7.072
13.45, 0.2725, 7.066
13.46, 0.2730, 7.051
13.47, 0.2735, 7.090
13.48, 0.2740, 7.086
13.49, 0.2745, 7.074
13.50, 0.2750, 7.066
13.51, 0.2755, 7.062
13.52, 0.2760, 7.047
13.53, 0.2765, 7.060
13.54, 0.2770, 7.047
13.55, 0.2775, 7.067
13.56, 0.2780, 7.081
13.57, 0.2785, 7.054
13.58, 0.2790, 7.032
13.59, 0.2795, 7.047
13.60, 0.2800, 7.053
13.61, 0.2805, 7.043
13.62, 0.2810, 7.034
13.63, 0.2815, 7.054
13.64, 0.2820, 7.039
13.65, 0.2825, 7.031
13.66, 0.2830, 7.037
13.67, 0.2835, 7.027
13.68, 0.2840, 7.036
13.69, 0.2845, 7.018
13.70, 0.2850, 6.997
13.71, 0.2855, 7.021
13.72, 0.2860, 7.034
13.73, 0.2865, 7.016
13.74, 0.2870, 7.055
13.75, 0.2875, 7.079
13.76, 0.2880, 7.101
13.77, 0.2885, 7.055
13.78, 0.2890, 7.066
13.79, 0.2895, 7.065
13.80, 0.2900, 7.061
13.81, 0.2905, 7.034
13.82, 0.2910, 7.046
13.83, 0.2915, 7.053
13.84, 0.2920, 7.011
13.85, 0.2925, 7.018
13.86, 0.2930, 7.026
13.87, 0.2935, 6.990
13.88, 0.2940, 7.003
13.89, 0.2945, 6.984
13.90, 0.2950, 6.992
13.91, 0.2955, 6.966
13.92, 0.2960, 6.939
13.93, 0.2965, 6.935
13.94, 0.2970, 6.946
13.95, 0.2975, 6.941
13.96, 0.2980, 6.930
13.97, 0.2985, 6.914
13.98, 0.2990, 6.915
13.99, 0.2995, 6.896
14.00, 0.3000, 6.873
14.01, 0.3005, 6.914
14.02, 0.3010, 6.855
14.03, 0.3015, 6.856
14.04, 0.3020, 6.820
14.05, 0.3025, 6.817
14.06, 0.3030, 6.803
14.07, 0.3035, 6.793
14.08, 0.3040, 6.815
14.09, 0.3045, 6.816
14.10, 0.3050, 6.778
14.11, 0.3055, 6.761
14.12, 0.3060, 6.770
14.13, 0.3065, 6.768
14.14, 0.3070, 6.805
14.15, 0.3075, 6.778
14.16, 0.3080, 6.753
14.17, 0.3085, 6.777
14.18, 0.3090, 6.783
14.19, 0.3095, 6.761
14.20, 0.3100, 6.758
14.21, 0.3105, 6.781
14.22, 0.3110, 6.745
14.23, 0.3115, 6.731
14.24, 0.3120, 6.715
14.25, 0.3125, 6.711
14.26, 0.3130, 6.713
14.27, 0.3135, 6.702
14.28, 0.3140, 6.649
14.29, 0.3145, 6.674
14.30, 0.3150, 6.622
14.31, 0.3155, 6.635
14.32, 0.3160, 6.585
14.33, 0.3165, 6.558
14.34, 0.3170, 6.585
14.35, 0.3175, 6.595
14.36, 0.3180, 6.572
14.37, 0.3185, 6.554
14.38, 0.3190, 6.516
14.39, 0.3195, 6.534
14.40, 0.3200, 6.485
14.41, 0.3205, 6.485
14.42, 0.3210, 6.492
14.43, 0.3215, 6.486
14.44, 0.3220, 6.475
14.45, 0.3225, 6.437
14.46, 0.3230, 6.419
14.47, 0.3235, 6.425
14.48, 0.3240, 6.433
14.49, 0.3245, 6.399
14.50, 0.3250, 6.364
14.51, 0.3255, 6.379
14.52, 0.3260, 6.331
14.53, 0.3265, 6.332
14.54, 0.3270, 6.355
14.55, 0.3275, 6.352
14.56, 0.3280, 6.332
14.57, 0.3285, 6.350
14.58, 0.3290, 6.326
14.59, 0.3295, 6.316
14.60, 0.3300, 6.338
14.61, 0.3305, 6.330
14.62, 0.3310, 6.324
14.63, 0.3315, 6.312
14.64, 0.3320, 6.296
14.65, 0.3325, 6.285
14.66, 0.3330, 6.237
14.67, 0.3335, 6.261
14.68, 0.3340, 6.257
14.69, 0.3345, 6.221
14.70, 0.3350, 6.215
14.71, 0.3355, 6.223
14.72, 0.3360, 6.180
14.73, 0.3365, 6.145
14.74, 0.3370, 6.179
14.75, 0.3375, 6.171
14.76, 0.3380, 6.117
14.77, 0.3385, 6.111
14.78, 0.3390, 6.116
14.79, 0.3395, 6.086
14.80, 0.3400, 6.085
14.81, 0.3405, 6.084
14.82, 0.3410, 6.041
14.83, 0.3415, 6.047
14.84, 0.3420, 6.026
14.85, 0.3425, 6.016
14.86, 0.3430, 6.013
14.87, 0.3435, 6.007
14.88, 0.3440, 5.988
14.89, 0.3445, 5.941
14.90, 0.3450, 5.958
14.91, 0.3455, 5.933
14.92, 0.3460, 5.909
14.93, 0.3465, 5.915
14.94, 0.3470, 5.898
14.95, 0.3475, 5.901
14.96, 0.3480, 5.866
14.97, 0.3485, 5.859
14.98, 0.3490, 5.862
14.99, 0.3495, 5.851
15.00, 0.3500, 5.873
15.01, 0.3505, 5.900
15.02, 0.3510, 5.860
15.03, 0.3515, 5.864
15.04, 0.3520, 5.887
15.05, 0.3525, 5.846
15.06, 0.3530, 5.852
15.07, 0.3535, 5.824
15.08, 0.3540, 5.833
15.09, 0.3545, 5.785
15.10, 0.3550, 5.828
15.11, 0.3555, 5.779
15.12, 0.3560, 5.766
15.13, 0.3565, 5.758
15.14, 0.3570, 5.732
15.15, 0.3575, 5.729
15.16, 0.3580, 5.730
15.17, 0.3585, 5.682
15.18, 0.3590, 5.701
15.19, 0.3595, 5.662
15.20, 0.3600, 5.645
15.21, 0.3605, 5.648
15.22, 0.3610, 5.659
15.23, 0.3615, 5.666
15.24, 0.3620, 5.620
15.25, 0.3625, 5.618
15.26, 0.3630, 5.603
15.27, 0.3635, 5.569
15.28, 0.3640, 5.585
15.29, 0.3645, 5.573
15.30, 0.3650, 5.525
15.31, 0.3655, 5.563
15.32, 0.3660, 5.537
15.33, 0.3665, 5.495
15.34, 0.3670, 5.488
15.35, 0.3675, 5.517
15.36, 0.3680, 5.494
15.37, 0.3685, 5.480
15.38, 0.3690, 5.438
15.39, 0.3695, 5.404
15.40, 0.3700, 5.449
15.41, 0.3705, 5.441
15.42, 0.3710, 5.461
15.43, 0.3715, 5.506
15.44, 0.3720, 5.470
15.45, 0.3725, 5.458
15.46, 0.3730, 5.465
15.47, 0.3735, 5.481
15.48, 0.3740, 5.474
15.49, 0.3745, 5.489
15.50, 0.3750, 5.439
15.51, 0.3755, 5.400
15.52, 0.3760, 5.386
15.53, 0.3765, 5.424
15.54, 0.3770, 5.374
15.55, 0.3775, 5.386
15.56, 0.3780, 5.381
15.57, 0.3785, 5.367
15.58, 0.3790, 5.332
15.59, 0.3795, 5.334
15.60, 0.3800, 5.334
15.61, 0.3805, 5.318
15.62, 0.3810, 5.308
15.63, 0.3815, 5.275
15.64, 0.3820, 5.262
15.65, 0.3825, 5.237
15.66, 0.3830, 5.240
15.67, 0.3835, 5.259
15.68, 0.3840, 5.245
15.69, 0.3845, 5.220
15.70, 0.3850, 5.221
15.71, 0.3855, 5.180
15.72, 0.3860, 5.185
15.73, 0.3865, 5.211
15.74, 0.3870, 5.194
15.75, 0.3875, 5.202
15.76, 0.3880, 5.191
15.77, 0.3885, 5.150
15.78, 0.3890, 5.151
15.79, 0.3895, 5.150
15.80, 0.3900, 5.162
15.81, 0.3905, 5.154
15.82, 0.3910, 5.141
15.83, 0.3915, 5.149
15.84, 0.3920, 5.139
15.85, 0.3925, 5.158
15.86, 0.3930, 5.181
15.87, 0.3935, 5.160
15.88, 0.3940, 5.127
15.89, 0.3945, 5.163
15.90, 0.3950, 5.133
15.91, 0.3955, 5.151
15.92, 0.3960, 5.118
15.93, 0.3965, 5.108
15.94, 0.3970, 5.102
15.95, 0.3975, 5.120
15.96, 0.3980, 5.106
15.97, 0.3985, 5.071
15.98, 0.3990, 5.059
15.99, 0.3995, 5.035
16.00, 0.4000, 5.008
16.01, 0.3995, 4.896
16.02, 0.3990, 4.840
16.03, 0.3985, 4.815
16.04, 0.3980, 4.802
16.05, 0.3975, 4.799
16.06, 0.3970, 4.775
16.07, 0.3965, 4.743
16.08, 0.3960, 4.737
16.09, 0.3955, 4.724
16.10, 0.3950, 4.729
16.11, 0.3945, 4.668
16.12, 0.3940, 4.664
16.13, 0.3935, 4.649
16.14, 0.3930, 4.645
16.15, 0.3925, 4.633
16.16, 0.3920, 4.629
16.17, 0.3915, 4.593
16.18, 0.3910, 4.581
16.19, 0.3905, 4.572
16.20, 0.3900, 4.566
16.21, 0.3895, 4.557
16.22, 0.3890, 4.552
16.23, 0.3885, 4.519
16.24, 0.3880, 4.492
16.25, 0.3875, 4.475
16.26, 0.3870, 4.449
16.27, 0.3865, 4.449
16.28, 0.3860, 4.425
16.29, 0.3855, 4.418
16.30, 0.3850, 4.398
16.31, 0.3845, 4.345
16.32, 0.3840, 4.371
16.33, 0.3835, 4.337
16.34, 0.3830, 4.337
16.35, 0.3825, 4.335
16.36, 0.3820, 4.287
16.37, 0.3815, 4.305
16.38, 0.3810, 4.271
16.39, 0.3805, 4.306
16.40, 0.3800, 4.318
16.41, 0.3795, 4.254
16.42, 0.3790, 4.287
16.43, 0.3785, 4.269
16.44, 0.3780, 4.232
16.45, 0.3775, 4.234
16.46, 0.3770, 4.231
16.47, 0.3765, 4.205
16.48, 0.3760, 4.208
16.49, 0.3755, 4.230
16.50, 0.3750, 4.186
16.51, 0.3745, 4.185
16.52, 0.3740, 4.208
16.53, 0.3735, 4.192
16.54, 0.3730, 4.197
16.55, 0.3725, 4.199
16.56, 0.3720, 4.172
16.57, 0.3715, 4.162
16.58, 0.3710, 4.139
16.59, 0.3705, 4.139
16.60, 0.3700, 4.115
16.61, 0.3695, 4.167
16.62, 0.3690, 4.121
16.63, 0.3685, 4.123
16.64, 0.3680, 4.133
16.65, 0.3675, 4.087
16.66, 0.3670, 4.083
16.67, 0.3665, 4.071
16.68, 0.3660, 4.058
16.69, 0.3655, 4.031
16.70, 0.3650, 3.986
16.71, 0.3645, 3.974
16.72, 0.3640, 3.959
16.73, 0.3635, 4.003
16.74, 0.3630, 3.968
16.75, 0.3625, 3.961
16.76, 0.3620, 3.964
16.77, 0.3615, 3.955
16.78, 0.3610, 3.924
16.79, 0.3605, 3.924
16.80, 0.3600, 3.902
16.81, 0.3595, 3.902
16.82, 0.3590, 3.909
16.83, 0.3585, 3.915
16.84, 0.3580, 3.876
16.85, 0.3575, 3.902
16.86, 0.3570, 3.875
16.87, 0.3565, 3.901
16.88, 0.3560, 3.869
16.89, 0.3555, 3.915
16.90, 0.3550, 3.873
16.91, 0.3545, 3.880
16.92, 0.3540, 3.871
16.93, 0.3535, 3.886
16.94, 0.3530, 3.848
16.95, 0.3525, 3.868
16.96, 0.3520, 3.843
16.97, 0.3515, 3.836
16.98, 0.3510, 3.826
16.99, 0.3505, 3.825
17.00, 0.3500, 3.836
17.01, 0.3495, 3.827
17.02, 0.3490, 3.832
17.03, 0.3485, 3.776
17.04, 0.3480, 3.790
17.05, 0.3475, 3.774
17.06, 0.3470, 3.752
17.07, 0.3465, 3.760
17.08, 0.3460, 3.757
17.09, 0.3455, 3.746
17.10, 0.3450, 3.703
17.11, 0.3445, 3.690
17.12, 0.3440, 3.699
17.13, 0.3435, 3.677
17.14, 0.3430, 3.669
17.15, 0.3425, 3.651
17.16, 0.3420, 3.688
17.17, 0.3415, 3.662
17.18, 0.3410, 3.630
17.19, 0.3405, 3.643
17.20, 0.3400, 3.654
17.21, 0.3395, 3.629
17.22, 0.3390, 3.608
17.23, 0.3385, 3.631
17.24, 0.3380, 3.633
17.25, 0.3375, 3.600
17.26, 0.3370, 3.606
17.27, 0.3365, 3.599
17.28, 0.3360, 3.590
17.29, 0.3355, 3.595
17.30, 0.3350, 3.609
17.31, 0.3345, 3.585
17.32, 0.3340, 3.561
17.33, 0.3335, 3.573
17.34, 0.3330, 3.609
17.35, 0.3325, 3.628
17.36, 0.3320, 3.586
17.37, 0.3315, 3.586
17.38, 0.3310, 3.569
17.39, 0.3305, 3.554
17.40, 0.3300, 3.535
17.41, 0.3295, 3.543
17.42, 0.3290, 3.544
17.43, 0.3285, 3.556
17.44, 0.3280, 3.518
17.45, 0.3275, 3.552
17.46, 0.3270, 3.508
17.47, 0.3265, 3.502
17.48, 0.3260, 3.546
17.49, 0.3255, 3.488
17.50, 0.3250, 3.465
17.51, 0.3245, 3.464
17.52, 0.3240, 3.446
17.53, 0.3235, 3.440
17.54, 0.3230, 3.419
17.55, 0.3225, 3.409
17.56, 0.3220, 3.413
17.57, 0.3215, 3.394
17.58, 0.3210, 3.403
17.59, 0.3205, 3.372
17.60, 0.3200, 3.401
17.61, 0.3195, 3.368
17.62, 0.3190, 3.369
17.63, 0.3185, 3.386
17.64, 0.3180, 3.371
17.65, 0.3175, 3.364
17.66, 0.3170, 3.342
17.67, 0.3165, 3.360
17.68, 0.3160, 3.344
17.69, 0.3155, 3.335
17.70, 0.3150, 3.361
17.71, 0.3145, 3.341
17.72, 0.3140, 3.320
17.73, 0.3135, 3.358
17.74, 0.3130, 3.332
17.75, 0.3125, 3.327
17.76, 0.3120, 3.308
17.77, 0.3115, 3.299
17.78, 0.3110, 3.318
17.79, 0.3105, 3.290
17.80, 0.3100, 3.333
17.81, 0.3095, 3.293
17.82, 0.3090, 3.310
17.83, 0.3085, 3.288
17.84, 0.3080, 3.298
17.85, 0.3075, 3.285
17.86, 0.3070, 3.286
17.87, 0.3065, 3.280
17.88, 0.3060, 3.239
17.89, 0.3055, 3.270
17.90, 0.3050, 3.247
17.91, 0.3045, 3.236
17.92, 0.3040, 3.227
17.93, 0.3035, 3.212
17.94, 0.3030, 3.194
17.95, 0.3025, 3.189
17.96, 0.3020, 3.202
17.97, 0.3015, 3.144
17.98, 0.3010, 3.167
17.99, 0.3005, 3.131
18.00, 0.3000, 3.152
18.01, 0.2995, 3.119
18.02, 0.2990, 3.133
18.03, 0.2985, 3.102
18.04, 0.2980, 3.137
18.05, 0.2975, 3.101
18.06, 0.2970, 3.110
18.07, 0.2965, 3.107
18.08, 0.2960, 3.117
18.09, 0.2955, 3.114
18.10, 0.2950, 3.114
18.11, 0.2945, 3.068
18.12, 0.2940, 3.114
18.13, 0.2935, 3.065
18.14, 0.2930, 3.084
18.15, 0.2925, 3.078
18.16, 0.2920, 3.090
18.17, 0.2915, 3.076
18.18, 0.2910, 3.083
18.19, 0.2905, 3.084
18.20, 0.2900, 3.074
18.21, 0.2895, 3.086
18.22, 0.2890, 3.079
18.23, 0.2885, 3.040
18.24, 0.2880, 3.044
18.25, 0.2875, 3.038
18.26, 0.2870, 3.053
18.27, 0.2865, 3.057
18.28, 0.2860, 3.056
18.29, 0.2855, 3.028
18.30, 0.2850, 3.053
18.31, 0.2845, 3.022
18.32, 0.2840, 3.017
18.33, 0.2835, 2.998
18.34, 0.2830, 3.009
18.35, 0.2825, 2.971
18.36, 0.2820, 2.951
18.37, 0.2815, 2.940
18.38, 0.2810, 2.934
18.39, 0.2805, 2.892
18.40, 0.2800, 2.894
18.41, 0.2795, 2.929
18.42, 0.2790, 2.869
18.43, 0.2785, 2.875
18.44, 0.2780, 2.907
18.45, 0.2775, 2.876
18.46, 0.2770, 2.857
18.47, 0.2765, 2.889
18.48, 0.2760, 2.846
18.49, 0.2755, 2.872
18.50, 0.2750, 2.832
18.51, 0.2745, 2.828
18.52, 0.2740, 2.844
18.53, 0.2735, 2.845
18.54, 0.2730, 2.823
18.55, 0.2725, 2.859
18.56, 0.2720, 2.851
18.57, 0.2715, 2.846
18.58, 0.2710, 2.834
18.59, 0.2705, 2.801
18.60, 0.2700, 2.839
18.61, 0.2695, 2.837
18.62, 0.2690, 2.799
18.63, 0.2685, 2.819
18.64, 0.2680, 2.832
18.65, 0.2675, 2.811
18.66, 0.2670, 2.800
18.67, 0.2665, 2.813
18.68, 0.2660, 2.797
18.69, 0.2655, 2.766
18.70, 0.2650, 2.802
18.71, 0.2645, 2.805
18.72, 0.2640, 2.762
18.73, 0.2635, 2.795
18.74, 0.2630, 2.738
18.75, 0.2625, 2.790
18.76, 0.2620, 2.754
18.77, 0.2615, 2.744
18.78, 0.2610, 2.693
18.79, 0.2605, 2.665
18.80, 0.2600, 2.676
18.81, 0.2595, 2.679
18.82, 0.2590, 2.663
18.83, 0.2585, 2.639
18.84, 0.2580, 2.657
18.85, 0.2575, 2.630
18.86, 0.2570, 2.634
18.87, 0.2565, 2.638
18.88, 0.2560, 2.637
18.89, 0.2555, 2.599
18.90, 0.2550, 2.618
18.91, 0.2545, 2.592
18.92, 0.2540, 2.617
18.93, 0.2535, 2.613
18.94, 0.2530, 2.596
18.95, 0.2525, 2.614
18.96, 0.2520, 2.595
18.97, 0.2515, 2.558
18.98, 0.2510, 2.599
18.99, 0.2505, 2.571
19.00, 0.2500, 2.573
19.01, 0.2495, 2.574
19.02, 0.2490, 2.599
19.03, 0.2485, 2.562
19.04, 0.2480, 2.574
19.05, 0.2475, 2.542
19.06, 0.2470, 2.529
19.07, 0.2465, 2.544
19.08, 0.2460, 2.544
19.09, 0.2455, 2.525
19.10, 0.2450, 2.544
19.11, 0.2445, 2.543
19.12, 0.2440, 2.517
19.13, 0.2435, 2.505
19.14, 0.2430, 2.506
19.15, 0.2425, 2.532
19.16, 0.2420, 2.532
19.17, 0.2415, 2.500
19.18, 0.2410, 2.479
19.19, 0.2405, 2.466
19.20, 0.2400, 2.437
19.21, 0.2395, 2.444
19.22, 0.2390, 2.444
19.23, 0.2385, 2.415
19.24, 0.2380, 2.416
19.25, 0.2375, 2.403
19.26, 0.2370, 2.375
19.27, 0.2365, 2.369
19.28, 0.2360, 2.377
19.29, 0.2355, 2.343
19.30, 0.2350, 2.366
19.31, 0.2345, 2.344
19.32, 0.2340, 2.327
19.33, 0.2335, 2.352
19.34, 0.2330, 2.330
19.35, 0.2325, 2.327
19.36, 0.2320, 2.340
19.37, 0.2315, 2.348
19.38, 0.2310, 2.328
19.39, 0.2305, 2.346
19.40, 0.2300, 2.328
19.41, 0.2295, 2.287
19.42, 0.2290, 2.309
19.43, 0.2285, 2.303
19.44, 0.2280, 2.289
19.45, 0.2275, 2.297
19.46, 0.2270, 2.274
19.47, 0.2265, 2.286
19.48, 0.2260, 2.296
19.49, 0.2255, 2.288
19.50, 0.2250, 2.272
19.51, 0.2245, 2.250
19.52, 0.2240, 2.259
19.53, 0.2235, 2.250
19.54, 0.2230, 2.244
19.55, 0.2225, 2.237
19.56, 0.2220, 2.263
19.57, 0.2215, 2.256
19.58, 0.2210, 2.219
19.59, 0.2205, 2.221
19.60, 0.2200, 2.209
19.61, 0.2195, 2.181
19.62, 0.2190, 2.176
19.63, 0.2185, 2.141
19.64, 0.2180, 2.134
19.65, 0.2175, 2.135
19.66, 0.2170, 2.131
19.67, 0.2165, 2.079
19.68, 0.2160, 2.080
19.69, 0.2155, 2.071
19.70, 0.2150, 2.099
19.71, 0.2145, 2.097
19.72, 0.2140, 2.056
19.73, 0.2135, 2.081
19.74, 0.2130, 2.038
19.75, 0.2125, 2.084
19.76, 0.2120, 2.037
19.77, 0.2115, 2.029
19.78, 0.2110, 2.052
19.79, 0.2105, 2.064
19.80, 0.2100, 2.037
19.81, 0.2095, 2.025
19.82, 0.2090, 2.041
19.83, 0.2085, 2.002
19.84, 0.2080, 2.028
19.85, 0.2075, 2.030
19.86, 0.2070, 2.022
19.87, 0.2065, 2.030
19.88, 0.2060, 2.032
19.89, 0.2055, 2.023
19.90, 0.2050, 2.012
19.91, 0.2045, 1.995
19.92, 0.2040, 1.969
19.93, 0.2035, 1.971
19.94, 0.2030, 1.983
19.95, 0.2025, 1.978
19.96, 0.2020, 1.984
19.97, 0.2015, 1.930
19.98, 0.2010, 1.979
19.99, 0.2005, 1.914
20.00, 0.2000, 1.948
20.01, 0.1995, 1.909
20.02, 0.1990, 1.937
20.03, 0.1985, 1.898
20.04, 0.1980, 1.883
20.05, 0.1975, 1.844
20.06, 0.1970, 1.866
20.07, 0.1965, 1.846
20.08, 0.1960, 1.812
20.09, 0.1955, 1.841
20.10, 0.1950, 1.787
20.11, 0.1945, 1.808
20.12, 0.1940, 1.794
20.13, 0.1935, 1.774
20.14, 0.1930, 1.760
20.15, 0.1925, 1.749
20.16, 0.1920, 1.761
20.17, 0.1915, 1.751
20.18, 0.1910, 1.750
20.19, 0.1905, 1.747
20.20, 0.1900, 1.759
20.21, 0.1895, 1.744
20.22, 0.1890, 1.730
20.23, 0.1885, 1.724
20.24, 0.1880, 1.749
20.25, 0.1875, 1.716
20.26, 0.1870, 1.719
20.27, 0.1865, 1.714
20.28, 0.1860, 1.715
20.29, 0.1855, 1.721
20.30, 0.1850, 1.685
20.31, 0.1845, 1.727
20.32, 0.1840, 1.710
20.33, 0.1835, 1.697
20.34, 0.1830, 1.709
20.35, 0.1825, 1.679
20.36, 0.1820, 1.703
20.37, 0.1815, 1.660
20.38, 0.1810, 1.650
20.39, 0.1805, 1.644
20.40, 0.1800, 1.639
20.41, 0.1795, 1.651
20.42, 0.1790, 1.644
20.43, 0.1785, 1.626
20.44, 0.1780, 1.612
20.45, 0.1775, 1.592
20.46, 0.1770, 1.563
20.47, 0.1765, 1.561
20.48, 0.1760, 1.546
20.49, 0.1755, 1.539
20.50, 0.1750, 1.515
20.51, 0.1745, 1.521
20.52, 0.1740, 1.482
20.53, 0.1735, 1.474
20.54, 0.1730, 1.506
20.55, 0.1725, 1.479
20.56, 0.1720, 1.467
20.57, 0.1715, 1.466
20.58, 0.1710, 1.479
20.59, 0.1705, 1.442
20.60, 0.1700, 1.444
20.61, 0.1695, 1.425
20.62, 0.1690, 1.431
20.63, 0.1685, 1.446
20.64, 0.1680, 1.436
20.65, 0.1675, 1.436
20.66, 0.1670, 1.410
20.67, 0.1665, 1.407
20.68, 0.1660, 1.421
20.69, 0.1655, 1.422
20.70, 0.1650, 1.409
20.71, 0.1645, 1.421
20.72, 0.1640, 1.389
20.73, 0.1635, 1.381
20.74, 0.1630, 1.376
20.75, 0.1625, 1.404
20.76, 0.1620, 1.415
20.77, 0.1615, 1.374
20.78, 0.1610, 1.412
20.79, 0.1605, 1.366
20.80, 0.1600, 1.347
20.81, 0.1595, 1.367
20.82, 0.1590, 1.350
20.83, 0.1585, 1.360
20.84, 0.1580, 1.326
20.85, 0.1575, 1.341
20.86, 0.1570, 1.326
20.87, 0.1565, 1.303
20.88, 0.1560, 1.291
20.89, 0.1555, 1.260
20.90, 0.1550, 1.231
20.91, 0.1545, 1.232
20.92, 0.1540, 1.238
20.93, 0.1535, 1.216
20.94, 0.1530, 1.178
20.95, 0.1525, 1.188
20.96, 0.1520, 1.184
20.97, 0.1515, 1.202
20.98, 0.1510, 1.183
20.99, 0.1505, 1.148
21.00, 0.1500, 1.173
21.01, 0.1495, 1.181
21.02, 0.1490, 1.144
21.03, 0.1485, 1.173
21.04, 0.1480, 1.156
21.05, 0.1475, 1.148
21.06, 0.1470, 1.144
21.07, 0.1465, 1.127
21.08, 0.1460, 1.110
21.09, 0.1455, 1.134
21.10, 0.1450, 1.100
21.11, 0.1445, 1.150
21.12, 0.1440, 1.137
21.13, 0.1435, 1.104
21.14, 0.1430, 1.097
21.15, 0.1425, 1.101
21.16, 0.1420, 1.111
21.17, 0.1415, 1.099
21.18, 0.1410, 1.060
21.19, 0.1405, 1.077
21.20, 0.1400, 1.094
21.21, 0.1395, 1.067
21.22, 0.1390, 1.051
21.23, 0.1385, 1.039
21.24, 0.1380, 1.058
21.25, 0.1375, 1.054
21.26, 0.1370, 1.020
21.27, 0.1365, 1.028
21.28, 0.1360, 1.020
21.29, 0.1355, 0.9760
21.30, 0.1350, 0.9693
21.31, 0.1345, 0.9780
21.32, 0.1340, 0.9293
21.33, 0.1335, 0.9265
21.34, 0.1330, 0.9297
21.35, 0.1325, 0.9069
21.36, 0.1320, 0.9319
21.37, 0.1315, 0.9267
21.38, 0.1310, 0.9074
21.39, 0.1305, 0.9135
21.40, 0.1300, 0.8792
21.41, 0.1295, 0.8555
21.42, 0.1290, 0.8815
21.43, 0.1285, 0.8721
21.44, 0.1280, 0.8547
21.45, 0.1275, 0.8647
21.46, 0.1270, 0.8475
21.47, 0.1265, 0.8437
21.48, 0.1260, 0.8634
21.49, 0.1255, 0.8461
21.50, 0.1250, 0.8347
21.51, 0.1245, 0.8290
21.52, 0.1240, 0.8183
21.53, 0.1235, 0.8090
21.54, 0.1230, 0.8382
21.55, 0.1225, 0.8077
21.56, 0.1220, 0.8239
21.57, 0.1215, 0.8088
21.58, 0.1210, 0.8303
21.59, 0.1205, 0.8038
21.60, 0.1200, 0.8215
21.61, 0.1195, 0.7781
21.62, 0.1190, 0.7786
21.63, 0.1185, 0.7938
21.64, 0.1180, 0.7703
21.65, 0.1175, 0.7471
21.66, 0.1170, 0.7786
21.67, 0.1165, 0.7328
21.68, 0.1160, 0.7533
21.69, 0.1155, 0.7255
21.70, 0.1150, 0.7399
21.71, 0.1145, 0.7424
21.72, 0.1140, 0.6956
21.73, 0.1135, 0.6714
21.74, 0.1130, 0.6822
21.75, 0.1125, 0.6845
21.76, 0.1120, 0.6635
21.77, 0.1115, 0.6439
21.78, 0.1110, 0.6330
21.79, 0.1105, 0.6200
21.80, 0.1100, 0.6176
21.81, 0.1095, 0.6240
21.82, 0.1090, 0.6109
21.83, 0.1085, 0.6088
21.84, 0.1080, 0.6045
21.85, 0.1075, 0.6004
21.86, 0.1070, 0.5976
21.87, 0.1065, 0.5741
21.88, 0.1060, 0.5834
21.89, 0.1055, 0.6080
21.90, 0.1050, 0.5587
21.91, 0.1045, 0.5787
21.92, 0.1040, 0.5864
21.93, 0.1035, 0.5611
21.94, 0.1030, 0.5832
21.95, 0.1025, 0.5624
21.96, 0.1020, 0.5338
21.97, 0.1015, 0.5516
21.98, 0.1010, 0.5724
21.99, 0.1005, 0.5466
22.00, 0.1000, 0.5271
22.01, 0.09950, 0.5390
22.02, 0.09900, 0.5022
22.03, 0.09850, 0.5370
22.04, 0.09800, 0.5234
22.05, 0.09750, 0.5237
22.06, 0.09700, 0.5183
22.07, 0.09650, 0.4953
22.08, 0.09600, 0.4972
22.09, 0.09550, 0.4963
22.10, 0.09500, 0.5135
22.11, 0.09450, 0.5118
22.12, 0.09400, 0.4958
22.13, 0.09350, 0.4653
22.14, 0.09300, 0.4391
22.15, 0.09250, 0.4177
22.16, 0.09200, 0.4119
22.17, 0.09150, 0.4151
22.18, 0.09100, 0.4144
22.19, 0.09050, 0.3948
22.20, 0.09000, 0.3872
22.21, 0.08950, 0.3723
22.22, 0.08900, 0.3783
22.23, 0.08850, 0.3687
22.24, 0.08800, 0.3393
22.25, 0.08750, 0.3638
22.26, 0.08700, 0.3413
22.27, 0.08650, 0.3662
22.28, 0.08600, 0.3588
22.29, 0.08550, 0.3398
22.30, 0.08500, 0.3254
22.31, 0.08450, 0.3553
22.32, 0.08400, 0.3161
22.33, 0.08350, 0.3230
22.34, 0.08300, 0.3510
22.35, 0.08250, 0.3217
22.36, 0.08200, 0.3181
22.37, 0.08150, 0.3164
22.38, 0.08100, 0.3235
22.39, 0.08050, 0.3132
22.40, 0.08000, 0.3112
22.41, 0.07950, 0.2797
22.42, 0.07900, 0.2933
22.43, 0.07850, 0.3122
22.44, 0.07800, 0.2825
22.45, 0.07750, 0.3017
22.46, 0.07700, 0.3106
22.47, 0.07650, 0.2818
22.48, 0.07600, 0.2804
22.49, 0.07550, 0.2904
22.50, 0.07500, 0.2665
22.51, 0.07450, 0.2671
22.52, 0.07400, 0.2710
22.53, 0.07350, 0.2484
22.54, 0.07300, 0.2764
22.55, 0.07250, 0.2627
22.56, 0.07200, 0.2432
22.57, 0.07150, 0.1574
22.58, 0.07100, 0.1748
22.59, 0.07050, 0.1773
22.60, 0.07000, 0.1593
22.61, 0.06950, 0.1330
22.62, 0.06900, 0.1405
22.63, 0.06850, 0.1387
22.64, 0.06800, 0.1138
22.65, 0.06750, 0.1297
22.66, 0.06700, 0.1474
22.67, 0.06650, 0.1259
22.68, 0.06600, 0.1291
22.69, 0.06550, 0.1109
22.70, 0.06500, 0.09572
22.71, 0.06450, 0.1157
22.72, 0.06400, 0.1257
22.73, 0.06350, 0.1252
22.74, 0.06300, 0.09487
22.75, 0.06250, 0.07533
22.76, 0.06200, 0.08825
22.77, 0.06150, 0.06630
22.78, 0.06100, 0.08308
22.79, 0.06050, 0.08964
22.80, 0.06000, 0.1042
22.81, 0.05950, 0.08957
22.82, 0.05900, 0.1087
22.83, 0.05850, 0.08975
22.84, 0.05800, 0.08406
22.85, 0.05750, 0.09819
22.86, 0.05700, 0.09756
22.87, 0.05650, 0.08815
22.88, 0.05600, 0.08880
22.89, 0.05550, 0.04296
22.90, 0.05500, 0.06472
22.91, 0.05450, 0.07452
22.92, 0.05400, 0.07826
22.93, 0.05350, 0.07025
22.94, 0.05300, 0.04864
22.95, 0.05250, 0.02344
22.96, 0.05200, 0.03583
22.97, 0.05150, 0.03115
22.98, 0.05100, 0.009182
22.99, 0.05050, -0.006125
23.00, 0.05000, -0.03534
23.01, 0.04950, -0.05389
23.02, 0.04900, -0.04334
23.03, 0.04850, -0.07436
23.04, 0.04800, -0.03390
23.05, 0.04750, -0.06964
23.06, 0.04700, -0.07860
23.07, 0.04650, -0.1144
23.08, 0.04600, -0.09720
23.09, 0.04550, -0.1137
23.10, 0.04500, -0.1066
23.11, 0.04450, -0.1108
23.12, 0.04400, -0.1229
23.13, 0.04350, -0.08618
23.14, 0.04300, -0.09513
23.15, 0.04250, -0.1322
23.16, 0.04200, -0.1097
23.17, 0.04150, -0.09825
23.18, 0.04100, -0.1199
23.19, 0.04050, -0.1114
23.20, 0.04000, -0.1234
23.21, 0.03950, -0.1574
23.22, 0.03900, -0.1411
23.23, 0.03850, -0.1369
23.24, 0.03800, -0.1468
23.25, 0.03750, -0.1470
23.26, 0.03700, -0.1336
23.27, 0.03650, -0.1412
23.28, 0.03600, -0.1413
23.29, 0.03550, -0.1920
23.30, 0.03500, -0.1749
23.31, 0.03450, -0.1288
23.32, 0.03400, -0.1431
23.33, 0.03350, -0.1783
23.34, 0.03300, -0.1858
23.35, 0.03250, -0.1832
23.36, 0.03200, -0.1842
23.37, 0.03150, -0.1744
23.38, 0.03100, -0.1929
23.39, 0.03050, -0.1960
23.40, 0.03000, -0.1931
23.41, 0.02950, -0.2486
23.42, 0.02900, -0.2391
23.43, 0.02850, -0.2555
23.44, 0.02800, -0.2917
23.45, 0.02750, -0.2795
23.46, 0.02700, -0.3068
23.47, 0.02650, -0.2998
23.48, 0.02600, -0.2837
23.49, 0.02550, -0.3278
23.50, 0.02500, -0.3271
23.51, 0.02450, -0.3160
23.52, 0.02400, -0.3138
23.53, 0.02350, -0.3279
23.54, 0.02300, -0.3197
23.55, 0.02250, -0.3575
23.56, 0.02200, -0.3284
23.57, 0.02150, -0.3522
23.58, 0.02100, -0.3435
23.59, 0.02050, -0.3244
23.60, 0.02000, -0.3510
23.61, 0.01950, -0.3516
23.62, 0.01900, -0.3660
23.63, 0.01850, -0.3626
23.64, 0.01800, -0.3507
23.65, 0.01750, -0.3244
23.66, 0.01700, -0.3204
23.67, 0.01650, -0.3419
23.68, 0.01600, -0.3830
23.69, 0.01550, -0.3845
23.70, 0.01500, -0.3628
23.71, 0.01450, -0.3715
23.72, 0.01400, -0.3979
23.73, 0.01350, -0.4019
23.74, 0.01300, -0.3767
23.75, 0.01250, -0.3910
23.76, 0.01200, -0.4050
23.77, 0.01150, -0.3984
23.78, 0.01100, -0.4026
23.79, 0.01050, -0.4245
23.80, 0.01000, -0.4409
23.81, 0.009500, -0.4327
23.82, 0.009000, -0.4480
23.83, 0.008500, -0.4617
23.84, 0.008000, -0.4834
23.85, 0.007500, -0.5297
23.86, 0.007000, -0.5034
23.87, 0.006500, -0.5038
23.88, 0.006000, -0.5417
23.89, 0.005500, -0.5371
23.90, 0.005000, -0.5329
23.91, 0.004500, -0.5481
23.92, 0.004000, -0.5473
23.93, 0.003500, -0.5307
23.94, 0.003000, -0.5734
23.95, 0.002500, -0.5591
23.96, 0.002000, -0.6034
23.97, 0.001500, -0.5517
23.98, 0.001000, -0.5710
23.99, 0.0005000, -0.5407
24.00, 0.000, -0.5690
24.01, -0.0005000, -0.5630
24.02, -0.001000, -0.6037
24.03, -0.001500, -0.6130
24.04, -0.002000, -0.6214
24.05, -0.002500, -0.5828
24.06, -0.003000, -0.5890
24.07, -0.003500, -0.6188
24.08, -0.004000, -0.5994
24.09, -0.004500, -0.6103
24.10, -0.005000, -0.6086
24.11, -0.005500, -0.6423
24.12, -0.006000, -0.6229
24.13, -0.006500, -0.6169
24.14, -0.007000, -0.6327
24.15, -0.007500, -0.6297
24.16, -0.008000, -0.6175
24.17, -0.008500, -0.6478
24.18, -0.009000, -0.6592
24.19, -0.009500, -0.6482
24.20, -0.01000, -0.6380
24.21, -0.01050, -0.6632
24.22, -0.01100, -0.6930
24.23, -0.01150, -0.6724
24.24, -0.01200, -0.6945
24.25, -0.01250, -0.6894
24.26, -0.01300, -0.7273
24.27, -0.01350, -0.7382
24.28, -0.01400, -0.7726
24.29, -0.01450, -0.7752
24.30, -0.01500, -0.7628
24.31, -0.01550, -0.7887
24.32, -0.01600, -0.8000
24.33, -0.01650, -0.7944
24.34, -0.01700, -0.8135
24.35, -0.01750, -0.8157
24.36, -0.01800, -0.8089
24.37, -0.01850, -0.7961
24.38, -0.01900, -0.7849
24.39, -0.01950, -0.8183
24.40, -0.02000, -0.8075
24.41, -0.02050, -0.8312
24.42, -0.02100, -0.8347
24.43, -0.02150, -0.8088
24.44, -0.02200, -0.8264
24.45, -0.02250, -0.8656
24.46, -0.02300, -0.8483
24.47, -0.02350, -0.8189
24.48, -0.02400, -0.8447
24.49, -0.02450, -0.8687
24.50, -0.02500, -0.8328
24.51, -0.02550, -0.8683
24.52, -0.02600, -0.8345
24.53, -0.02650, -0.8508
24.54, -0.02700, -0.8793
24.55, -0.02750, -0.8648
24.56, -0.02800, -0.8543
24.57, -0.02850, -0.8611
24.58, -0.02900, -0.8864
24.59, -0.02950, -0.8721
24.60, -0.03000, -0.8553
24.61, -0.03050, -0.9045
24.62, -0.03100, -0.8834
24.63, -0.03150, -0.8923
24.64, -0.03200, -0.9257
24.65, -0.03250, -0.9421
24.66, -0.03300, -0.9254
24.67, -0.03350, -0.9543
24.68, -0.03400, -0.9526
24.69, -0.03450, -0.9903
24.70, -0.03500, -1.010
24.71, -0.03550, -1.035
24.72, -0.03600, -1.001
24.73, -0.03650, -1.015
24.74, -0.03700, -1.047
24.75, -0.03750, -1.056
24.76, -0.03800, -1.068
24.77, -0.03850, -1.067
24.78, -0.03900, -1.082
24.79, -0.03950, -1.059
24.80, -0.04000, -1.041
24.81, -0.04050, -1.053
24.82, -0.04100, -1.045
24.83, -0.04150, -1.046
24.84, -0.04200, -1.099
24.85, -0.04250, -1.095
24.86, -0.04300, -1.099
24.87, -0.04350, -1.078
24.88, -0.04400, -1.073
24.89, -0.04450, -1.065
24.90, -0.04500, -1.080
24.91, -0.04550, -1.075
24.92, -0.04600, -1.059
24.93, -0.04650, -1.086
24.94, -0.04700, -1.089
24.95, -0.04750, -1.112
24.96, -0.04800, -1.121
24.97, -0.04850, -1.108
24.98, -0.04900, -1.135
24.99, -0.04950, -1.123
25.00, -0.05000, -1.102
25.01, -0.05050, -1.126
25.02, -0.05100, -1.148
25.03, -0.05150, -1.152
25.04, -0.05200, -1.163
25.05, -0.05250, -1.160
25.06, -0.05300, -1.129
25.07, -0.05350, -1.172
25.08, -0.05400, -1.187
25.09, -0.05450, -1.226
25.10, -0.05500, -1.223
25.11, -0.05550, -1.222
25.12, -0.05600, -1.240
25.13, -0.05650, -1.270
25.14, -0.05700, -1.255
25.15, -0.05750, -1.277
25.16, -0.05800, -1.277
25.17, -0.05850, -1.304
25.18, -0.05900, -1.319
25.19, -0.05950, -1.316
25.20, -0.06000, -1.309
25.21, -0.06050, -1.265
25.22, -0.06100, -1.331
25.23, -0.06150, -1.327
25.24, -0.06200, -1.295
25.25, -0.06250, -1.287
25.26, -0.06300, -1.335
25.27, -0.06350, -1.317
25.28, -0.06400, -1.323
25.29, -0.06450, -1.331
25.30, -0.06500, -1.355
25.31, -0.06550, -1.348
25.32, -0.06600, -1.374
25.33, -0.06650, -1.351
25.34, -0.06700, -1.331
25.35, -0.06750, -1.363
25.36, -0.06800, -1.370
25.37, -0.06850, -1.381
25.38, -0.06900, -1.366
25.39, -0.06950, -1.360
25.40, -0.07000, -1.378
25.41, -0.07050, -1.374
25.42, -0.07100, -1.357
25.43, -0.07150, -1.389
25.44, -0.07200, -1.391
25.45, -0.07250, -1.399
25.46, -0.07300, -1.377
25.47, -0.07350, -1.381
25.48, -0.07400, -1.410
25.49, -0.07450, -1.436
25.50, -0.07500, -1.436
25.51, -0.07550, -1.446
25.52, -0.07600, -1.467
25.53, -0.07650, -1.469
25.54, -0.07700, -1.509
25.55, -0.07750, -1.499
25.56, -0.07800, -1.539
25.57, -0.07850, -1.560
25.58, -0.07900, -1.563
25.59, -0.07950, -1.558
25.60, -0.08000, -1.567
25.61, -0.08050, -1.546
25.62, -0.08100, -1.546
25.63, -0.08150, -1.560
25.64, -0.08200, -1.547
25.65, -0.08250, -1.566
25.66, -0.08300, -1.573
25.67, -0.08350, -1.572
25.68, -0.08400, -1.568
25.69, -0.08450, -1.561
25.70, -0.08500, -1.562
25.71, -0.08550, -1.598
25.72, -0.08600, -1.581
25.73, -0.08650, -1.581
25.74, -0.08700, -1.560
25.75, -0.08750, -1.609
25.76, -0.08800, -1.602
25.77, -0.08850, -1.575
25.78, -0.08900, -1.578
25.79, -0.08950, -1.603
25.80, -0.09000, -1.597
25.81, -0.09050, -1.623
25.82, -0.09100, -1.635
25.83, -0.09150, -1.642
25.84, -0.09200, -1.635
25.85, -0.09250, -1.646
25.86, -0.09300, -1.631
25.87, -0.09350, -1.635
25.88, -0.09400, -1.592
25.89, -0.09450, -1.622
25.90, -0.09500, -1.640
25.91, -0.09550, -1.639
25.92, -0.09600, -1.657
25.93, -0.09650, -1.674
25.94, -0.09700, -1.700
25.95, -0.09750, -1.718
25.96, -0.09800, -1.730
25.97, -0.09850, -1.737
25.98, -0.09900, -1.785
25.99, -0.09950, -1.763
26.00, -0.1000, -1.769
26.01, -0.1005, -1.780
26.02, -0.1010, -1.798
26.03, -0.1015, -1.804
26.04, -0.1020, -1.777
26.05, -0.1025, -1.812
26.06, -0.1030, -1.781
26.07, -0.1035, -1.773
26.08, -0.1040, -1.780
26.09, -0.1045, -1.826
26.10, -0.1050, -1.792
26.11, -0.1055, -1.796
26.12, -0.1060, -1.822
26.13, -0.1065, -1.818
26.14, -0.1070, -1.815
26.15, -0.1075, -1.829
26.16, -0.1080, -1.846
26.17, -0.1085, -1.825
26.18, -0.1090, -1.835
26.19, -0.1095, -1.834
26.20, -0.1100, -1.813
26.21, -0.1105, -1.800
26.22, -0.1110, -1.809
26.23, -0.1115, -1.836
26.24, -0.1120, -1.845
26.25, -0.1125, -1.842
26.26, -0.1130, -1.859
26.27, -0.1135, -1.858
26.28, -0.1140, -1.863
26.29, -0.1145, -1.868
26.30, -0.1150, -1.843
26.31, -0.1155, -1.871
26.32, -0.1160, -1.897
26.33, -0.1165, -1.893
26.34, -0.1170, -1.869
26.35, -0.1175, -1.883
26.36, -0.1180, -1.917
26.37, -0.1185, -1.977
26.38, -0.1190, -2.000
26.39, -0.1195, -2.010
26.40, -0.1200, -1.992
26.41, -0.1205, -1.992
26.42, -0.1210, -1.978
26.43, -0.1215, -1.995
26.44, -0.1220, -2.009
26.45, -0.1225, -2.018
26.46, -0.1230, -2.024
26.47, -0.1235, -2.033
26.48, -0.1240, -2.014
26.49, -0.1245, -1.986
26.50, -0.1250, -2.037
26.51, -0.1255, -2.033
26.52, -0.1260, -2.066
26.53, -0.1265, -2.035
26.54, -0.1270, -2.016
26.55, -0.1275, -2.033
26.56, -0.1280, -2.044
26.57, -0.1285, -2.055
26.58, -0.1290, -2.046
26.59, -0.1295, -2.040
26.60, -0.1300, -2.042
26.61, -0.1305, -2.043
26.62, -0.1310, -2.041
26.63, -0.1315, -2.047
26.64, -0.1320, -2.067
26.65, -0.1325, -2.093
26.66, -0.1330, -2.069
26.67, -0.1335, -2.060
26.68, -0.1340, -2.027
26.69, -0.1345, -2.063
26.70, -0.1350, -2.075
26.71, -0.1355, -2.060
26.72, -0.1360, -2.061
26.73, -0.1365, -2.060
26.74, -0.1370, -2.097
26.75, -0.1375, -2.099
26.76, -0.1380, -2.091
26.77, -0.1385, -2.119
26.78, -0.1390, -2.158
26.79, -0.1395, -2.145
26.80, -0.1400, -2.161
26.81, -0.1405, -2.196
26.82, -0.1410, -2.198
26.83, -0.1415, -2.188
26.84, -0.1420, -2.203
26.85, -0.1425, -2.227
26.86, -0.1430, -2.204
26.87, -0.1435, -2.219
26.88, -0.1440, -2.198
26.89, -0.1445, -2.188
26.90, -0.1450, -2.194
26.91, -0.1455, -2.221
26.92, -0.1460, -2.221
26.93, -0.1465, -2.223
26.94, -0.1470, -2.201
26.95, -0.1475, -2.197
26.96, -0.1480, -2.207
26.97, -0.1485, -2.226
26.98, -0.1490, -2.206
26.99, -0.1495, -2.243
27.00, -0.1500, -2.225
27.01, -0.1505, -2.215
27.02, -0.1510, -2.213
27.03, -0.1515, -2.213
27.04, -0.1520, -2.234
27.05, -0.1525, -2.234
27.06, -0.1530, -2.258
27.07, -0.1535, -2.250
27.08, -0.1540, -2.236
27.09, -0.1545, -2.225
27.10, -0.1550, -2.257
27.11, -0.1555, -2.237
27.12, -0.1560, -2.274
27.13, -0.1565, -2.263
27.14, -0.1570, -2.254
27.15, -0.1575, -2.245
27.16, -0.1580, -2.248
27.17, -0.1585, -2.268
27.18, -0.1590, -2.298
27.19, -0.1595, -2.298
27.20, -0.1600, -2.315
27.21, -0.1605, -2.356
27.22, -0.1610, -2.324
27.23, -0.1615, -2.369
27.24, -0.1620, -2.380
27.25, -0.1625, -2.389
27.26, -0.1630, -2.387
27.27, -0.1635, -2.374
27.28, -0.1640, -2.334
27.29, -0.1645, -2.348
27.30, -0.1650, -2.378
27.31, -0.1655, -2.391
27.32, -0.1660, -2.374
27.33, -0.1665, -2.385
27.34, -0.1670, -2.361
27.35, -0.1675, -2.333
27.36, -0.1680, -2.346
27.37, -0.1685, -2.387
27.38, -0.1690, -2.406
27.39, -0.1695, -2.385
27.40, -0.1700, -2.388
27.41, -0.1705, -2.370
27.42, -0.1710, -2.362
27.43, -0.1715, -2.393
27.44, -0.1720, -2.383
27.45, -0.1725, -2.391
27.46, -0.1730, -2.424
27.47, -0.1735, -2.404
27.48, -0.1740, -2.391
27.49, -0.1745, -2.377
27.50, -0.1750, -2.372
27.51, -0.1755, -2.398
27.52, -0.1760, -2.412
27.53, -0.1765, -2.391
27.54, -0.1770, -2.376
27.55, -0.1775, -2.369
27.56, -0.1780, -2.386
27.57, -0.1785, -2.407
27.58, -0.1790, -2.409
27.59, -0.1795, -2.406
27.60, -0.1800, -2.427
27.61, -0.1805, -2.437
27.62, -0.1810, -2.422
27.63, -0.1815, -2.450
27.64, -0.1820, -2.480
27.65, -0.1825, -2.461
27.66, -0.1830, -2.490
27.67, -0.1835, -2.514
27.68, -0.1840, -2.517
27.69, -0.1845, -2.509
27.70, -0.1850, -2.514
27.71, -0.1855, -2.505
27.72, -0.1860, -2.534
27.73, -0.1865, -2.498
27.74, -0.1870, -2.461
27.75, -0.1875, -2.491
27.76, -0.1880, -2.484
27.77, -0.1885, -2.515
27.78, -0.1890, -2.508
27.79, -0.1895, -2.494
27.80, -0.1900, -2.489
27.81, -0.1905, -2.493
27.82, -0.1910, -2.517
27.83, -0.1915, -2.529
27.84, -0.1920, -2.500
27.85, -0.1925, -2.521
27.86, -0.1930, -2.504
27.87, -0.1935, -2.486
27.88, -0.1940, -2.485
27.89, -0.1945, -2.481
27.90, -0.1950, -2.485
27.91, -0.1955, -2.481
27.92, -0.1960, -2.495
27.93, -0.1965, -2.489
27.94, -0.1970, -2.504
27.95, -0.1975, -2.483
27.96, -0.1980, -2.487
27.97, -0.1985, -2.494
27.98, -0.1990, -2.498
27.99, -0.1995, -2.502
28.00, -0.2000, -2.497
28.01, -0.2005, -2.480
28.02, -0.2010, -2.514
28.03, -0.2015, -2.507
28.04, -0.2020, -2.540
28.05, -0.2025, -2.538
28.06, -0.2030, -2.569
28.07, -0.2035, -2.546
28.08, -0.2040, -2.565
28.09, -0.2045, -2.593
28.10, -0.2050, -2.603
28.11, -0.2055, -2.582
28.12, -0.2060, -2.596
28.13, -0.2065, -2.591
28.14, -0.2070, -2.546
28.15, -0.2075, -2.560
28.16, -0.2080, -2.573
28.17, -0.2085, -2.577
28.18, -0.2090, -2.600
28.19, -0.2095, -2.560
28.20, -0.2100, -2.579
28.21, -0.2105, -2.588
28.22, -0.2110, -2.567
28.23, -0.2115, -2.582
28.24, -0.2120, -2.551
28.25, -0.2125, -2.566
28.26, -0.2130, -2.579
28.27, -0.2135, -2.557
28.28, -0.2140, -2.536
28.29, -0.2145, -2.564
28.30, -0.2150, -2.576
28.31, -0.2155, -2.577
28.32, -0.2160, -2.556
28.33, -0.2165, -2.541
28.34, -0.2170, -2.531
28.35, -0.2175, -2.552
28.36, -0.2180, -2.560
28.37, -0.2185, -2.546
28.38, -0.2190, -2.540
28.39, -0.2195, -2.544
28.40, -0.2200, -2.539
28.41, -0.2205, -2.528
28.42, -0.2210, -2.539
28.43, -0.2215, -2.562
28.44, -0.2220, -2.576
28.45, -0.2225, -2.574
28.46, -0.2230, -2.557
28.47, -0.2235, -2.593
28.48, -0.2240, -2.591
28.49, -0.2245, -2.628
28.50, -0.2250, -2.615
28.51, -0.2255, -2.609
28.52, -0.2260, -2.639
28.53, -0.2265, -2.626
28.54, -0.2270, -2.634
28.55, -0.2275, -2.606
28.56, -0.2280, -2.630
28.57, -0.2285, -2.597
28.58, -0.2290, -2.624
28.59, -0.2295, -2.588
28.60, -0.2300, -2.594
28.61, -0.2305, -2.588
28.62, -0.2310, -2.574
28.63, -0.2315, -2.614
28.64, -0.2320, -2.603
28.65, -0.2325, -2.627
28.66, -0.2330, -2.579
28.67, -0.2335, -2.576
28.68, -0.2340, -2.569
28.69, -0.2345, -2.572
28.70, -0.2350, -2.552
28.71, -0.2355, -2.587
28.72, -0.2360, -2.596
28.73, -0.2365, -2.584
28.74, -0.2370, -2.557
28.75, -0.2375, -2.559
28.76, -0.2380, -2.582
28.77, -0.2385, -2.566
28.78, -0.2390, -2.560
28.79, -0.2395, -2.576
28.80, -0.2400, -2.592
28.81, -0.2405, -2.564
28.82, -0.2410, -2.549
28.83, -0.2415, -2.576
28.84, -0.2420, -2.568
28.85, -0.2425, -2.545
28.86, -0.2430, -2.549
28.87, -0.2435, -2.576
28.88, -0.2440, -2.566
28.89, -0.2445, -2.577
28.90, -0.2450, -2.609
28.91, -0.2455, -2.632
28.92, -0.2460, -2.603
28.93, -0.2465, -2.604
28.94, -0.2470, -2.604
28.95, -0.2475, -2.603
28.96, -0.2480, -2.636
28.97, -0.2485, -2.609
28.98, -0.2490, -2.609
28.99, -0.2495, -2.595
29.00, -0.2500, -2.604
29.01, -0.2505, -2.580
29.02, -0.2510, -2.591
29.03, -0.2515, -2.605
29.04, -0.2520, -2.600
29.05, -0.2525, -2.572
29.06, -0.2530, -2.581
29.07, -0.2535, -2.574
29.08, -0.2540, -2.550
29.09, -0.2545, -2.570
29.10, -0.2550, -2.587
29.11, -0.2555, -2.555
29.12, -0.2560, -2.549
29.13, -0.2565, -2.565
29.14, -0.2570, -2.543
29.15, -0.2575, -2.564
29.16, -0.2580, -2.545
29.17, -0.2585, -2.548
29.18, -0.2590, -2.524
29.19, -0.2595, -2.530
29.20, -0.2600, -2.533
29.21, -0.2605, -2.493
29.22, -0.2610, -2.503
29.23, -0.2615, -2.522
29.24, -0.2620, -2.507
29.25, -0.2625, -2.495
29.26, -0.2630, -2.510
29.27, -0.2635, -2.498
29.28, -0.2640, -2.505
29.29, -0.2645, -2.525
29.30, -0.2650, -2.545
29.31, -0.2655, -2.552
29.32, -0.2660, -2.579
29.33, -0.2665, -2.543
29.34, -0.2670, -2.553
29.35, -0.2675, -2.522
29.36, -0.2680, -2.554
29.37, -0.2685, -2.543
29.38, -0.2690, -2.561
29.39, -0.2695, -2.546
29.40, -0.2700, -2.539
29.41, -0.2705, -2.519
29.42, -0.2710, -2.540
29.43, -0.2715, -2.543
29.44, -0.2720, -2.513
29.45, -0.2725, -2.504
29.46, -0.2730, -2.504
29.47, -0.2735, -2.481
29.48, -0.2740, -2.486
29.49, -0.2745, -2.492
29.50, -0.2750, -2.518
29.51, -0.2755, -2.518
29.52, -0.2760, -2.489
29.53, -0.2765, -2.470
29.54, -0.2770, -2.464
29.55, -0.2775, -2.466
29.56, -0.2780, -2.454
29.57, -0.2785, -2.468
29.58, -0.2790, -2.443
29.59, -0.2795, -2.454
29.60, -0.2800, -2.443
29.61, -0.2805, -2.427
29.62, -0.2810, -2.463
29.63, -0.2815, -2.449
29.64, -0.2820, -2.420
29.65, -0.2825, -2.440
29.66, -0.2830, -2.430
29.67, -0.2835, -2.402
29.68, -0.2840, -2.412
29.69, -0.2845, -2.392
29.70, -0.2850, -2.412
29.71, -0.2855, -2.407
29.72, -0.2860, -2.432
29.73, -0.2865, -2.447
29.74, -0.2870, -2.451
29.75, -0.2875, -2.440
29.76, -0.2880, -2.449
29.77, -0.2885, -2.431
29.78, -0.2890, -2.459
29.79, -0.2895, -2.462
29.80, -0.2900, -2.394
29.81, -0.2905, -2.443
29.82, -0.2910, -2.443
29.83, -0.2915, -2.437
29.84, -0.2920, -2.445
29.85, -0.2925, -2.424
29.86, -0.2930, -2.415
29.87, -0.2935, -2.409
29.88, -0.2940, -2.419
29.89, -0.2945, -2.411
29.90, -0.2950, -2.388
29.91, -0.2955, -2.357
29.92, -0.2960, -2.343
29.93, -0.2965, -2.346
29.94, -0.2970, -2.353
29.95, -0.2975, -2.335
29.96, -0.2980, -2.347
29.97, -0.2985, -2.365
29.98, -0.2990, -2.334
29.99, -0.2995, -2.328
30.00, -0.3000, -2.312
30.01, -0.3005, -2.295
30.02, -0.3010, -2.308
30.03, -0.3015, -2.297
30.04, -0.3020, -2.301
30.05, -0.3025, -2.292
30.06, -0.3030, -2.297
30.07, -0.3035, -2.279
30.08, -0.3040, -2.261
30.09, -0.3045, -2.281
30.10, -0.3050, -2.271
30.11, -0.3055, -2.265
30.12, -0.3060, -2.250
30.13, -0.3065, -2.277
30.14, -0.3070, -2.294
30.15, -0.3075, -2.300
30.16, -0.3080, -2.276
30.17, -0.3085, -2.283
30.18, -0.3090, -2.290
30.19, -0.3095, -2.317
30.20, -0.3100, -2.280
30.21, -0.3105, -2.292
30.22, -0.3110, -2.314
30.23, -0.3115, -2.281
30.24, -0.3120, -2.302
30.25, -0.3125, -2.278
30.26, -0.3130, -2.265
30.27, -0.3135, -2.258
30.28, -0.3140, -2.230
30.29, -0.3145, -2.257
30.30, -0.3150, -2.255
30.31, -0.3155, -2.224
30.32, -0.3160, -2.235
30.33, -0.3165, -2.223
30.34, -0.3170, -2.199
30.35, -0.3175, -2.232
30.36, -0.3180, -2.216
30.37, -0.3185, -2.225
30.38, -0.3190, -2.196
30.39, -0.3195, -2.185
30.40, -0.3200, -2.161
30.41, -0.3205, -2.174
30.42, -0.3210, -2.185
30.43, -0.3215, -2.182
30.44, -0.3220, -2.171
30.45, -0.3225, -2.130
30.46, -0.3230, -2.121
30.47, -0.3235, -2.122
30.48, -0.3240, -2.122
30.49, -0.3245, -2.118
30.50, -0.3250, -2.125
30.51, -0.3255, -2.136
30.52, -0.3260, -2.120
30.53, -0.3265, -2.076
30.54, -0.3270, -2.077
30.55, -0.3275, -2.102
30.56, -0.3280, -2.150
30.57, -0.3285, -2.113
30.58, -0.3290, -2.125
30.59, -0.3295, -2.113
30.60, -0.3300, -2.116
30.61, -0.3305, -2.168
30.62, -0.3310, -2.119
30.63, -0.3315, -2.113
30.64, -0.3320, -2.114
30.65, -0.3325, -2.133
30.66, -0.3330, -2.143
30.67, -0.3335, -2.113
30.68, -0.3340, -2.094
30.69, -0.3345, -2.139
30.70, -0.3350, -2.112
30.71, -0.3355, -2.109
30.72, -0.3360, -2.067
30.73, -0.3365, -2.057
30.74, -0.3370, -2.059
30.75, -0.3375, -2.070
30.76, -0.3380, -2.077
30.77, -0.3385, -2.042
30.78, -0.3390, -2.041
30.79, -0.3395, -2.031
30.80, -0.3400, -2.023
30.81, -0.3405, -2.046
30.82, -0.3410, -2.031
30.83, -0.3415, -2.032
30.84, -0.3420, -2.009
30.85, -0.3425, -1.996
30.86, -0.3430, -1.984
30.87, -0.3435, -1.974
30.88, -0.3440, -1.980
30.89, -0.3445, -1.993
30.90, -0.3450, -1.997
30.91, -0.3455, -1.995
30.92, -0.3460, -1.971
30.93, -0.3465, -1.953
30.94, -0.3470, -1.964
30.95, -0.3475, -1.958
30.96, -0.3480, -1.974
30.97, -0.3485, -1.982
30.98, -0.3490, -1.955
30.99, -0.3495, -1.981
31.00, -0.3500, -1.998
31.01, -0.3505, -1.998
31.02, -0.3510, -2.012
31.03, -0.3515, -2.010
31.04, -0.3520, -2.018
31.05, -0.3525, -1.999
31.06, -0.3530, -1.995
31.07, -0.3535, -1.992
31.08, -0.3540, -1.976
31.09, -0.3545, -1.987
31.10, -0.3550, -1.996
31.11, -0.3555, -1.980
31.12, -0.3560, -1.960
31.13, -0.3565, -1.950
31.14, -0.3570, -1.963
31.15, -0.3575, -1.955
31.16, -0.3580, -1.963
31.17, -0.3585, -1.947
31.18, -0.3590, -1.919
31.19, -0.3595, -1.907
31.20, -0.3600, -1.918
31.21, -0.3605, -1.917
31.22, -0.3610, -1.909
31.23, -0.3615, -1.908
31.24, -0.3620, -1.903
31.25, -0.3625, -1.913
31.26, -0.3630, -1.901
31.27, -0.3635, -1.881
31.28, -0.3640, -1.899
31.29, -0.3645, -1.882
31.30, -0.3650, -1.889
31.31, -0.3655, -1.857
31.32, -0.3660, -1.865
31.33, -0.3665, -1.846
31.34, -0.3670, -1.851
31.35, -0.3675, -1.837
31.36, -0.3680, -1.842
31.37, -0.3685, -1.849
31.38, -0.3690, -1.835
31.39, -0.3695, -1.857
31.40, -0.3700, -1.835
31.41, -0.3705, -1.867
31.42, -0.3710, -1.902
31.43, -0.3715, -1.889
31.44, -0.3720, -1.895
31.45, -0.3725, -1.895
31.46, -0.3730, -1.877
31.47, -0.3735, -1.893
31.48, -0.3740, -1.899
31.49, -0.3745, -1.899
31.50, -0.3750, -1.855
31.51, -0.3755, -1.865
31.52, -0.3760, -1.880
31.53, -0.3765, -1.862
31.54, -0.3770, -1.862
31.55, -0.3775, -1.875
31.56, -0.3780, -1.879
31.57, -0.3785, -1.843
31.58, -0.3790, -1.826
31.59, -0.3795, -1.838
31.60, -0.3800, -1.842
31.61, -0.3805, -1.856
31.62, -0.3810, -1.844
31.63, -0.3815, -1.810
31.64, -0.3820, -1.783
31.65, -0.3825, -1.800
31.66, -0.3830, -1.798
31.67, -0.3835, -1.811
31.68, -0.3840, -1.805
31.69, -0.3845, -1.821
31.70, -0.3850, -1.780
31.71, -0.3855, -1.785
31.72, -0.3860, -1.749
31.73, -0.3865, -1.774
31.74, -0.3870, -1.757
31.75, -0.3875, -1.759
31.76, -0.3880, -1.784
31.77, -0.3885, -1.772
31.78, -0.3890, -1.769
31.79, -0.3895, -1.748
31.80, -0.3900, -1.749
31.81, -0.3905, -1.766
31.82, -0.3910, -1.746
31.83, -0.3915, -1.769
31.84, -0.3920, -1.790
31.85, -0.3925, -1.794
31.86, -0.3930, -1.834
31.87, -0.3935, -1.818
31.88, -0.3940, -1.827
31.89, -0.3945, -1.775
31.90, -0.3950, -1.795
31.91, -0.3955, -1.806
31.92, -0.3960, -1.787
31.93, -0.3965, -1.804
31.94, -0.3970, -1.842
31.95, -0.3975, -1.791
31.96, -0.3980, -1.797
31.97, -0.3985, -1.764
31.98, -0.3990, -1.768
31.99, -0.3995, -1.789
32.00, -0.4000, -1.780
