0.01000, -0.3995, -87.95
0.02000, -0.3990, -78.84
0.03000, -0.3985, -72.23
0.04000, -0.3980, -67.09
0.05000, -0.3975, -62.63
0.06000, -0.3970, -58.82
0.07000, -0.3965, -55.58
0.08000, -0.3960, -52.40
0.09000, -0.3955, -49.70
0.1000, -0.3950, -47.18
0.1100, -0.3945, -44.88
0.1200, -0.3940, -43.04
0.1300, -0.3935, -40.95
0.1400, -0.3930, -39.34
0.1500, -0.3925, -37.59
0.1600, -0.3920, -36.11
0.1700, -0.3915, -34.85
0.1800, -0.3910, -33.43
0.1900, -0.3905, -32.44
0.2000, -0.3900, -31.12
0.2100, -0.3895, -30.08
0.2200, -0.3890, -29.29
0.2300, -0.3885, -28.17
0.2400, -0.3880, -27.45
0.2500, -0.3875, -26.48
0.2600, -0.3870, -25.68
0.2700, -0.3865, -25.09
0.2800, -0.3860, -24.25
0.2900, -0.3855, -23.61
0.3000, -0.3850, -22.95
0.3100, -0.3845, -22.34
0.3200, -0.3840, -21.91
0.3300, -0.3835, -21.21
0.3400, -0.3830, -20.74
0.3500, -0.3825, -20.21
0.3600, -0.3820, -19.72
0.3700, -0.3815, -19.40
0.3800, -0.3810, -18.82
0.3900, -0.3805, -18.53
0.4000, -0.3800, -18.00
0.4100, -0.3795, -17.62
0.4200, -0.3790, -17.47
0.4300, -0.3785, -16.85
0.4400, -0.3780, -16.64
0.4500, -0.3775, -16.19
0.4600, -0.3770, -15.83
0.4700, -0.3765, -15.70
0.4800, -0.3760, -15.22
0.4900, -0.3755, -14.96
0.5000, -0.3750, -14.63
0.5100, -0.3745, -14.34
0.5200, -0.3740, -14.16
0.5300, -0.3735, -13.83
0.5400, -0.3730, -13.74
0.5500, -0.3725, -13.33
0.5600, -0.3720, -13.10
0.5700, -0.3715, -13.05
0.5800, -0.3710, -12.65
0.5900, -0.3705, -12.56
0.6000, -0.3700, -12.21
0.6100, -0.3695, -12.01
0.6200, -0.3690, -11.99
0.6300, -0.3685, -11.63
0.6400, -0.3680, -11.48
0.6500, -0.3675, -11.23
0.6600, -0.3670, -11.04
0.6700, -0.3665, -11.02
0.6800, -0.3660, -10.69
0.6900, -0.3655, -10.56
0.7000, -0.3650, -10.32
0.7100, -0.3645, -10.16
0.7200, -0.3640, -10.13
0.7300, -0.3635, -9.834
0.7400, -0.3630, -9.757
0.7500, -0.3625, -9.544
0.7600, -0.3620, -9.368
0.7700, -0.3615, -9.444
0.7800, -0.3610, -9.118
0.7900, -0.3605, -9.099
0.8000, -0.3600, -8.845
0.8100, -0.3595, -8.682
0.8200, -0.3590, -8.780
0.8300, -0.3585, -8.467
0.8400, -0.3580, -8.526
0.8500, -0.3575, -8.233
0.8600, -0.3570, -8.104
0.8700, -0.3565, -8.114
0.8800, -0.3560, -7.907
0.8900, -0.3555, -7.849
0.9000, -0.3550, -7.690
0.9100, -0.3545, -7.579
0.9200, -0.3540, -7.598
0.9300, -0.3535, -7.386
0.9400, -0.3530, -7.479
0.9500, -0.3525, -7.217
0.9600, -0.3520, -7.090
0.9700, -0.3515, -7.149
0.9800, -0.3510, -6.911
0.9900, -0.3505, -7.006
1.000, -0.3500, -6.733
1.010, -0.3495, -6.650
1.020, -0.3490, -6.699
1.030, -0.3485, -6.465
1.040, -0.3480, -6.447
1.050, -0.3475, -6.340
1.060, -0.3470, -6.247
1.070, -0.3465, -6.276
1.080, -0.3460, -6.051
1.090, -0.3455, -6.003
1.100, -0.3450, -5.891
1.110, -0.3445, -5.803
1.120, -0.3440, -5.822
1.130, -0.3435, -5.640
1.140, -0.3430, -5.718
1.150, -0.3425, -5.490
1.160, -0.3420, -5.416
1.170, -0.3415, -5.522
1.180, -0.3410, -5.249
1.190, -0.3405, -5.374
1.200, -0.3400, -5.130
1.210, -0.3395, -5.080
1.220, -0.3390, -5.283
1.230, -0.3385, -4.933
1.240, -0.3380, -4.925
1.250, -0.3375, -4.841
1.260, -0.3370, -4.772
1.270, -0.3365, -4.834
1.280, -0.3360, -4.633
1.290, -0.3355, -4.661
1.300, -0.3350, -4.535
1.310, -0.3345, -4.497
1.320, -0.3340, -4.582
1.330, -0.3335, -4.396
1.340, -0.3330, -4.401
1.350, -0.3325, -4.275
1.360, -0.3320, -4.234
1.370, -0.3315, -4.396
1.380, -0.3310, -4.138
1.390, -0.3305, -4.254
1.400, -0.3300, -4.032
1.410, -0.3295, -3.983
1.420, -0.3290, -4.184
1.430, -0.3285, -3.863
1.440, -0.3280, -4.001
1.450, -0.3275, -3.759
1.460, -0.3270, -3.725
1.470, -0.3265, -3.783
1.480, -0.3260, -3.637
1.490, -0.3255, -3.647
1.500, -0.3250, -3.534
1.510, -0.3245, -3.494
1.520, -0.3240, -3.593
1.530, -0.3235, -3.387
1.540, -0.3230, -3.390
1.550, -0.3225, -3.281
1.560, -0.3220, -3.221
1.570, -0.3215, -3.283
1.580, -0.3210, -3.136
1.590, -0.3205, -3.166
1.600, -0.3200, -3.053
1.610, -0.3195, -3.021
1.620, -0.3190, -3.077
1.630, -0.3185, -2.944
1.640, -0.3180, -2.945
1.650, -0.3175, -2.868
1.660, -0.3170, -2.810
1.670, -0.3165, -2.905
1.680, -0.3160, -2.744
1.690, -0.3155, -2.909
1.700, -0.3150, -2.702
1.710, -0.3145, -2.635
1.720, -0.3140, -2.857
1.730, -0.3135, -2.580
1.740, -0.3130, -2.714
1.750, -0.3125, -2.508
1.760, -0.3120, -2.490
1.770, -0.3115, -2.662
1.780, -0.3110, -2.438
1.790, -0.3105, -2.599
1.800, -0.3100, -2.375
1.810, -0.3095, -2.331
1.820, -0.3090, -2.434
1.830, -0.3085, -2.254
1.840, -0.3080, -2.329
1.850, -0.3075, -2.209
1.860, -0.3070, -2.186
1.870, -0.3065, -2.324
1.880, -0.3060, -2.127
1.890, -0.3055, -2.171
1.900, -0.3050, -2.090
1.910, -0.3045, -2.040
1.920, -0.3040, -2.119
1.930, -0.3035, -1.967
1.940, -0.3030, -1.985
1.950, -0.3025, -1.882
1.960, -0.3020, -1.847
1.970, -0.3015, -1.938
1.980, -0.3010, -1.774
1.990, -0.3005, -1.813
2.000, -0.3000, -1.738
2.010, -0.2995, -1.716
2.020, -0.2990, -1.796
2.030, -0.2985, -1.629
2.040, -0.2980, -1.792
2.050, -0.2975, -1.604
2.060, -0.2970, -1.543
2.070, -0.2965, -1.746
2.080, -0.2960, -1.509
2.090, -0.2955, -1.679
2.100, -0.2950, -1.473
2.110, -0.2945, -1.430
2.120, -0.2940, -1.562
2.130, -0.2935, -1.409
2.140, -0.2930, -1.435
2.150, -0.2925, -1.368
2.160, -0.2920, -1.345
2.170, -0.2915, -1.463
2.180, -0.2910, -1.290
2.190, -0.2905, -1.332
2.200, -0.2900, -1.268
2.210, -0.2895, -1.249
2.220, -0.2890, -1.372
2.230, -0.2885, -1.228
2.240, -0.2880, -1.243
2.250, -0.2875, -1.169
2.260, -0.2870, -1.149
2.270, -0.2865, -1.363
2.280, -0.2860, -1.124
2.290, -0.2855, -1.272
2.300, -0.2850, -1.074
2.310, -0.2845, -1.050
2.320, -0.2840, -1.249
2.330, -0.2835, -1.031
2.340, -0.2830, -1.148
2.350, -0.2825, -0.9660
2.360, -0.2820, -0.9302
2.370, -0.2815, -0.9970
2.380, -0.2810, -0.8727
2.390, -0.2805, -0.9003
2.400, -0.2800, -0.8185
2.410, -0.2795, -0.8034
2.420, -0.2790, -0.8790
2.430, -0.2785, -0.7597
2.440, -0.2780, -0.8213
2.450, -0.2775, -0.7163
2.460, -0.2770, -0.6991
2.470, -0.2765, -0.8387
2.480, -0.2760, -0.6804
2.490, -0.2755, -0.8567
2.500, -0.2750, -0.6380
2.510, -0.2745, -0.5969
2.520, -0.2740, -0.7508
2.530, -0.2735, -0.5869
2.540, -0.2730, -0.6647
2.550, -0.2725, -0.5881
2.560, -0.2720, -0.5347
2.570, -0.2715, -0.6509
2.580, -0.2710, -0.5292
2.590, -0.2705, -0.5954
2.600, -0.2700, -0.4948
2.610, -0.2695, -0.4746
2.620, -0.2690, -0.5929
2.630, -0.2685, -0.4676
2.640, -0.2680, -0.6601
2.650, -0.2675, -0.4372
2.660, -0.2670, -0.4192
2.670, -0.2665, -0.5918
2.680, -0.2660, -0.3831
2.690, -0.2655, -0.5773
2.700, -0.2650, -0.3729
2.710, -0.2645, -0.3426
2.720, -0.2640, -0.4780
2.730, -0.2635, -0.3417
2.740, -0.2630, -0.5067
2.750, -0.2625, -0.2850
2.760, -0.2620, -0.2566
2.770, -0.2615, -0.3960
2.780, -0.2610, -0.2269
2.790, -0.2605, -0.2696
2.800, -0.2600, -0.1944
2.810, -0.2595, -0.1535
2.820, -0.2590, -0.2510
2.830, -0.2585, -0.1197
2.840, -0.2580, -0.1961
2.850, -0.2575, -0.1005
2.860, -0.2570, -0.08033
2.870, -0.2565, -0.1953
2.880, -0.2560, -0.05864
2.890, -0.2555, -0.1234
2.900, -0.2550, -0.04286
2.910, -0.2545, -0.03455
2.920, -0.2540, -0.1306
2.930, -0.2535, -0.03410
2.940, -0.2530, -0.07517
2.950, -0.2525, -0.01177
2.960, -0.2520, 0.008335
2.970, -0.2515, -0.1031
2.980, -0.2510, 0.02723
2.990, -0.2505, -0.1388
3.000, -0.2500, 0.07183
3.010, -0.2495, 0.06031
3.020, -0.2490, -0.1843
3.030, -0.2485, 0.1156
3.040, -0.2480, -0.1309
3.050, -0.2475, 0.1132
3.060, -0.2470, 0.1209
3.070, -0.2465, -0.1634
3.080, -0.2460, 0.1460
3.090, -0.2455, 0.05240
3.100, -0.2450, 0.1673
3.110, -0.2445, 0.1363
3.120, -0.2440, 0.02401
3.130, -0.2435, 0.1539
3.140, -0.2430, 0.09760
3.150, -0.2425, 0.1673
3.160, -0.2420, 0.1873
3.170, -0.2415, 0.06560
3.180, -0.2410, 0.2496
3.190, -0.2405, 0.1786
3.200, -0.2400, 0.2524
3.210, -0.2395, 0.2814
3.220, -0.2390, 0.1460
3.230, -0.2385, 0.3220
3.240, -0.2380, 0.1394
3.250, -0.2375, 0.3717
3.260, -0.2370, 0.3773
3.270, -0.2365, 0.1943
3.280, -0.2360, 0.3928
3.290, -0.2355, 0.2572
3.300, -0.2350, 0.4328
3.310, -0.2345, 0.4358
3.320, -0.2340, 0.2306
3.330, -0.2335, 0.4284
3.340, -0.2330, 0.3775
3.350, -0.2325, 0.4455
3.360, -0.2320, 0.4523
3.370, -0.2315, 0.3431
3.380, -0.2310, 0.4484
3.390, -0.2305, 0.3890
3.400, -0.2300, 0.4838
3.410, -0.2295, 0.4866
3.420, -0.2290, 0.3408
3.430, -0.2285, 0.4745
3.440, -0.2280, 0.3682
3.450, -0.2275, 0.4955
3.460, -0.2270, 0.4956
3.470, -0.2265, 0.3478
3.480, -0.2260, 0.5170
3.490, -0.2255, 0.3393
3.500, -0.2250, 0.5272
3.510, -0.2245, 0.5516
3.520, -0.2240, 0.4138
3.530, -0.2235, 0.5633
3.540, -0.2230, 0.3265
3.550, -0.2225, 0.5776
3.560, -0.2220, 0.5705
3.570, -0.2215, 0.3670
3.580, -0.2210, 0.5696
3.590, -0.2205, 0.5234
3.600, -0.2200, 0.5864
3.610, -0.2195, 0.6146
3.620, -0.2190, 0.5565
3.630, -0.2185, 0.6720
3.640, -0.2180, 0.5826
3.650, -0.2175, 0.6786
3.660, -0.2170, 0.7001
3.670, -0.2165, 0.6382
3.680, -0.2160, 0.7309
3.690, -0.2155, 0.6577
3.700, -0.2150, 0.7456
3.710, -0.2145, 0.7444
3.720, -0.2140, 0.7132
3.730, -0.2135, 0.7593
3.740, -0.2130, 0.6855
3.750, -0.2125, 0.7582
3.760, -0.2120, 0.7752
3.770, -0.2115, 0.7265
3.780, -0.2110, 0.7858
3.790, -0.2105, 0.6023
3.800, -0.2100, 0.8058
3.810, -0.2095, 0.8183
3.820, -0.2090, 0.5858
3.830, -0.2085, 0.8158
3.840, -0.2080, 0.6056
3.850, -0.2075, 0.8107
3.860, -0.2070, 0.8376
3.870, -0.2065, 0.6811
3.880, -0.2060, 0.8493
3.890, -0.2055, 0.6199
3.900, -0.2050, 0.8457
3.910, -0.2045, 0.8453
3.920, -0.2040, 0.6457
3.930, -0.2035, 0.8483
3.940, -0.2030, 0.6716
3.950, -0.2025, 0.8515
3.960, -0.2020, 0.8626
3.970, -0.2015, 0.6729
3.980, -0.2010, 0.8876
3.990, -0.2005, 0.7933
4.000, -0.2000, 0.8894
4.010, -0.1995, 0.8686
4.020, -0.1990, 0.6989
4.030, -0.1985, 0.9000
4.040, -0.1980, 0.8265
4.050, -0.1975, 0.9513
4.060, -0.1970, 0.9544
4.070, -0.1965, 0.8653
4.080, -0.1960, 0.9731
4.090, -0.1955, 0.9100
4.100, -0.1950, 1.005
4.110, -0.1945, 0.9947
4.120, -0.1940, 0.8609
4.130, -0.1935, 0.9997
4.140, -0.1930, 0.9542
4.150, -0.1925, 1.018
4.160, -0.1920, 1.029
4.170, -0.1915, 0.9767
4.180, -0.1910, 1.024
4.190, -0.1905, 0.9492
4.200, -0.1900, 1.057
4.210, -0.1895, 1.067
4.220, -0.1890, 0.9432
4.230, -0.1885, 1.042
4.240, -0.1880, 0.8392
4.250, -0.1875, 1.055
4.260, -0.1870, 1.068
4.270, -0.1865, 0.8720
4.280, -0.1860, 1.066
4.290, -0.1855, 0.8640
4.300, -0.1850, 1.072
4.310, -0.1845, 1.085
4.320, -0.1840, 0.9101
4.330, -0.1835, 1.100
4.340, -0.1830, 0.9994
4.350, -0.1825, 1.102
4.360, -0.1820, 1.079
4.370, -0.1815, 0.9951
4.380, -0.1810, 1.082
4.390, -0.1805, 1.002
4.400, -0.1800, 1.090
4.410, -0.1795, 1.120
4.420, -0.1790, 0.9942
4.430, -0.1785, 1.092
4.440, -0.1780, 1.019
4.450, -0.1775, 1.118
4.460, -0.1770, 1.141
4.470, -0.1765, 1.028
4.480, -0.1760, 1.171
4.490, -0.1755, 1.104
4.500, -0.1750, 1.194
4.510, -0.1745, 1.205
4.520, -0.1740, 1.049
4.530, -0.1735, 1.217
4.540, -0.1730, 1.010
4.550, -0.1725, 1.219
4.560, -0.1720, 1.247
4.570, -0.1715, 1.036
4.580, -0.1710, 1.264
4.590, -0.1705, 1.009
4.600, -0.1700, 1.259
4.610, -0.1695, 1.261
4.620, -0.1690, 1.124
4.630, -0.1685, 1.275
4.640, -0.1680, 1.070
4.650, -0.1675, 1.259
4.660, -0.1670, 1.268
4.670, -0.1665, 1.070
4.680, -0.1660, 1.281
4.690, -0.1655, 1.148
4.700, -0.1650, 1.265
4.710, -0.1645, 1.268
4.720, -0.1640, 1.179
4.730, -0.1635, 1.265
4.740, -0.1630, 1.172
4.750, -0.1625, 1.239
4.760, -0.1620, 1.271
4.770, -0.1615, 1.135
4.780, -0.1610, 1.275
4.790, -0.1605, 1.174
4.800, -0.1600, 1.254
4.810, -0.1595, 1.233
4.820, -0.1590, 1.169
4.830, -0.1585, 1.260
4.840, -0.1580, 1.182
4.850, -0.1575, 1.266
4.860, -0.1570, 1.276
4.870, -0.1565, 1.197
4.880, -0.1560, 1.292
4.890, -0.1555, 1.246
4.900, -0.1550, 1.309
4.910, -0.1545, 1.324
4.920, -0.1540, 1.251
4.930, -0.1535, 1.368
4.940, -0.1530, 1.279
4.950, -0.1525, 1.391
4.960, -0.1520, 1.388
4.970, -0.1515, 1.264
4.980, -0.1510, 1.407
4.990, -0.1505, 1.216
5.000, -0.1500, 1.409
5.010, -0.1495, 1.402
5.020, -0.1490, 1.253
5.030, -0.1485, 1.410
5.040, -0.1480, 1.177
5.050, -0.1475, 1.414
5.060, -0.1470, 1.416
5.070, -0.1465, 1.276
5.080, -0.1460, 1.414
5.090, -0.1455, 1.163
5.100, -0.1450, 1.438
5.110, -0.1445, 1.434
5.120, -0.1440, 1.227
5.130, -0.1435, 1.391
5.140, -0.1430, 1.335
5.150, -0.1425, 1.424
5.160, -0.1420, 1.408
5.170, -0.1415, 1.362
5.180, -0.1410, 1.405
5.190, -0.1405, 1.343
5.200, -0.1400, 1.386
5.210, -0.1395, 1.409
5.220, -0.1390, 1.383
5.230, -0.1385, 1.402
5.240, -0.1380, 1.304
5.250, -0.1375, 1.407
5.260, -0.1370, 1.399
5.270, -0.1365, 1.335
5.280, -0.1360, 1.407
5.290, -0.1355, 1.328
5.300, -0.1350, 1.446
5.310, -0.1345, 1.441
5.320, -0.1340, 1.378
5.330, -0.1335, 1.452
5.340, -0.1330, 1.262
5.350, -0.1325, 1.535
5.360, -0.1320, 1.516
5.370, -0.1315, 1.324
5.380, -0.1310, 1.527
5.390, -0.1305, 1.311
5.400, -0.1300, 1.530
5.410, -0.1295, 1.572
5.420, -0.1290, 1.432
5.430, -0.1285, 1.553
5.440, -0.1280, 1.351
5.450, -0.1275, 1.541
5.460, -0.1270, 1.562
5.470, -0.1265, 1.389
5.480, -0.1260, 1.548
5.490, -0.1255, 1.431
5.500, -0.1250, 1.532
5.510, -0.1245, 1.564
5.520, -0.1240, 1.487
5.530, -0.1235, 1.553
5.540, -0.1230, 1.439
5.550, -0.1225, 1.522
5.560, -0.1220, 1.545
5.570, -0.1215, 1.481
5.580, -0.1210, 1.538
5.590, -0.1205, 1.441
5.600, -0.1200, 1.537
5.610, -0.1195, 1.550
5.620, -0.1190, 1.418
5.630, -0.1185, 1.530
5.640, -0.1180, 1.455
5.650, -0.1175, 1.532
5.660, -0.1170, 1.542
5.670, -0.1165, 1.438
5.680, -0.1160, 1.567
5.690, -0.1155, 1.322
5.700, -0.1150, 1.547
5.710, -0.1145, 1.560
5.720, -0.1140, 1.487
5.730, -0.1135, 1.605
5.740, -0.1130, 1.515
5.750, -0.1125, 1.599
5.760, -0.1120, 1.610
5.770, -0.1115, 1.587
5.780, -0.1110, 1.656
5.790, -0.1105, 1.566
5.800, -0.1100, 1.647
5.810, -0.1095, 1.634
5.820, -0.1090, 1.515
5.830, -0.1085, 1.645
5.840, -0.1080, 1.447
5.850, -0.1075, 1.672
5.860, -0.1070, 1.685
5.870, -0.1065, 1.460
5.880, -0.1060, 1.696
5.890, -0.1055, 1.485
5.900, -0.1050, 1.669
5.910, -0.1045, 1.690
5.920, -0.1040, 1.533
5.930, -0.1035, 1.684
5.940, -0.1030, 1.468
5.950, -0.1025, 1.692
5.960, -0.1020, 1.668
5.970, -0.1015, 1.476
5.980, -0.1010, 1.675
5.990, -0.1005, 1.608
6.000, -0.1000, 1.663
6.010, -0.09950, 1.672
6.020, -0.09900, 1.631
6.030, -0.09850, 1.667
6.040, -0.09800, 1.577
6.050, -0.09750, 1.681
6.060, -0.09700, 1.672
6.070, -0.09650, 1.637
6.080, -0.09600, 1.666
6.090, -0.09550, 1.566
6.100, -0.09500, 1.680
6.110, -0.09450, 1.667
6.120, -0.09400, 1.623
6.130, -0.09350, 1.681
6.140, -0.09300, 1.608
6.150, -0.09250, 1.743
6.160, -0.09200, 1.743
6.170, -0.09150, 1.723
6.180, -0.09100, 1.756
6.190, -0.09050, 1.647
6.200, -0.09000, 1.758
6.210, -0.08950, 1.793
6.220, -0.08900, 1.654
6.230, -0.08850, 1.800
6.240, -0.08800, 1.587
6.250, -0.08750, 1.819
6.260, -0.08700, 1.834
6.270, -0.08650, 1.644
6.280, -0.08600, 1.830
6.290, -0.08550, 1.650
6.300, -0.08500, 1.838
6.310, -0.08450, 1.854
6.320, -0.08400, 1.744
6.330, -0.08350, 1.839
6.340, -0.08300, 1.618
6.350, -0.08250, 1.851
6.360, -0.08200, 1.860
6.370, -0.08150, 1.701
6.380, -0.08100, 1.858
6.390, -0.08050, 1.721
6.400, -0.08000, 1.846
6.410, -0.07950, 1.851
6.420, -0.07900, 1.788
6.430, -0.07850, 1.853
6.440, -0.07800, 1.755
6.450, -0.07750, 1.825
6.460, -0.07700, 1.831
6.470, -0.07650, 1.785
6.480, -0.07600, 1.842
6.490, -0.07550, 1.742
6.500, -0.07500, 1.828
6.510, -0.07450, 1.855
6.520, -0.07400, 1.851
6.530, -0.07350, 1.861
6.540, -0.07300, 1.762
6.550, -0.07250, 1.850
6.560, -0.07200, 1.870
6.570, -0.07150, 1.862
6.580, -0.07100, 1.955
6.590, -0.07050, 1.743
6.600, -0.07000, 1.951
6.610, -0.06950, 1.974
6.620, -0.06900, 1.848
6.630, -0.06850, 2.029
6.640, -0.06800, 1.768
6.650, -0.06750, 2.015
6.660, -0.06700, 2.025
6.670, -0.06650, 1.918
6.680, -0.06600, 2.046
6.690, -0.06550, 1.775
6.700, -0.06500, 2.030
6.710, -0.06450, 2.037
6.720, -0.06400, 2.004
6.730, -0.06350, 2.075
6.740, -0.06300, 1.790
6.750, -0.06250, 2.076
6.760, -0.06200, 2.076
6.770, -0.06150, 2.048
6.780, -0.06100, 2.070
6.790, -0.06050, 1.971
6.800, -0.06000, 2.060
6.810, -0.05950, 2.053
6.820, -0.05900, 2.055
6.830, -0.05850, 2.085
6.840, -0.05800, 2.025
6.850, -0.05750, 2.091
6.860, -0.05700, 2.077
6.870, -0.05650, 1.997
6.880, -0.05600, 2.101
6.890, -0.05550, 1.965
6.900, -0.05500, 2.101
6.910, -0.05450, 2.103
6.920, -0.05400, 2.090
6.930, -0.05350, 2.142
6.940, -0.05300, 2.030
6.950, -0.05250, 2.155
6.960, -0.05200, 2.161
6.970, -0.05150, 2.080
6.980, -0.05100, 2.124
6.990, -0.05050, 2.060
7.000, -0.05000, 2.234
7.010, -0.04950, 2.240
7.020, -0.04900, 2.180
7.030, -0.04850, 2.262
7.040, -0.04800, 2.059
7.050, -0.04750, 2.297
7.060, -0.04700, 2.304
7.070, -0.04650, 2.172
7.080, -0.04600, 2.321
7.090, -0.04550, 2.117
7.100, -0.04500, 2.371
7.110, -0.04450, 2.373
7.120, -0.04400, 2.260
7.130, -0.04350, 2.370
7.140, -0.04300, 2.135
7.150, -0.04250, 2.385
7.160, -0.04200, 2.390
7.170, -0.04150, 2.258
7.180, -0.04100, 2.378
7.190, -0.04050, 2.174
7.200, -0.04000, 2.439
7.210, -0.03950, 2.438
7.220, -0.03900, 2.275
7.230, -0.03850, 2.437
7.240, -0.03800, 2.218
7.250, -0.03750, 2.463
7.260, -0.03700, 2.457
7.270, -0.03650, 2.356
7.280, -0.03600, 2.480
7.290, -0.03550, 2.270
7.300, -0.03500, 2.524
7.310, -0.03450, 2.526
7.320, -0.03400, 2.483
7.330, -0.03350, 2.496
7.340, -0.03300, 2.376
7.350, -0.03250, 2.541
7.360, -0.03200, 2.559
7.370, -0.03150, 2.498
7.380, -0.03100, 2.576
7.390, -0.03050, 2.481
7.400, -0.03000, 2.639
7.410, -0.02950, 2.656
7.420, -0.02900, 2.631
7.430, -0.02850, 2.680
7.440, -0.02800, 2.547
7.450, -0.02750, 2.701
7.460, -0.02700, 2.742
7.470, -0.02650, 2.787
7.480, -0.02600, 2.775
7.490, -0.02550, 2.675
7.500, -0.02500, 2.804
7.510, -0.02450, 2.805
7.520, -0.02400, 2.782
7.530, -0.02350, 2.837
7.540, -0.02300, 2.645
7.550, -0.02250, 2.855
7.560, -0.02200, 2.866
7.570, -0.02150, 2.757
7.580, -0.02100, 2.922
7.590, -0.02050, 2.710
7.600, -0.02000, 2.915
7.610, -0.01950, 2.962
7.620, -0.01900, 2.941
7.630, -0.01850, 3.016
7.640, -0.01800, 2.851
7.650, -0.01750, 2.985
7.660, -0.01700, 3.003
7.670, -0.01650, 3.000
7.680, -0.01600, 3.045
7.690, -0.01550, 2.934
7.700, -0.01500, 3.075
7.710, -0.01450, 3.075
7.720, -0.01400, 3.067
7.730, -0.01350, 3.118
7.740, -0.01300, 3.029
7.750, -0.01250, 3.143
7.760, -0.01200, 3.138
7.770, -0.01150, 3.154
7.780, -0.01100, 3.204
7.790, -0.01050, 2.991
7.800, -0.01000, 3.251
7.810, -0.009500, 3.255
7.820, -0.009000, 3.192
7.830, -0.008500, 3.339
7.840, -0.008000, 3.103
7.850, -0.007500, 3.391
7.860, -0.007000, 3.409
7.870, -0.006500, 3.316
7.880, -0.006000, 3.482
7.890, -0.005500, 3.365
7.900, -0.005000, 3.521
7.910, -0.004500, 3.534
7.920, -0.004000, 3.495
7.930, -0.003500, 3.559
7.940, -0.003000, 3.426
7.950, -0.002500, 3.622
7.960, -0.002000, 3.628
7.970, -0.001500, 3.591
7.980, -0.001000, 3.663
7.990, -0.0005000, 3.526
8.000, 0.000, 3.752
8.010, 0.0005000, 3.743
8.020, 0.001000, 3.651
8.030, 0.001500, 3.788
8.040, 0.002000, 3.631
8.050, 0.002500, 3.837
8.060, 0.003000, 3.880
8.070, 0.003500, 3.832
8.080, 0.004000, 3.904
8.090, 0.004500, 3.732
8.100, 0.005000, 3.952
8.110, 0.005500, 3.975
8.120, 0.006000, 3.969
8.130, 0.006500, 4.011
8.140, 0.007000, 3.883
8.150, 0.007500, 4.054
8.160, 0.008000, 4.086
8.170, 0.008500, 4.067
8.180, 0.009000, 4.144
8.190, 0.009500, 3.894
8.200, 0.01000, 4.173
8.210, 0.01050, 4.226
8.220, 0.01100, 4.189
8.230, 0.01150, 4.269
8.240, 0.01200, 4.153
8.250, 0.01250, 4.335
8.260, 0.01300, 4.373
8.270, 0.01350, 4.335
8.280, 0.01400, 4.468
8.290, 0.01450, 4.238
8.300, 0.01500, 4.529
8.310, 0.01550, 4.551
8.320, 0.01600, 4.457
8.330, 0.01650, 4.644
8.340, 0.01700, 4.499
8.350, 0.01750, 4.699
8.360, 0.01800, 4.701
8.370, 0.01850, 4.699
8.380, 0.01900, 4.770
8.390, 0.01950, 4.672
8.400, 0.02000, 4.815
8.410, 0.02050, 4.842
8.420, 0.02100, 4.879
8.430, 0.02150, 4.931
8.440, 0.02200, 4.694
8.450, 0.02250, 4.958
8.460, 0.02300, 5.010
8.470, 0.02350, 4.952
8.480, 0.02400, 5.057
8.490, 0.02450, 4.879
8.500, 0.02500, 5.106
8.510, 0.02550, 5.138
8.520, 0.02600, 5.003
8.530, 0.02650, 5.202
8.540, 0.02700, 5.023
8.550, 0.02750, 5.268
8.560, 0.02800, 5.285
8.570, 0.02850, 5.198
8.580, 0.02900, 5.384
8.590, 0.02950, 5.150
8.600, 0.03000, 5.406
8.610, 0.03050, 5.433
8.620, 0.03100, 5.380
8.630, 0.03150, 5.502
8.640, 0.03200, 5.305
8.650, 0.03250, 5.615
8.660, 0.03300, 5.639
8.670, 0.03350, 5.570
8.680, 0.03400, 5.704
8.690, 0.03450, 5.493
8.700, 0.03500, 5.795
8.710, 0.03550, 5.853
8.720, 0.03600, 5.887
8.730, 0.03650, 5.911
8.740, 0.03700, 5.857
8.750, 0.03750, 5.983
8.760, 0.03800, 6.025
8.770, 0.03850, 6.031
8.780, 0.03900, 6.109
8.790, 0.03950, 5.978
8.800, 0.04000, 6.178
8.810, 0.04050, 6.226
8.820, 0.04100, 6.230
8.830, 0.04150, 6.279
8.840, 0.04200, 6.172
8.850, 0.04250, 6.328
8.860, 0.04300, 6.385
8.870, 0.04350, 6.385
8.880, 0.04400, 6.445
8.890, 0.04450, 6.393
8.900, 0.04500, 6.501
8.910, 0.04550, 6.566
8.920, 0.04600, 6.565
8.930, 0.04650, 6.604
8.940, 0.04700, 6.549
8.950, 0.04750, 6.674
8.960, 0.04800, 6.727
8.970, 0.04850, 6.756
8.980, 0.04900, 6.775
8.990, 0.04950, 6.727
9.000, 0.05000, 6.851
9.010, 0.05050, 6.921
9.020, 0.05100, 6.949
9.030, 0.05150, 6.955
9.040, 0.05200, 6.796
9.050, 0.05250, 7.054
9.060, 0.05300, 7.082
9.070, 0.05350, 7.036
9.080, 0.05400, 7.199
9.090, 0.05450, 6.989
9.100, 0.05500, 7.312
9.110, 0.05550, 7.362
9.120, 0.05600, 7.344
9.130, 0.05650, 7.427
9.140, 0.05700, 7.292
9.150, 0.05750, 7.545
9.160, 0.05800, 7.564
9.170, 0.05850, 7.541
9.180, 0.05900, 7.693
9.190, 0.05950, 7.512
9.200, 0.06000, 7.760
9.210, 0.06050, 7.760
9.220, 0.06100, 7.773
9.230, 0.06150, 7.866
9.240, 0.06200, 7.692
9.250, 0.06250, 7.950
9.260, 0.06300, 8.011
9.270, 0.06350, 7.974
9.280, 0.06400, 8.083
9.290, 0.06450, 7.912
9.300, 0.06500, 8.150
9.310, 0.06550, 8.182
9.320, 0.06600, 8.165
9.330, 0.06650, 8.291
9.340, 0.06700, 8.074
9.350, 0.06750, 8.346
9.360, 0.06800, 8.409
9.370, 0.06850, 8.353
9.380, 0.06900, 8.494
9.390, 0.06950, 8.292
9.400, 0.07000, 8.556
9.410, 0.07050, 8.608
9.420, 0.07100, 8.589
9.430, 0.07150, 8.668
9.440, 0.07200, 8.472
9.450, 0.07250, 8.769
9.460, 0.07300, 8.811
9.470, 0.07350, 8.826
9.480, 0.07400, 8.897
9.490, 0.07450, 8.737
9.500, 0.07500, 8.977
9.510, 0.07550, 9.027
9.520, 0.07600, 9.023
9.530, 0.07650, 9.125
9.540, 0.07700, 8.949
9.550, 0.07750, 9.253
9.560, 0.07800, 9.302
9.570, 0.07850, 9.282
9.580, 0.07900, 9.380
9.590, 0.07950, 9.201
9.600, 0.08000, 9.486
9.610, 0.08050, 9.527
9.620, 0.08100, 9.521
9.630, 0.08150, 9.607
9.640, 0.08200, 9.559
9.650, 0.08250, 9.661
9.660, 0.08300, 9.704
9.670, 0.08350, 9.731
9.680, 0.08400, 9.808
9.690, 0.08450, 9.727
9.700, 0.08500, 9.870
9.710, 0.08550, 9.916
9.720, 0.08600, 9.948
9.730, 0.08650, 9.985
9.740, 0.08700, 9.927
9.750, 0.08750, 10.06
9.760, 0.08800, 10.12
9.770, 0.08850, 10.12
9.780, 0.08900, 10.19
9.790, 0.08950, 10.09
9.800, 0.09000, 10.26
9.810, 0.09050, 10.30
9.820, 0.09100, 10.36
9.830, 0.09150, 10.38
9.840, 0.09200, 10.33
9.850, 0.09250, 10.45
9.860, 0.09300, 10.51
9.870, 0.09350, 10.56
9.880, 0.09400, 10.57
9.890, 0.09450, 10.47
9.900, 0.09500, 10.66
9.910, 0.09550, 10.71
9.920, 0.09600, 10.72
9.930, 0.09650, 10.80
9.940, 0.09700, 10.73
9.950, 0.09750, 10.90
9.960, 0.09800, 10.94
9.970, 0.09850, 10.96
9.980, 0.09900, 11.02
9.990, 0.09950, 10.93
10.00, 0.1000, 11.10
10.01, 0.1005, 11.17
10.02, 0.1010, 11.19
10.03, 0.1015, 11.24
10.04, 0.1020, 11.13
10.05, 0.1025, 11.28
10.06, 0.1030, 11.33
10.07, 0.1035, 11.36
10.08, 0.1040, 11.41
10.09, 0.1045, 11.28
10.10, 0.1050, 11.48
10.11, 0.1055, 11.50
10.12, 0.1060, 11.52
10.13, 0.1065, 11.55
10.14, 0.1070, 11.52
10.15, 0.1075, 11.64
10.16, 0.1080, 11.66
10.17, 0.1085, 11.71
10.18, 0.1090, 11.73
10.19, 0.1095, 11.60
10.20, 0.1100, 11.77
10.21, 0.1105, 11.83
10.22, 0.1110, 11.83
10.23, 0.1115, 11.88
10.24, 0.1120, 11.76
10.25, 0.1125, 11.93
10.26, 0.1130, 11.94
10.27, 0.1135, 11.95
10.28, 0.1140, 12.01
10.29, 0.1145, 11.91
10.30, 0.1150, 12.05
10.31, 0.1155, 12.08
10.32, 0.1160, 12.12
10.33, 0.1165, 12.15
10.34, 0.1170, 12.09
10.35, 0.1175, 12.23
10.36, 0.1180, 12.25
10.37, 0.1185, 12.29
10.38, 0.1190, 12.35
10.39, 0.1195, 12.25
10.40, 0.1200, 12.38
10.41, 0.1205, 12.44
10.42, 0.1210, 12.47
10.43, 0.1215, 12.49
10.44, 0.1220, 12.37
10.45, 0.1225, 12.53
10.46, 0.1230, 12.56
10.47, 0.1235, 12.58
10.48, 0.1240, 12.60
10.49, 0.1245, 12.51
10.50, 0.1250, 12.63
10.51, 0.1255, 12.64
10.52, 0.1260, 12.67
10.53, 0.1265, 12.71
10.54, 0.1270, 12.66
10.55, 0.1275, 12.74
10.56, 0.1280, 12.73
10.57, 0.1285, 12.76
10.58, 0.1290, 12.76
10.59, 0.1295, 12.72
10.60, 0.1300, 12.79
10.61, 0.1305, 12.80
10.62, 0.1310, 12.82
10.63, 0.1315, 12.83
10.64, 0.1320, 12.83
10.65, 0.1325, 12.87
10.66, 0.1330, 12.88
10.67, 0.1335, 12.86
10.68, 0.1340, 12.86
10.69, 0.1345, 12.89
10.70, 0.1350, 12.92
10.71, 0.1355, 12.92
10.72, 0.1360, 12.93
10.73, 0.1365, 12.93
10.74, 0.1370, 12.95
10.75, 0.1375, 12.94
10.76, 0.1380, 12.97
10.77, 0.1385, 13.00
10.78, 0.1390, 13.03
10.79, 0.1395, 13.04
10.80, 0.1400, 13.08
10.81, 0.1405, 13.10
10.82, 0.1410, 13.09
10.83, 0.1415, 13.08
10.84, 0.1420, 12.96
10.85, 0.1425, 13.13
10.86, 0.1430, 13.14
10.87, 0.1435, 13.14
10.88, 0.1440, 13.12
10.89, 0.1445, 13.04
10.90, 0.1450, 13.15
10.91, 0.1455, 13.17
10.92, 0.1460, 13.14
10.93, 0.1465, 13.15
10.94, 0.1470, 13.05
10.95, 0.1475, 13.15
10.96, 0.1480, 13.16
10.97, 0.1485, 13.16
10.98, 0.1490, 13.14
10.99, 0.1495, 13.14
11.00, 0.1500, 13.14
11.01, 0.1505, 13.12
11.02, 0.1510, 13.12
11.03, 0.1515, 13.11
11.04, 0.1520, 13.12
11.05, 0.1525, 13.11
11.06, 0.1530, 13.11
11.07, 0.1535, 13.12
11.08, 0.1540, 13.11
11.09, 0.1545, 12.72
11.10, 0.1550, 13.11
11.11, 0.1555, 13.05
11.12, 0.1560, 13.00
11.13, 0.1565, 13.09
11.14, 0.1570, 12.91
11.15, 0.1575, 13.08
11.16, 0.1580, 13.00
11.17, 0.1585, 12.99
11.18, 0.1590, 13.10
11.19, 0.1595, 12.94
11.20, 0.1600, 13.10
11.21, 0.1605, 13.01
11.22, 0.1610, 13.04
11.23, 0.1615, 13.15
11.24, 0.1620, 12.99
11.25, 0.1625, 13.12
11.26, 0.1630, 13.02
11.27, 0.1635, 12.98
11.28, 0.1640, 12.87
11.29, 0.1645, 12.65
11.30, 0.1650, 12.80
11.31, 0.1655, 13.08
11.32, 0.1660, 12.88
11.33, 0.1665, 13.13
11.34, 0.1670, 12.75
11.35, 0.1675, 12.82
11.36, 0.1680, 13.00
11.37, 0.1685, 12.85
11.38, 0.1690, 12.87
11.39, 0.1695, 12.78
11.40, 0.1700, 12.87
11.41, 0.1705, 12.82
11.42, 0.1710, 12.78
11.43, 0.1715, 12.87
11.44, 0.1720, 12.77
11.45, 0.1725, 12.87
11.46, 0.1730, 12.71
11.47, 0.1735, 12.83
11.48, 0.1740, 12.88
11.49, 0.1745, 12.71
11.50, 0.1750, 12.76
11.51, 0.1755, 12.85
11.52, 0.1760, 12.72
11.53, 0.1765, 12.81
11.54, 0.1770, 12.67
11.55, 0.1775, 12.77
11.56, 0.1780, 12.74
11.57, 0.1785, 12.62
11.58, 0.1790, 12.81
11.59, 0.1795, 12.62
11.60, 0.1800, 12.83
11.61, 0.1805, 12.69
11.62, 0.1810, 12.68
11.63, 0.1815, 12.67
11.64, 0.1820, 12.70
11.65, 0.1825, 12.76
11.66, 0.1830, 12.64
11.67, 0.1835, 12.73
11.68, 0.1840, 12.87
11.69, 0.1845, 12.65
11.70, 0.1850, 12.84
11.71, 0.1855, 12.54
11.72, 0.1860, 12.72
11.73, 0.1865, 12.85
11.74, 0.1870, 12.62
11.75, 0.1875, 12.74
11.76, 0.1880, 12.62
11.77, 0.1885, 12.66
11.78, 0.1890, 12.78
11.79, 0.1895, 12.64
11.80, 0.1900, 12.79
11.81, 0.1905, 12.73
11.82, 0.1910, 12.61
11.83, 0.1915, 12.77
11.84, 0.1920, 12.60
11.85, 0.1925, 12.78
11.86, 0.1930, 12.52
11.87, 0.1935, 12.63
11.88, 0.1940, 12.78
11.89, 0.1945, 12.53
11.90, 0.1950, 12.76
11.91, 0.1955, 12.55
11.92, 0.1960, 12.60
11.93, 0.1965, 12.74
11.94, 0.1970, 12.53
11.95, 0.1975, 12.71
11.96, 0.1980, 12.50
11.97, 0.1985, 12.57
11.98, 0.1990, 12.72
11.99, 0.1995, 12.48
12.00, 0.2000, 12.70
12.01, 0.2005, 12.48
12.02, 0.2010, 12.52
12.03, 0.2015, 12.80
12.04, 0.2020, 12.52
12.05, 0.2025, 12.71
12.06, 0.2030, 12.60
12.07, 0.2035, 12.59
12.08, 0.2040, 12.80
12.09, 0.2045, 12.56
12.10, 0.2050, 12.79
12.11, 0.2055, 12.62
12.12, 0.2060, 12.61
12.13, 0.2065, 12.81
12.14, 0.2070, 12.56
12.15, 0.2075, 12.78
12.16, 0.2080, 12.54
12.17, 0.2085, 12.63
12.18, 0.2090, 12.80
12.19, 0.2095, 12.53
12.20, 0.2100, 12.79
12.21, 0.2105, 12.53
12.22, 0.2110, 12.52
12.23, 0.2115, 12.78
12.24, 0.2120, 12.53
12.25, 0.2125, 12.75
12.26, 0.2130, 12.58
12.27, 0.2135, 12.55
12.28, 0.2140, 12.74
12.29, 0.2145, 12.48
12.30, 0.2150, 12.74
12.31, 0.2155, 12.40
12.32, 0.2160, 12.47
12.33, 0.2165, 12.73
12.34, 0.2170, 12.42
12.35, 0.2175, 12.74
12.36, 0.2180, 12.39
12.37, 0.2185, 12.47
12.38, 0.2190, 12.70
12.39, 0.2195, 12.40
12.40, 0.2200, 12.69
12.41, 0.2205, 12.51
12.42, 0.2210, 12.48
12.43, 0.2215, 12.67
12.44, 0.2220, 12.37
12.45, 0.2225, 12.68
12.46, 0.2230, 12.37
12.47, 0.2235, 12.48
12.48, 0.2240, 12.71
12.49, 0.2245, 12.43
12.50, 0.2250, 12.78
12.51, 0.2255, 12.45
12.52, 0.2260, 12.54
12.53, 0.2265, 12.74
12.54, 0.2270, 12.48
12.55, 0.2275, 12.78
12.56, 0.2280, 12.52
12.57, 0.2285, 12.52
12.58, 0.2290, 12.73
12.59, 0.2295, 12.46
12.60, 0.2300, 12.78
12.61, 0.2305, 12.50
12.62, 0.2310, 12.48
12.63, 0.2315, 12.75
12.64, 0.2320, 12.46
12.65, 0.2325, 12.74
12.66, 0.2330, 12.47
12.67, 0.2335, 12.53
12.68, 0.2340, 12.74
12.69, 0.2345, 12.48
12.70, 0.2350, 12.77
12.71, 0.2355, 12.50
12.72, 0.2360, 12.49
12.73, 0.2365, 12.73
12.74, 0.2370, 12.48
12.75, 0.2375, 12.74
12.76, 0.2380, 12.45
12.77, 0.2385, 12.48
12.78, 0.2390, 12.70
12.79, 0.2395, 12.43
12.80, 0.2400, 12.75
12.81, 0.2405, 12.44
12.82, 0.2410, 12.50
12.83, 0.2415, 12.72
12.84, 0.2420, 12.49
12.85, 0.2425, 12.75
12.86, 0.2430, 12.50
12.87, 0.2435, 12.54
12.88, 0.2440, 12.76
12.89, 0.2445, 12.45
12.90, 0.2450, 12.81
12.91, 0.2455, 12.57
12.92, 0.2460, 12.59
12.93, 0.2465, 12.85
12.94, 0.2470, 12.57
12.95, 0.2475, 12.85
12.96, 0.2480, 12.72
12.97, 0.2485, 12.68
12.98, 0.2490, 12.87
12.99, 0.2495, 12.60
13.00, 0.2500, 12.87
13.01, 0.2505, 12.62
13.02, 0.2510, 12.69
13.03, 0.2515, 12.90
13.04, 0.2520, 12.59
13.05, 0.2525, 12.90
13.06, 0.2530, 12.67
13.07, 0.2535, 12.70
13.08, 0.2540, 12.90
13.09, 0.2545, 12.66
13.10, 0.2550, 12.90
13.11, 0.2555, 12.69
13.12, 0.2560, 12.68
13.13, 0.2565, 12.95
13.14, 0.2570, 12.63
13.15, 0.2575, 12.92
13.16, 0.2580, 12.68
13.17, 0.2585, 12.74
13.18, 0.2590, 12.92
13.19, 0.2595, 12.63
13.20, 0.2600, 12.94
13.21, 0.2605, 12.70
13.22, 0.2610, 12.82
13.23, 0.2615, 12.93
13.24, 0.2620, 12.71
13.25, 0.2625, 12.94
13.26, 0.2630, 12.76
13.27, 0.2635, 12.88
13.28, 0.2640, 13.01
13.29, 0.2645, 12.78
13.30, 0.2650, 13.02
13.31, 0.2655, 12.85
13.32, 0.2660, 12.94
13.33, 0.2665, 13.07
13.34, 0.2670, 12.81
13.35, 0.2675, 13.12
13.36, 0.2680, 12.90
13.37, 0.2685, 13.00
13.38, 0.2690, 13.15
13.39, 0.2695, 12.90
13.40, 0.2700, 13.16
13.41, 0.2705, 12.96
13.42, 0.2710, 13.04
13.43, 0.2715, 13.17
13.44, 0.2720, 12.90
13.45, 0.2725, 13.17
13.46, 0.2730, 12.95
13.47, 0.2735, 13.07
13.48, 0.2740, 13.20
13.49, 0.2745, 12.90
13.50, 0.2750, 13.20
13.51, 0.2755, 13.06
13.52, 0.2760, 13.04
13.53, 0.2765, 13.23
13.54, 0.2770, 13.04
13.55, 0.2775, 13.29
13.56, 0.2780, 13.02
13.57, 0.2785, 13.09
13.58, 0.2790, 13.26
13.59, 0.2795, 12.99
13.60, 0.2800, 13.30
13.61, 0.2805, 13.05
13.62, 0.2810, 13.12
13.63, 0.2815, 13.28
13.64, 0.2820, 13.04
13.65, 0.2825, 13.31
13.66, 0.2830, 13.07
13.67, 0.2835, 13.16
13.68, 0.2840, 13.30
13.69, 0.2845, 13.05
13.70, 0.2850, 13.34
13.71, 0.2855, 13.12
13.72, 0.2860, 13.21
13.73, 0.2865, 13.37
13.74, 0.2870, 13.12
13.75, 0.2875, 13.47
13.76, 0.2880, 13.32
13.77, 0.2885, 13.31
13.78, 0.2890, 13.49
13.79, 0.2895, 13.22
13.80, 0.2900, 13.51
13.81, 0.2905, 13.21
13.82, 0.2910, 13.46
13.83, 0.2915, 13.53
13.84, 0.2920, 13.27
13.85, 0.2925, 13.53
13.86, 0.2930, 13.31
13.87, 0.2935, 13.44
13.88, 0.2940, 13.57
13.89, 0.2945, 13.31
13.90, 0.2950, 13.58
13.91, 0.2955, 13.34
13.92, 0.2960, 13.52
13.93, 0.2965, 13.60
13.94, 0.2970, 13.31
13.95, 0.2975, 13.60
13.96, 0.2980, 13.44
13.97, 0.2985, 13.49
13.98, 0.2990, 13.63
13.99, 0.2995, 13.32
14.00, 0.3000, 13.65
14.01, 0.3005, 13.41
14.02, 0.3010, 13.50
14.03, 0.3015, 13.65
14.04, 0.3020, 13.42
14.05, 0.3025, 13.63
14.06, 0.3030, 13.44
14.07, 0.3035, 13.57
14.08, 0.3040, 13.68
14.09, 0.3045, 13.40
14.10, 0.3050, 13.69
14.11, 0.3055, 13.45
14.12, 0.3060, 13.58
14.13, 0.3065, 13.70
14.14, 0.3070, 13.50
14.15, 0.3075, 13.75
14.16, 0.3080, 13.48
14.17, 0.3085, 13.66
14.18, 0.3090, 13.80
14.19, 0.3095, 13.53
14.20, 0.3100, 13.84
14.21, 0.3105, 13.64
14.22, 0.3110, 13.75
14.23, 0.3115, 13.84
14.24, 0.3120, 13.60
14.25, 0.3125, 13.83
14.26, 0.3130, 13.58
14.27, 0.3135, 13.74
14.28, 0.3140, 13.87
14.29, 0.3145, 13.57
14.30, 0.3150, 13.88
14.31, 0.3155, 13.70
14.32, 0.3160, 13.74
14.33, 0.3165, 13.89
14.34, 0.3170, 13.58
14.35, 0.3175, 13.89
14.36, 0.3180, 13.71
14.37, 0.3185, 13.79
14.38, 0.3190, 13.89
14.39, 0.3195, 13.68
14.40, 0.3200, 13.91
14.41, 0.3205, 13.71
14.42, 0.3210, 13.85
14.43, 0.3215, 13.90
14.44, 0.3220, 13.67
14.45, 0.3225, 13.89
14.46, 0.3230, 13.73
14.47, 0.3235, 13.76
14.48, 0.3240, 13.89
14.49, 0.3245, 13.68
14.50, 0.3250, 13.91
14.51, 0.3255, 13.69
14.52, 0.3260, 13.84
14.53, 0.3265, 13.91
14.54, 0.3270, 13.80
14.55, 0.3275, 13.92
14.56, 0.3280, 13.75
14.57, 0.3285, 13.81
14.58, 0.3290, 13.96
14.59, 0.3295, 13.79
14.60, 0.3300, 13.99
14.61, 0.3305, 13.74
14.62, 0.3310, 13.92
14.63, 0.3315, 13.99
14.64, 0.3320, 13.68
14.65, 0.3325, 14.06
14.66, 0.3330, 13.82
14.67, 0.3335, 13.92
14.68, 0.3340, 14.02
14.69, 0.3345, 13.72
14.70, 0.3350, 14.03
14.71, 0.3355, 13.84
14.72, 0.3360, 13.95
14.73, 0.3365, 14.03
14.74, 0.3370, 13.75
14.75, 0.3375, 14.02
14.76, 0.3380, 13.87
14.77, 0.3385, 13.91
14.78, 0.3390, 14.00
14.79, 0.3395, 13.77
14.80, 0.3400, 14.02
14.81, 0.3405, 13.83
14.82, 0.3410, 13.94
14.83, 0.3415, 14.03
14.84, 0.3420, 13.75
14.85, 0.3425, 14.01
14.86, 0.3430, 13.85
14.87, 0.3435, 13.94
14.88, 0.3440, 14.00
14.89, 0.3445, 13.72
14.90, 0.3450, 14.01
14.91, 0.3455, 13.78
14.92, 0.3460, 13.93
14.93, 0.3465, 13.97
14.94, 0.3470, 13.73
14.95, 0.3475, 13.97
14.96, 0.3480, 13.82
14.97, 0.3485, 13.94
14.98, 0.3490, 14.00
14.99, 0.3495, 13.83
15.00, 0.3500, 14.03
15.01, 0.3505, 13.92
15.02, 0.3510, 14.04
15.03, 0.3515, 14.07
15.04, 0.3520, 13.85
15.05, 0.3525, 14.08
15.06, 0.3530, 13.88
15.07, 0.3535, 14.00
15.08, 0.3540, 14.08
15.09, 0.3545, 13.92
15.10, 0.3550, 14.07
15.11, 0.3555, 13.89
15.12, 0.3560, 14.02
15.13, 0.3565, 14.07
15.14, 0.3570, 13.85
15.15, 0.3575, 14.09
15.16, 0.3580, 13.89
15.17, 0.3585, 14.03
15.18, 0.3590, 14.05
15.19, 0.3595, 13.89
15.20, 0.3600, 14.06
15.21, 0.3605, 13.85
15.22, 0.3610, 14.01
15.23, 0.3615, 14.07
15.24, 0.3620, 13.92
15.25, 0.3625, 14.04
15.26, 0.3630, 13.90
15.27, 0.3635, 14.00
15.28, 0.3640, 14.04
15.29, 0.3645, 13.96
15.30, 0.3650, 14.04
15.31, 0.3655, 13.87
15.32, 0.3660, 13.97
15.33, 0.3665, 14.02
15.34, 0.3670, 13.87
15.35, 0.3675, 14.02
15.36, 0.3680, 13.83
15.37, 0.3685, 13.94
15.38, 0.3690, 14.02
15.39, 0.3695, 13.86
15.40, 0.3700, 14.03
15.41, 0.3705, 13.88
15.42, 0.3710, 14.00
15.43, 0.3715, 14.08
15.44, 0.3720, 13.83
15.45, 0.3725, 14.10
15.46, 0.3730, 13.93
15.47, 0.3735, 14.07
15.48, 0.3740, 14.13
15.49, 0.3745, 13.91
15.50, 0.3750, 14.13
15.51, 0.3755, 14.00
15.52, 0.3760, 14.08
15.53, 0.3765, 14.14
15.54, 0.3770, 13.92
15.55, 0.3775, 14.11
15.56, 0.3780, 13.98
15.57, 0.3785, 14.06
15.58, 0.3790, 14.10
15.59, 0.3795, 13.89
15.60, 0.3800, 14.08
15.61, 0.3805, 13.95
15.62, 0.3810, 14.07
15.63, 0.3815, 14.09
15.64, 0.3820, 13.84
15.65, 0.3825, 14.09
15.66, 0.3830, 13.93
15.67, 0.3835, 14.02
15.68, 0.3840, 14.12
15.69, 0.3845, 13.92
15.70, 0.3850, 14.10
15.71, 0.3855, 13.97
15.72, 0.3860, 14.03
15.73, 0.3865, 14.08
15.74, 0.3870, 13.93
15.75, 0.3875, 14.07
15.76, 0.3880, 13.87
15.77, 0.3885, 14.00
15.78, 0.3890, 14.05
15.79, 0.3895, 13.92
15.80, 0.3900, 14.07
15.81, 0.3905, 13.90
15.82, 0.3910, 14.05
15.83, 0.3915, 14.06
15.84, 0.3920, 14.03
15.85, 0.3925, 14.15
15.86, 0.3930, 14.04
15.87, 0.3935, 14.10
15.88, 0.3940, 14.16
15.89, 0.3945, 14.05
15.90, 0.3950, 14.15
15.91, 0.3955, 14.01
15.92, 0.3960, 14.10
15.93, 0.3965, 14.17
15.94, 0.3970, 14.06
15.95, 0.3975, 14.16
15.96, 0.3980, 14.01
15.97, 0.3985, 14.10
15.98, 0.3990, 14.16
15.99, 0.3995, 14.05
16.00, 0.4000, 14.17
16.01, 0.3995, 13.80
16.02, 0.3990, 13.72
16.03, 0.3985, 13.52
16.04, 0.3980, 13.29
16.05, 0.3975, 13.21
16.06, 0.3970, 12.89
16.07, 0.3965, 12.92
16.08, 0.3960, 12.77
16.09, 0.3955, 12.49
16.10, 0.3950, 12.48
16.11, 0.3945, 12.24
16.12, 0.3940, 12.23
16.13, 0.3935, 12.12
16.14, 0.3930, 11.91
16.15, 0.3925, 11.90
16.16, 0.3920, 11.64
16.17, 0.3915, 11.67
16.18, 0.3910, 11.55
16.19, 0.3905, 11.35
16.20, 0.3900, 11.35
16.21, 0.3895, 11.15
16.22, 0.3890, 11.16
16.23, 0.3885, 11.06
16.24, 0.3880, 10.84
16.25, 0.3875, 10.85
16.26, 0.3870, 10.62
16.27, 0.3865, 10.65
16.28, 0.3860, 10.53
16.29, 0.3855, 10.32
16.30, 0.3850, 10.35
16.31, 0.3845, 10.16
16.32, 0.3840, 10.19
16.33, 0.3835, 10.11
16.34, 0.3830, 9.918
16.35, 0.3825, 9.941
16.36, 0.3820, 9.762
16.37, 0.3815, 9.804
16.38, 0.3810, 9.703
16.39, 0.3805, 9.545
16.40, 0.3800, 9.574
16.41, 0.3795, 9.323
16.42, 0.3790, 9.410
16.43, 0.3785, 9.371
16.44, 0.3780, 9.233
16.45, 0.3775, 9.217
16.46, 0.3770, 8.998
16.47, 0.3765, 9.040
16.48, 0.3760, 9.013
16.49, 0.3755, 8.844
16.50, 0.3750, 8.896
16.51, 0.3745, 8.721
16.52, 0.3740, 8.771
16.53, 0.3735, 8.720
16.54, 0.3730, 8.676
16.55, 0.3725, 8.592
16.56, 0.3720, 8.419
16.57, 0.3715, 8.463
16.58, 0.3710, 8.388
16.59, 0.3705, 8.344
16.60, 0.3700, 8.274
16.61, 0.3695, 8.211
16.62, 0.3690, 8.175
16.63, 0.3685, 8.083
16.64, 0.3680, 8.039
16.65, 0.3675, 7.955
16.66, 0.3670, 7.900
16.67, 0.3665, 7.823
16.68, 0.3660, 7.769
16.69, 0.3655, 7.698
16.70, 0.3650, 7.629
16.71, 0.3645, 7.565
16.72, 0.3640, 7.513
16.73, 0.3635, 7.463
16.74, 0.3630, 7.442
16.75, 0.3625, 7.398
16.76, 0.3620, 7.332
16.77, 0.3615, 7.249
16.78, 0.3610, 7.179
16.79, 0.3605, 7.125
16.80, 0.3600, 7.101
16.81, 0.3595, 7.068
16.82, 0.3590, 7.025
16.83, 0.3585, 6.967
16.84, 0.3580, 6.936
16.85, 0.3575, 6.906
16.86, 0.3570, 6.836
16.87, 0.3565, 6.788
16.88, 0.3560, 6.767
16.89, 0.3555, 6.690
16.90, 0.3550, 6.678
16.91, 0.3545, 6.653
16.92, 0.3540, 6.589
16.93, 0.3535, 6.558
16.94, 0.3530, 6.503
16.95, 0.3525, 6.465
16.96, 0.3520, 6.436
16.97, 0.3515, 6.418
16.98, 0.3510, 6.353
16.99, 0.3505, 6.320
17.00, 0.3500, 6.263
17.01, 0.3495, 6.235
17.02, 0.3490, 6.212
17.03, 0.3485, 6.166
17.04, 0.3480, 6.113
17.05, 0.3475, 6.093
17.06, 0.3470, 6.057
17.07, 0.3465, 5.999
17.08, 0.3460, 5.976
17.09, 0.3455, 5.901
17.10, 0.3450, 5.844
17.11, 0.3445, 5.813
17.12, 0.3440, 5.775
17.13, 0.3435, 5.719
17.14, 0.3430, 5.676
17.15, 0.3425, 5.645
17.16, 0.3420, 5.604
17.17, 0.3415, 5.559
17.18, 0.3410, 5.571
17.19, 0.3405, 5.497
17.20, 0.3400, 5.477
17.21, 0.3395, 5.457
17.22, 0.3390, 5.426
17.23, 0.3385, 5.414
17.24, 0.3380, 5.287
17.25, 0.3375, 5.329
17.26, 0.3370, 5.319
17.27, 0.3365, 5.265
17.28, 0.3360, 5.224
17.29, 0.3355, 5.204
17.30, 0.3350, 5.183
17.31, 0.3345, 5.024
17.32, 0.3340, 5.104
17.33, 0.3335, 5.088
17.34, 0.3330, 4.991
17.35, 0.3325, 5.046
17.36, 0.3320, 5.018
17.37, 0.3315, 5.011
17.38, 0.3310, 4.969
17.39, 0.3305, 4.941
17.40, 0.3300, 4.939
17.41, 0.3295, 4.901
17.42, 0.3290, 4.857
17.43, 0.3285, 4.834
17.44, 0.3280, 4.824
17.45, 0.3275, 4.791
17.46, 0.3270, 4.791
17.47, 0.3265, 4.743
17.48, 0.3260, 4.720
17.49, 0.3255, 4.671
17.50, 0.3250, 4.657
17.51, 0.3245, 4.582
17.52, 0.3240, 4.523
17.53, 0.3235, 4.499
17.54, 0.3230, 4.499
17.55, 0.3225, 4.466
17.56, 0.3220, 4.456
17.57, 0.3215, 4.394
17.58, 0.3210, 4.381
17.59, 0.3205, 4.353
17.60, 0.3200, 4.315
17.61, 0.3195, 4.283
17.62, 0.3190, 4.263
17.63, 0.3185, 4.235
17.64, 0.3180, 4.216
17.65, 0.3175, 4.233
17.66, 0.3170, 4.180
17.67, 0.3165, 4.155
17.68, 0.3160, 4.136
17.69, 0.3155, 4.079
17.70, 0.3150, 4.111
17.71, 0.3145, 4.090
17.72, 0.3140, 4.040
17.73, 0.3135, 4.058
17.74, 0.3130, 4.019
17.75, 0.3125, 3.993
17.76, 0.3120, 3.991
17.77, 0.3115, 3.982
17.78, 0.3110, 3.940
17.79, 0.3105, 3.918
17.80, 0.3100, 3.888
17.81, 0.3095, 3.888
17.82, 0.3090, 3.876
17.83, 0.3085, 3.846
17.84, 0.3080, 3.834
17.85, 0.3075, 3.819
17.86, 0.3070, 3.817
17.87, 0.3065, 3.791
17.88, 0.3060, 3.759
17.89, 0.3055, 3.708
17.90, 0.3050, 3.715
17.91, 0.3045, 3.592
17.92, 0.3040, 3.670
17.93, 0.3035, 3.634
17.94, 0.3030, 3.551
17.95, 0.3025, 3.570
17.96, 0.3020, 3.463
17.97, 0.3015, 3.531
17.98, 0.3010, 3.521
17.99, 0.3005, 3.424
18.00, 0.3000, 3.481
18.01, 0.2995, 3.360
18.02, 0.2990, 3.458
18.03, 0.2985, 3.431
18.04, 0.2980, 3.301
18.05, 0.2975, 3.383
18.06, 0.2970, 3.374
18.07, 0.2965, 3.345
18.08, 0.2960, 3.320
18.09, 0.2955, 3.270
18.10, 0.2950, 3.312
18.11, 0.2945, 3.173
18.12, 0.2940, 3.291
18.13, 0.2935, 3.296
18.14, 0.2930, 3.159
18.15, 0.2925, 3.212
18.16, 0.2920, 3.113
18.17, 0.2915, 3.199
18.18, 0.2910, 3.200
18.19, 0.2905, 3.079
18.20, 0.2900, 3.176
18.21, 0.2895, 3.168
18.22, 0.2890, 3.166
18.23, 0.2885, 3.115
18.24, 0.2880, 3.020
18.25, 0.2875, 3.091
18.26, 0.2870, 3.091
18.27, 0.2865, 3.094
18.28, 0.2860, 3.100
18.29, 0.2855, 3.042
18.30, 0.2850, 3.053
18.31, 0.2845, 2.998
18.32, 0.2840, 3.011
18.33, 0.2835, 2.981
18.34, 0.2830, 2.886
18.35, 0.2825, 2.972
18.36, 0.2820, 2.762
18.37, 0.2815, 2.903
18.38, 0.2810, 2.893
18.39, 0.2805, 2.742
18.40, 0.2800, 2.838
18.41, 0.2795, 2.811
18.42, 0.2790, 2.781
18.43, 0.2785, 2.760
18.44, 0.2780, 2.705
18.45, 0.2775, 2.755
18.46, 0.2770, 2.732
18.47, 0.2765, 2.717
18.48, 0.2760, 2.738
18.49, 0.2755, 2.741
18.50, 0.2750, 2.694
18.51, 0.2745, 2.670
18.52, 0.2740, 2.645
18.53, 0.2735, 2.646
18.54, 0.2730, 2.631
18.55, 0.2725, 2.649
18.56, 0.2720, 2.636
18.57, 0.2715, 2.620
18.58, 0.2710, 2.558
18.59, 0.2705, 2.556
18.60, 0.2700, 2.563
18.61, 0.2695, 2.467
18.62, 0.2690, 2.574
18.63, 0.2685, 2.568
18.64, 0.2680, 2.470
18.65, 0.2675, 2.529
18.66, 0.2670, 2.514
18.67, 0.2665, 2.525
18.68, 0.2660, 2.497
18.69, 0.2655, 2.460
18.70, 0.2650, 2.497
18.71, 0.2645, 2.483
18.72, 0.2640, 2.487
18.73, 0.2635, 2.451
18.74, 0.2630, 2.354
18.75, 0.2625, 2.420
18.76, 0.2620, 2.420
18.77, 0.2615, 2.389
18.78, 0.2610, 2.341
18.79, 0.2605, 2.214
18.80, 0.2600, 2.295
18.81, 0.2595, 2.145
18.82, 0.2590, 2.284
18.83, 0.2585, 2.265
18.84, 0.2580, 2.167
18.85, 0.2575, 2.223
18.86, 0.2570, 2.130
18.87, 0.2565, 2.201
18.88, 0.2560, 2.227
18.89, 0.2555, 2.057
18.90, 0.2550, 2.207
18.91, 0.2545, 2.186
18.92, 0.2540, 2.195
18.93, 0.2535, 2.155
18.94, 0.2530, 2.007
18.95, 0.2525, 2.152
18.96, 0.2520, 2.127
18.97, 0.2515, 2.106
18.98, 0.2510, 2.114
18.99, 0.2505, 2.053
19.00, 0.2500, 2.083
19.01, 0.2495, 2.067
19.02, 0.2490, 2.057
19.03, 0.2485, 2.036
19.04, 0.2480, 1.945
19.05, 0.2475, 2.023
19.06, 0.2470, 2.007
19.07, 0.2465, 2.020
19.08, 0.2460, 2.022
19.09, 0.2455, 1.859
19.10, 0.2450, 2.002
19.11, 0.2445, 1.994
19.12, 0.2440, 1.981
19.13, 0.2435, 1.964
19.14, 0.2430, 1.892
19.15, 0.2425, 1.944
19.16, 0.2420, 1.787
19.17, 0.2415, 1.932
19.18, 0.2410, 1.899
19.19, 0.2405, 1.797
19.20, 0.2400, 1.879
19.21, 0.2395, 1.830
19.22, 0.2390, 1.818
19.23, 0.2385, 1.793
19.24, 0.2380, 1.672
19.25, 0.2375, 1.761
19.26, 0.2370, 1.758
19.27, 0.2365, 1.735
19.28, 0.2360, 1.716
19.29, 0.2355, 1.701
19.30, 0.2350, 1.707
19.31, 0.2345, 1.677
19.32, 0.2340, 1.676
19.33, 0.2335, 1.691
19.34, 0.2330, 1.575
19.35, 0.2325, 1.675
19.36, 0.2320, 1.656
19.37, 0.2315, 1.656
19.38, 0.2310, 1.634
19.39, 0.2305, 1.587
19.40, 0.2300, 1.643
19.41, 0.2295, 1.517
19.42, 0.2290, 1.615
19.43, 0.2285, 1.591
19.44, 0.2280, 1.506
19.45, 0.2275, 1.591
19.46, 0.2270, 1.589
19.47, 0.2265, 1.558
19.48, 0.2260, 1.554
19.49, 0.2255, 1.555
19.50, 0.2250, 1.558
19.51, 0.2245, 1.548
19.52, 0.2240, 1.528
19.53, 0.2235, 1.515
19.54, 0.2230, 1.486
19.55, 0.2225, 1.501
19.56, 0.2220, 1.484
19.57, 0.2215, 1.481
19.58, 0.2210, 1.495
19.59, 0.2205, 1.473
19.60, 0.2200, 1.441
19.61, 0.2195, 1.446
19.62, 0.2190, 1.383
19.63, 0.2185, 1.349
19.64, 0.2180, 1.344
19.65, 0.2175, 1.342
19.66, 0.2170, 1.352
19.67, 0.2165, 1.333
19.68, 0.2160, 1.309
19.69, 0.2155, 1.218
19.70, 0.2150, 1.275
19.71, 0.2145, 1.253
19.72, 0.2140, 1.261
19.73, 0.2135, 1.232
19.74, 0.2130, 1.128
19.75, 0.2125, 1.253
19.76, 0.2120, 1.097
19.77, 0.2115, 1.241
19.78, 0.2110, 1.256
19.79, 0.2105, 1.069
19.80, 0.2100, 1.218
19.81, 0.2095, 1.099
19.82, 0.2090, 1.208
19.83, 0.2085, 1.206
19.84, 0.2080, 1.037
19.85, 0.2075, 1.167
19.86, 0.2070, 1.057
19.87, 0.2065, 1.161
19.88, 0.2060, 1.167
19.89, 0.2055, 1.032
19.90, 0.2050, 1.162
19.91, 0.2045, 1.141
19.92, 0.2040, 1.129
19.93, 0.2035, 1.135
19.94, 0.2030, 0.9623
19.95, 0.2025, 1.096
19.96, 0.2020, 0.9811
19.97, 0.2015, 1.066
19.98, 0.2010, 1.083
19.99, 0.2005, 0.9143
20.00, 0.2000, 1.072
20.01, 0.1995, 1.029
20.02, 0.1990, 1.057
20.03, 0.1985, 1.040
20.04, 0.1980, 0.8590
20.05, 0.1975, 1.014
20.06, 0.1970, 0.8552
20.07, 0.1965, 0.9438
20.08, 0.1960, 0.9495
20.09, 0.1955, 0.7132
20.10, 0.1950, 0.9164
20.11, 0.1945, 0.7808
20.12, 0.1940, 0.8947
20.13, 0.1935, 0.9018
20.14, 0.1930, 0.6947
20.15, 0.1925, 0.8677
20.16, 0.1920, 0.7736
20.17, 0.1915, 0.8325
20.18, 0.1910, 0.8435
20.19, 0.1905, 0.5950
20.20, 0.1900, 0.8212
20.21, 0.1895, 0.7617
20.22, 0.1890, 0.8067
20.23, 0.1885, 0.8186
20.24, 0.1880, 0.5837
20.25, 0.1875, 0.7797
20.26, 0.1870, 0.6896
20.27, 0.1865, 0.7413
20.28, 0.1860, 0.7558
20.29, 0.1855, 0.5075
20.30, 0.1850, 0.7400
20.31, 0.1845, 0.6441
20.32, 0.1840, 0.7122
20.33, 0.1835, 0.7469
20.34, 0.1830, 0.4219
20.35, 0.1825, 0.7091
20.36, 0.1820, 0.6026
20.37, 0.1815, 0.7078
20.38, 0.1810, 0.6907
20.39, 0.1805, 0.4556
20.40, 0.1800, 0.7068
20.41, 0.1795, 0.5610
20.42, 0.1790, 0.6368
20.43, 0.1785, 0.6587
20.44, 0.1780, 0.3303
20.45, 0.1775, 0.6127
20.46, 0.1770, 0.3963
20.47, 0.1765, 0.5763
20.48, 0.1760, 0.5968
20.49, 0.1755, 0.2527
20.50, 0.1750, 0.5375
20.51, 0.1745, 0.2863
20.52, 0.1740, 0.5103
20.53, 0.1735, 0.5054
20.54, 0.1730, 0.2133
20.55, 0.1725, 0.4795
20.56, 0.1720, 0.2918
20.57, 0.1715, 0.4559
20.58, 0.1710, 0.4692
20.59, 0.1705, 0.2158
20.60, 0.1700, 0.4374
20.61, 0.1695, 0.2837
20.62, 0.1690, 0.4340
20.63, 0.1685, 0.4483
20.64, 0.1680, 0.1929
20.65, 0.1675, 0.4133
20.66, 0.1670, 0.2048
20.67, 0.1665, 0.4014
20.68, 0.1660, 0.4067
20.69, 0.1655, 0.1113
20.70, 0.1650, 0.3761
20.71, 0.1645, 0.2458
20.72, 0.1640, 0.3685
20.73, 0.1635, 0.3809
20.74, 0.1630, 0.08971
20.75, 0.1625, 0.3529
20.76, 0.1620, 0.1662
20.77, 0.1615, 0.3693
20.78, 0.1610, 0.3617
20.79, 0.1605, 0.05088
20.80, 0.1600, 0.3404
20.81, 0.1595, 0.1291
20.82, 0.1590, 0.3293
20.83, 0.1585, 0.3380
20.84, 0.1580, 0.06835
20.85, 0.1575, 0.3307
20.86, 0.1570, 0.1636
20.87, 0.1565, 0.2995
20.88, 0.1560, 0.2780
20.89, 0.1555, -0.08341
20.90, 0.1550, 0.2344
20.91, 0.1545, -0.01340
20.92, 0.1540, 0.1769
20.93, 0.1535, 0.1687
20.94, 0.1530, -0.1482
20.95, 0.1525, 0.1577
20.96, 0.1520, -0.02897
20.97, 0.1515, 0.1278
20.98, 0.1510, 0.1475
20.99, 0.1505, -0.1503
21.00, 0.1500, 0.1117
21.01, 0.1495, -0.02146
21.02, 0.1490, 0.1233
21.03, 0.1485, 0.09212
21.04, 0.1480, -0.2440
21.05, 0.1475, 0.06624
21.06, 0.1470, -0.1480
21.07, 0.1465, 0.06535
21.08, 0.1460, 0.03337
21.09, 0.1455, -0.2660
21.10, 0.1450, 0.05087
21.11, 0.1445, -0.1409
21.12, 0.1440, 0.06019
21.13, 0.1435, 0.06929
21.14, 0.1430, -0.2721
21.15, 0.1425, 0.04562
21.16, 0.1420, -0.1761
21.17, 0.1415, 0.01108
21.18, 0.1410, 0.006157
21.19, 0.1405, -0.2584
21.20, 0.1400, 0.03284
21.21, 0.1395, -0.1317
21.22, 0.1390, 0.003187
21.23, 0.1385, 0.006305
21.24, 0.1380, -0.3499
21.25, 0.1375, 0.005523
21.26, 0.1370, -0.1868
21.27, 0.1365, -0.006366
21.28, 0.1360, -0.02450
21.29, 0.1355, -0.3610
21.30, 0.1350, -0.05012
21.31, 0.1345, -0.2274
21.32, 0.1340, -0.1186
21.33, 0.1335, -0.1586
21.34, 0.1330, -0.4326
21.35, 0.1325, -0.1499
21.36, 0.1320, -0.3555
21.37, 0.1315, -0.1826
21.38, 0.1310, -0.1886
21.39, 0.1305, -0.4559
21.40, 0.1300, -0.1958
21.41, 0.1295, -0.3655
21.42, 0.1290, -0.2041
21.43, 0.1285, -0.2209
21.44, 0.1280, -0.4897
21.45, 0.1275, -0.2027
21.46, 0.1270, -0.3886
21.47, 0.1265, -0.2376
21.48, 0.1260, -0.2262
21.49, 0.1255, -0.4197
21.50, 0.1250, -0.2733
21.51, 0.1245, -0.4062
21.52, 0.1240, -0.2866
21.53, 0.1235, -0.2606
21.54, 0.1230, -0.4789
21.55, 0.1225, -0.2728
21.56, 0.1220, -0.3984
21.57, 0.1215, -0.2965
21.58, 0.1210, -0.2927
21.59, 0.1205, -0.5291
21.60, 0.1200, -0.3143
21.61, 0.1195, -0.4332
21.62, 0.1190, -0.3312
21.63, 0.1185, -0.3115
21.64, 0.1180, -0.4313
21.65, 0.1175, -0.3253
21.66, 0.1170, -0.4481
21.67, 0.1165, -0.3104
21.68, 0.1160, -0.3218
21.69, 0.1155, -0.3494
21.70, 0.1150, -0.3477
21.71, 0.1145, -0.4990
21.72, 0.1140, -0.3844
21.73, 0.1135, -0.4073
21.74, 0.1130, -0.6212
21.75, 0.1125, -0.4558
21.76, 0.1120, -0.5870
21.77, 0.1115, -0.4643
21.78, 0.1110, -0.4828
21.79, 0.1105, -0.6535
21.80, 0.1100, -0.5070
21.81, 0.1095, -0.6244
21.82, 0.1090, -0.5141
21.83, 0.1085, -0.5084
21.84, 0.1080, -0.6970
21.85, 0.1075, -0.5610
21.86, 0.1070, -0.6509
21.87, 0.1065, -0.5477
21.88, 0.1060, -0.5376
21.89, 0.1055, -0.6931
21.90, 0.1050, -0.5534
21.91, 0.1045, -0.6537
21.92, 0.1040, -0.5456
21.93, 0.1035, -0.5458
21.94, 0.1030, -0.7004
21.95, 0.1025, -0.5757
21.96, 0.1020, -0.6968
21.97, 0.1015, -0.5911
21.98, 0.1010, -0.5679
21.99, 0.1005, -0.6570
22.00, 0.1000, -0.5770
22.01, 0.09950, -0.7289
22.02, 0.09900, -0.6193
22.03, 0.09850, -0.6145
22.04, 0.09800, -0.7735
22.05, 0.09750, -0.6029
22.06, 0.09700, -0.7039
22.07, 0.09650, -0.6076
22.08, 0.09600, -0.5991
22.09, 0.09550, -0.7405
22.10, 0.09500, -0.6322
22.11, 0.09450, -0.7076
22.12, 0.09400, -0.6635
22.13, 0.09350, -0.6301
22.14, 0.09300, -0.8064
22.15, 0.09250, -0.6800
22.16, 0.09200, -0.7810
22.17, 0.09150, -0.7408
22.18, 0.09100, -0.7340
22.19, 0.09050, -0.8557
22.20, 0.09000, -0.7753
22.21, 0.08950, -0.8483
22.22, 0.08900, -0.7883
22.23, 0.08850, -0.7901
22.24, 0.08800, -0.9163
22.25, 0.08750, -0.8066
22.26, 0.08700, -0.8587
22.27, 0.08650, -0.8294
22.28, 0.08600, -0.8167
22.29, 0.08550, -0.9218
22.30, 0.08500, -0.8486
22.31, 0.08450, -0.9007
22.32, 0.08400, -0.8516
22.33, 0.08350, -0.8354
22.34, 0.08300, -0.9344
22.35, 0.08250, -0.8675
22.36, 0.08200, -0.9071
22.37, 0.08150, -0.8856
22.38, 0.08100, -0.8863
22.39, 0.08050, -0.9866
22.40, 0.08000, -0.9056
22.41, 0.07950, -0.9228
22.42, 0.07900, -0.8680
22.43, 0.07850, -0.8907
22.44, 0.07800, -0.9677
22.45, 0.07750, -0.9063
22.46, 0.07700, -0.9590
22.47, 0.07650, -0.9102
22.48, 0.07600, -0.9093
22.49, 0.07550, -0.9780
22.50, 0.07500, -0.9113
22.51, 0.07450, -0.9545
22.52, 0.07400, -0.9075
22.53, 0.07350, -0.9241
22.54, 0.07300, -1.033
22.55, 0.07250, -0.9717
22.56, 0.07200, -0.9903
22.57, 0.07150, -1.010
22.58, 0.07100, -0.9971
22.59, 0.07050, -1.132
22.60, 0.07000, -1.056
22.61, 0.06950, -1.116
22.62, 0.06900, -1.087
22.63, 0.06850, -1.082
22.64, 0.06800, -1.171
22.65, 0.06750, -1.116
22.66, 0.06700, -1.146
22.67, 0.06650, -1.126
22.68, 0.06600, -1.142
22.69, 0.06550, -1.216
22.70, 0.06500, -1.164
22.71, 0.06450, -1.188
22.72, 0.06400, -1.143
22.73, 0.06350, -1.159
22.74, 0.06300, -1.245
22.75, 0.06250, -1.173
22.76, 0.06200, -1.204
22.77, 0.06150, -1.186
22.78, 0.06100, -1.206
22.79, 0.06050, -1.246
22.80, 0.06000, -1.223
22.81, 0.05950, -1.230
22.82, 0.05900, -1.268
22.83, 0.05850, -1.228
22.84, 0.05800, -1.304
22.85, 0.05750, -1.246
22.86, 0.05700, -1.287
22.87, 0.05650, -1.266
22.88, 0.05600, -1.254
22.89, 0.05550, -1.329
22.90, 0.05500, -1.290
22.91, 0.05450, -1.318
22.92, 0.05400, -1.303
22.93, 0.05350, -1.312
22.94, 0.05300, -1.377
22.95, 0.05250, -1.304
22.96, 0.05200, -1.348
22.97, 0.05150, -1.350
22.98, 0.05100, -1.367
22.99, 0.05050, -1.449
23.00, 0.05000, -1.427
23.01, 0.04950, -1.490
23.02, 0.04900, -1.476
23.03, 0.04850, -1.494
23.04, 0.04800, -1.538
23.05, 0.04750, -1.543
23.06, 0.04700, -1.546
23.07, 0.04650, -1.555
23.08, 0.04600, -1.573
23.09, 0.04550, -1.657
23.10, 0.04500, -1.581
23.11, 0.04450, -1.618
23.12, 0.04400, -1.618
23.13, 0.04350, -1.628
23.14, 0.04300, -1.695
23.15, 0.04250, -1.636
23.16, 0.04200, -1.680
23.17, 0.04150, -1.662
23.18, 0.04100, -1.658
23.19, 0.04050, -1.733
23.20, 0.04000, -1.709
23.21, 0.03950, -1.754
23.22, 0.03900, -1.732
23.23, 0.03850, -1.734
23.24, 0.03800, -1.796
23.25, 0.03750, -1.749
23.26, 0.03700, -1.804
23.27, 0.03650, -1.800
23.28, 0.03600, -1.790
23.29, 0.03550, -1.892
23.30, 0.03500, -1.833
23.31, 0.03450, -1.852
23.32, 0.03400, -1.890
23.33, 0.03350, -1.878
23.34, 0.03300, -1.920
23.35, 0.03250, -1.918
23.36, 0.03200, -1.952
23.37, 0.03150, -1.930
23.38, 0.03100, -1.978
23.39, 0.03050, -2.018
23.40, 0.03000, -2.001
23.41, 0.02950, -2.055
23.42, 0.02900, -2.055
23.43, 0.02850, -2.092
23.44, 0.02800, -2.166
23.45, 0.02750, -2.157
23.46, 0.02700, -2.183
23.47, 0.02650, -2.219
23.48, 0.02600, -2.240
23.49, 0.02550, -2.285
23.50, 0.02500, -2.269
23.51, 0.02450, -2.298
23.52, 0.02400, -2.307
23.53, 0.02350, -2.335
23.54, 0.02300, -2.377
23.55, 0.02250, -2.367
23.56, 0.02200, -2.401
23.57, 0.02150, -2.406
23.58, 0.02100, -2.392
23.59, 0.02050, -2.493
23.60, 0.02000, -2.449
23.61, 0.01950, -2.461
23.62, 0.01900, -2.482
23.63, 0.01850, -2.527
23.64, 0.01800, -2.575
23.65, 0.01750, -2.551
23.66, 0.01700, -2.581
23.67, 0.01650, -2.598
23.68, 0.01600, -2.598
23.69, 0.01550, -2.675
23.70, 0.01500, -2.640
23.71, 0.01450, -2.659
23.72, 0.01400, -2.721
23.73, 0.01350, -2.727
23.74, 0.01300, -2.769
23.75, 0.01250, -2.743
23.76, 0.01200, -2.776
23.77, 0.01150, -2.773
23.78, 0.01100, -2.813
23.79, 0.01050, -2.877
23.80, 0.01000, -2.856
23.81, 0.009500, -2.893
23.82, 0.009000, -2.922
23.83, 0.008500, -2.964
23.84, 0.008000, -3.061
23.85, 0.007500, -3.063
23.86, 0.007000, -3.097
23.87, 0.006500, -3.106
23.88, 0.006000, -3.121
23.89, 0.005500, -3.189
23.90, 0.005000, -3.203
23.91, 0.004500, -3.234
23.92, 0.004000, -3.248
23.93, 0.003500, -3.284
23.94, 0.003000, -3.311
23.95, 0.002500, -3.341
23.96, 0.002000, -3.360
23.97, 0.001500, -3.348
23.98, 0.001000, -3.371
23.99, 0.0005000, -3.451
24.00, 0.000, -3.446
24.01, -0.0005000, -3.475
24.02, -0.001000, -3.500
24.03, -0.001500, -3.494
24.04, -0.002000, -3.549
24.05, -0.002500, -3.531
24.06, -0.003000, -3.557
24.07, -0.003500, -3.607
24.08, -0.004000, -3.627
24.09, -0.004500, -3.654
24.10, -0.005000, -3.671
24.11, -0.005500, -3.713
24.12, -0.006000, -3.713
24.13, -0.006500, -3.734
24.14, -0.007000, -3.778
24.15, -0.007500, -3.800
24.16, -0.008000, -3.808
24.17, -0.008500, -3.813
24.18, -0.009000, -3.855
24.19, -0.009500, -3.884
24.20, -0.01000, -3.900
24.21, -0.01050, -3.958
24.22, -0.01100, -3.966
24.23, -0.01150, -3.990
24.24, -0.01200, -4.068
24.25, -0.01250, -4.064
24.26, -0.01300, -4.099
24.27, -0.01350, -4.136
24.28, -0.01400, -4.205
24.29, -0.01450, -4.237
24.30, -0.01500, -4.253
24.31, -0.01550, -4.292
24.32, -0.01600, -4.319
24.33, -0.01650, -4.332
24.34, -0.01700, -4.394
24.35, -0.01750, -4.416
24.36, -0.01800, -4.447
24.37, -0.01850, -4.444
24.38, -0.01900, -4.518
24.39, -0.01950, -4.557
24.40, -0.02000, -4.549
24.41, -0.02050, -4.586
24.42, -0.02100, -4.589
24.43, -0.02150, -4.607
24.44, -0.02200, -4.648
24.45, -0.02250, -4.656
24.46, -0.02300, -4.696
24.47, -0.02350, -4.720
24.48, -0.02400, -4.741
24.49, -0.02450, -4.764
24.50, -0.02500, -4.782
24.51, -0.02550, -4.821
24.52, -0.02600, -4.849
24.53, -0.02650, -4.871
24.54, -0.02700, -4.920
24.55, -0.02750, -4.899
24.56, -0.02800, -4.957
24.57, -0.02850, -4.964
24.58, -0.02900, -4.988
24.59, -0.02950, -5.024
24.60, -0.03000, -5.059
24.61, -0.03050, -5.068
24.62, -0.03100, -5.097
24.63, -0.03150, -5.096
24.64, -0.03200, -5.165
24.65, -0.03250, -5.166
24.66, -0.03300, -5.211
24.67, -0.03350, -5.269
24.68, -0.03400, -5.297
24.69, -0.03450, -5.380
24.70, -0.03500, -5.338
24.71, -0.03550, -5.435
24.72, -0.03600, -5.432
24.73, -0.03650, -5.503
24.74, -0.03700, -5.514
24.75, -0.03750, -5.542
24.76, -0.03800, -5.576
24.77, -0.03850, -5.599
24.78, -0.03900, -5.632
24.79, -0.03950, -5.682
24.80, -0.04000, -5.690
24.81, -0.04050, -5.696
24.82, -0.04100, -5.729
24.83, -0.04150, -5.750
24.84, -0.04200, -5.784
24.85, -0.04250, -5.818
24.86, -0.04300, -5.829
24.87, -0.04350, -5.856
24.88, -0.04400, -5.866
24.89, -0.04450, -5.888
24.90, -0.04500, -5.930
24.91, -0.04550, -5.964
24.92, -0.04600, -5.998
24.93, -0.04650, -5.993
24.94, -0.04700, -6.037
24.95, -0.04750, -6.066
24.96, -0.04800, -6.061
24.97, -0.04850, -6.112
24.98, -0.04900, -6.135
24.99, -0.04950, -6.188
25.00, -0.05000, -6.183
25.01, -0.05050, -6.215
25.02, -0.05100, -6.234
25.03, -0.05150, -6.270
25.04, -0.05200, -6.288
25.05, -0.05250, -6.323
25.06, -0.05300, -6.335
25.07, -0.05350, -6.365
25.08, -0.05400, -6.406
25.09, -0.05450, -6.445
25.10, -0.05500, -6.490
25.11, -0.05550, -6.524
25.12, -0.05600, -6.545
25.13, -0.05650, -6.601
25.14, -0.05700, -6.661
25.15, -0.05750, -6.692
25.16, -0.05800, -6.706
25.17, -0.05850, -6.715
25.18, -0.05900, -6.737
25.19, -0.05950, -6.808
25.20, -0.06000, -6.836
25.21, -0.06050, -6.850
25.22, -0.06100, -6.880
25.23, -0.06150, -6.917
25.24, -0.06200, -6.926
25.25, -0.06250, -6.949
25.26, -0.06300, -6.981
25.27, -0.06350, -7.011
25.28, -0.06400, -7.055
25.29, -0.06450, -7.076
25.30, -0.06500, -7.075
25.31, -0.06550, -7.110
25.32, -0.06600, -7.127
25.33, -0.06650, -7.135
25.34, -0.06700, -7.163
25.35, -0.06750, -7.189
25.36, -0.06800, -7.235
25.37, -0.06850, -7.260
25.38, -0.06900, -7.272
25.39, -0.06950, -7.290
25.40, -0.07000, -7.312
25.41, -0.07050, -7.331
25.42, -0.07100, -7.371
25.43, -0.07150, -7.373
25.44, -0.07200, -7.414
25.45, -0.07250, -7.454
25.46, -0.07300, -7.479
25.47, -0.07350, -7.504
25.48, -0.07400, -7.524
25.49, -0.07450, -7.532
25.50, -0.07500, -7.595
25.51, -0.07550, -7.638
25.52, -0.07600, -7.660
25.53, -0.07650, -7.706
25.54, -0.07700, -7.732
25.55, -0.07750, -7.776
25.56, -0.07800, -7.785
25.57, -0.07850, -7.845
25.58, -0.07900, -7.827
25.59, -0.07950, -7.885
25.60, -0.08000, -7.906
25.61, -0.08050, -7.960
25.62, -0.08100, -7.975
25.63, -0.08150, -8.008
25.64, -0.08200, -8.001
25.65, -0.08250, -8.035
25.66, -0.08300, -8.078
25.67, -0.08350, -8.085
25.68, -0.08400, -8.122
25.69, -0.08450, -8.143
25.70, -0.08500, -8.150
25.71, -0.08550, -8.176
25.72, -0.08600, -8.214
25.73, -0.08650, -8.227
25.74, -0.08700, -8.253
25.75, -0.08750, -8.224
25.76, -0.08800, -8.260
25.77, -0.08850, -8.313
25.78, -0.08900, -8.314
25.79, -0.08950, -8.349
25.80, -0.09000, -8.359
25.81, -0.09050, -8.395
25.82, -0.09100, -8.426
25.83, -0.09150, -8.451
25.84, -0.09200, -8.473
25.85, -0.09250, -8.487
25.86, -0.09300, -8.507
25.87, -0.09350, -8.537
25.88, -0.09400, -8.546
25.89, -0.09450, -8.554
25.90, -0.09500, -8.595
25.91, -0.09550, -8.629
25.92, -0.09600, -8.638
25.93, -0.09650, -8.673
25.94, -0.09700, -8.699
25.95, -0.09750, -8.743
25.96, -0.09800, -8.821
25.97, -0.09850, -8.821
25.98, -0.09900, -8.868
25.99, -0.09950, -8.877
26.00, -0.1000, -8.907
26.01, -0.1005, -8.905
26.02, -0.1010, -8.934
26.03, -0.1015, -8.964
26.04, -0.1020, -9.012
26.05, -0.1025, -9.028
26.06, -0.1030, -9.033
26.07, -0.1035, -9.036
26.08, -0.1040, -9.087
26.09, -0.1045, -9.150
26.10, -0.1050, -9.146
26.11, -0.1055, -9.184
26.12, -0.1060, -9.154
26.13, -0.1065, -9.166
26.14, -0.1070, -9.204
26.15, -0.1075, -9.203
26.16, -0.1080, -9.226
26.17, -0.1085, -9.257
26.18, -0.1090, -9.261
26.19, -0.1095, -9.291
26.20, -0.1100, -9.312
26.21, -0.1105, -9.307
26.22, -0.1110, -9.303
26.23, -0.1115, -9.329
26.24, -0.1120, -9.367
26.25, -0.1125, -9.387
26.26, -0.1130, -9.378
26.27, -0.1135, -9.420
26.28, -0.1140, -9.417
26.29, -0.1145, -9.432
26.30, -0.1150, -9.449
26.31, -0.1155, -9.488
26.32, -0.1160, -9.476
26.33, -0.1165, -9.504
26.34, -0.1170, -9.514
26.35, -0.1175, -9.537
26.36, -0.1180, -9.563
26.37, -0.1185, -9.599
26.38, -0.1190, -9.595
26.39, -0.1195, -9.619
26.40, -0.1200, -9.655
26.41, -0.1205, -9.681
26.42, -0.1210, -9.698
26.43, -0.1215, -9.707
26.44, -0.1220, -9.726
26.45, -0.1225, -9.754
26.46, -0.1230, -9.782
26.47, -0.1235, -9.817
26.48, -0.1240, -9.814
26.49, -0.1245, -9.824
26.50, -0.1250, -9.832
26.51, -0.1255, -9.851
26.52, -0.1260, -9.862
26.53, -0.1265, -9.875
26.54, -0.1270, -9.876
26.55, -0.1275, -9.875
26.56, -0.1280, -9.884
26.57, -0.1285, -9.918
26.58, -0.1290, -9.893
26.59, -0.1295, -9.936
26.60, -0.1300, -9.931
26.61, -0.1305, -9.954
26.62, -0.1310, -9.961
26.63, -0.1315, -9.954
26.64, -0.1320, -9.933
26.65, -0.1325, -9.923
26.66, -0.1330, -9.966
26.67, -0.1335, -9.979
26.68, -0.1340, -9.991
26.69, -0.1345, -9.960
26.70, -0.1350, -9.999
26.71, -0.1355, -9.991
26.72, -0.1360, -10.01
26.73, -0.1365, -10.01
26.74, -0.1370, -10.00
26.75, -0.1375, -10.01
26.76, -0.1380, -10.02
26.77, -0.1385, -10.02
26.78, -0.1390, -10.10
26.79, -0.1395, -10.10
26.80, -0.1400, -10.11
26.81, -0.1405, -10.13
26.82, -0.1410, -10.11
26.83, -0.1415, -10.12
26.84, -0.1420, -10.17
26.85, -0.1425, -10.18
26.86, -0.1430, -10.16
26.87, -0.1435, -10.16
26.88, -0.1440, -10.16
26.89, -0.1445, -10.16
26.90, -0.1450, -10.14
26.91, -0.1455, -10.16
26.92, -0.1460, -10.17
26.93, -0.1465, -10.15
26.94, -0.1470, -10.14
26.95, -0.1475, -10.14
26.96, -0.1480, -10.13
26.97, -0.1485, -10.17
26.98, -0.1490, -10.17
26.99, -0.1495, -10.15
27.00, -0.1500, -10.16
27.01, -0.1505, -10.14
27.02, -0.1510, -10.14
27.03, -0.1515, -10.13
27.04, -0.1520, -10.14
27.05, -0.1525, -10.14
27.06, -0.1530, -10.14
27.07, -0.1535, -10.12
27.08, -0.1540, -10.12
27.09, -0.1545, -10.09
27.10, -0.1550, -10.10
27.11, -0.1555, -10.09
27.12, -0.1560, -10.08
27.13, -0.1565, -10.08
27.14, -0.1570, -10.07
27.15, -0.1575, -10.06
27.16, -0.1580, -10.05
27.17, -0.1585, -10.07
27.18, -0.1590, -10.07
27.19, -0.1595, -10.04
27.20, -0.1600, -10.07
27.21, -0.1605, -10.08
27.22, -0.1610, -10.09
27.23, -0.1615, -10.08
27.24, -0.1620, -10.10
27.25, -0.1625, -10.09
27.26, -0.1630, -10.05
27.27, -0.1635, -10.04
27.28, -0.1640, -10.05
27.29, -0.1645, -10.08
27.30, -0.1650, -10.06
27.31, -0.1655, -10.06
27.32, -0.1660, -10.02
27.33, -0.1665, -10.04
27.34, -0.1670, -10.01
27.35, -0.1675, -9.992
27.36, -0.1680, -10.00
27.37, -0.1685, -9.970
27.38, -0.1690, -9.970
27.39, -0.1695, -9.952
27.40, -0.1700, -9.947
27.41, -0.1705, -9.963
27.42, -0.1710, -9.927
27.43, -0.1715, -9.907
27.44, -0.1720, -9.889
27.45, -0.1725, -9.877
27.46, -0.1730, -9.871
27.47, -0.1735, -9.863
27.48, -0.1740, -9.813
27.49, -0.1745, -9.812
27.50, -0.1750, -9.809
27.51, -0.1755, -9.816
27.52, -0.1760, -9.794
27.53, -0.1765, -9.808
27.54, -0.1770, -9.766
27.55, -0.1775, -9.763
27.56, -0.1780, -9.754
27.57, -0.1785, -9.728
27.58, -0.1790, -9.715
27.59, -0.1795, -9.724
27.60, -0.1800, -9.716
27.61, -0.1805, -9.731
27.62, -0.1810, -9.711
27.63, -0.1815, -9.717
27.64, -0.1820, -9.718
27.65, -0.1825, -9.693
27.66, -0.1830, -9.700
27.67, -0.1835, -9.690
27.68, -0.1840, -9.668
27.69, -0.1845, -9.679
27.70, -0.1850, -9.663
27.71, -0.1855, -9.665
27.72, -0.1860, -9.629
27.73, -0.1865, -9.603
27.74, -0.1870, -9.620
27.75, -0.1875, -9.587
27.76, -0.1880, -9.577
27.77, -0.1885, -9.559
27.78, -0.1890, -9.527
27.79, -0.1895, -9.518
27.80, -0.1900, -9.510
27.81, -0.1905, -9.504
27.82, -0.1910, -9.487
27.83, -0.1915, -9.477
27.84, -0.1920, -9.446
27.85, -0.1925, -9.445
27.86, -0.1930, -9.446
27.87, -0.1935, -9.412
27.88, -0.1940, -9.401
27.89, -0.1945, -9.365
27.90, -0.1950, -9.364
27.91, -0.1955, -9.358
27.92, -0.1960, -9.340
27.93, -0.1965, -9.332
27.94, -0.1970, -9.299
27.95, -0.1975, -9.290
27.96, -0.1980, -9.249
27.97, -0.1985, -9.254
27.98, -0.1990, -9.244
27.99, -0.1995, -9.243
28.00, -0.2000, -9.222
28.01, -0.2005, -9.223
28.02, -0.2010, -9.207
28.03, -0.2015, -9.212
28.04, -0.2020, -9.235
28.05, -0.2025, -9.189
28.06, -0.2030, -9.218
28.07, -0.2035, -9.221
28.08, -0.2040, -9.208
28.09, -0.2045, -9.189
28.10, -0.2050, -9.208
28.11, -0.2055, -9.172
28.12, -0.2060, -9.166
28.13, -0.2065, -9.138
28.14, -0.2070, -9.132
28.15, -0.2075, -9.127
28.16, -0.2080, -9.103
28.17, -0.2085, -9.097
28.18, -0.2090, -9.103
28.19, -0.2095, -9.078
28.20, -0.2100, -9.040
28.21, -0.2105, -9.050
28.22, -0.2110, -9.031
28.23, -0.2115, -9.025
28.24, -0.2120, -9.012
28.25, -0.2125, -8.989
28.26, -0.2130, -9.018
28.27, -0.2135, -8.959
28.28, -0.2140, -8.929
28.29, -0.2145, -8.954
28.30, -0.2150, -8.936
28.31, -0.2155, -8.933
28.32, -0.2160, -8.912
28.33, -0.2165, -8.875
28.34, -0.2170, -8.870
28.35, -0.2175, -8.853
28.36, -0.2180, -8.869
28.37, -0.2185, -8.816
28.38, -0.2190, -8.790
28.39, -0.2195, -8.800
28.40, -0.2200, -8.801
28.41, -0.2205, -8.826
28.42, -0.2210, -8.768
28.43, -0.2215, -8.765
28.44, -0.2220, -8.751
28.45, -0.2225, -8.758
28.46, -0.2230, -8.767
28.47, -0.2235, -8.759
28.48, -0.2240, -8.732
28.49, -0.2245, -8.760
28.50, -0.2250, -8.764
28.51, -0.2255, -8.792
28.52, -0.2260, -8.727
28.53, -0.2265, -8.724
28.54, -0.2270, -8.733
28.55, -0.2275, -8.707
28.56, -0.2280, -8.711
28.57, -0.2285, -8.698
28.58, -0.2290, -8.723
28.59, -0.2295, -8.699
28.60, -0.2300, -8.690
28.61, -0.2305, -8.677
28.62, -0.2310, -8.653
28.63, -0.2315, -8.641
28.64, -0.2320, -8.640
28.65, -0.2325, -8.614
28.66, -0.2330, -8.647
28.67, -0.2335, -8.609
28.68, -0.2340, -8.586
28.69, -0.2345, -8.589
28.70, -0.2350, -8.569
28.71, -0.2355, -8.589
28.72, -0.2360, -8.555
28.73, -0.2365, -8.548
28.74, -0.2370, -8.530
28.75, -0.2375, -8.534
28.76, -0.2380, -8.529
28.77, -0.2385, -8.494
28.78, -0.2390, -8.476
28.79, -0.2395, -8.488
28.80, -0.2400, -8.499
28.81, -0.2405, -8.511
28.82, -0.2410, -8.482
28.83, -0.2415, -8.463
28.84, -0.2420, -8.446
28.85, -0.2425, -8.439
28.86, -0.2430, -8.483
28.87, -0.2435, -8.455
28.88, -0.2440, -8.461
28.89, -0.2445, -8.449
28.90, -0.2450, -8.433
28.91, -0.2455, -8.476
28.92, -0.2460, -8.500
28.93, -0.2465, -8.474
28.94, -0.2470, -8.477
28.95, -0.2475, -8.473
28.96, -0.2480, -8.495
28.97, -0.2485, -8.480
28.98, -0.2490, -8.449
28.99, -0.2495, -8.445
29.00, -0.2500, -8.436
29.01, -0.2505, -8.477
29.02, -0.2510, -8.438
29.03, -0.2515, -8.448
29.04, -0.2520, -8.454
29.05, -0.2525, -8.421
29.06, -0.2530, -8.431
29.07, -0.2535, -8.403
29.08, -0.2540, -8.397
29.09, -0.2545, -8.384
29.10, -0.2550, -8.388
29.11, -0.2555, -8.385
29.12, -0.2560, -8.364
29.13, -0.2565, -8.377
29.14, -0.2570, -8.363
29.15, -0.2575, -8.386
29.16, -0.2580, -8.364
29.17, -0.2585, -8.354
29.18, -0.2590, -8.325
29.19, -0.2595, -8.325
29.20, -0.2600, -8.329
29.21, -0.2605, -8.388
29.22, -0.2610, -8.345
29.23, -0.2615, -8.349
29.24, -0.2620, -8.323
29.25, -0.2625, -8.319
29.26, -0.2630, -8.349
29.27, -0.2635, -8.326
29.28, -0.2640, -8.335
29.29, -0.2645, -8.339
29.30, -0.2650, -8.327
29.31, -0.2655, -8.369
29.32, -0.2660, -8.342
29.33, -0.2665, -8.356
29.34, -0.2670, -8.387
29.35, -0.2675, -8.394
29.36, -0.2680, -8.429
29.37, -0.2685, -8.392
29.38, -0.2690, -8.390
29.39, -0.2695, -8.399
29.40, -0.2700, -8.390
29.41, -0.2705, -8.424
29.42, -0.2710, -8.374
29.43, -0.2715, -8.387
29.44, -0.2720, -8.398
29.45, -0.2725, -8.410
29.46, -0.2730, -8.406
29.47, -0.2735, -8.374
29.48, -0.2740, -8.376
29.49, -0.2745, -8.389
29.50, -0.2750, -8.394
29.51, -0.2755, -8.431
29.52, -0.2760, -8.394
29.53, -0.2765, -8.381
29.54, -0.2770, -8.402
29.55, -0.2775, -8.379
29.56, -0.2780, -8.392
29.57, -0.2785, -8.365
29.58, -0.2790, -8.388
29.59, -0.2795, -8.392
29.60, -0.2800, -8.398
29.61, -0.2805, -8.380
29.62, -0.2810, -8.363
29.63, -0.2815, -8.365
29.64, -0.2820, -8.383
29.65, -0.2825, -8.373
29.66, -0.2830, -8.396
29.67, -0.2835, -8.377
29.68, -0.2840, -8.373
29.69, -0.2845, -8.374
29.70, -0.2850, -8.394
29.71, -0.2855, -8.425
29.72, -0.2860, -8.416
29.73, -0.2865, -8.424
29.74, -0.2870, -8.415
29.75, -0.2875, -8.451
29.76, -0.2880, -8.481
29.77, -0.2885, -8.468
29.78, -0.2890, -8.475
29.79, -0.2895, -8.466
29.80, -0.2900, -8.485
29.81, -0.2905, -8.535
29.82, -0.2910, -8.511
29.83, -0.2915, -8.494
29.84, -0.2920, -8.499
29.85, -0.2925, -8.517
29.86, -0.2930, -8.541
29.87, -0.2935, -8.509
29.88, -0.2940, -8.506
29.89, -0.2945, -8.518
29.90, -0.2950, -8.528
29.91, -0.2955, -8.591
29.92, -0.2960, -8.557
29.93, -0.2965, -8.525
29.94, -0.2970, -8.515
29.95, -0.2975, -8.527
29.96, -0.2980, -8.573
29.97, -0.2985, -8.529
29.98, -0.2990, -8.516
29.99, -0.2995, -8.550
30.00, -0.3000, -8.512
30.01, -0.3005, -8.567
30.02, -0.3010, -8.549
30.03, -0.3015, -8.514
30.04, -0.3020, -8.503
30.05, -0.3025, -8.512
30.06, -0.3030, -8.590
30.07, -0.3035, -8.542
30.08, -0.3040, -8.527
30.09, -0.3045, -8.538
30.10, -0.3050, -8.533
30.11, -0.3055, -8.571
30.12, -0.3060, -8.552
30.13, -0.3065, -8.570
30.14, -0.3070, -8.589
30.15, -0.3075, -8.604
30.16, -0.3080, -8.637
30.17, -0.3085, -8.643
30.18, -0.3090, -8.648
30.19, -0.3095, -8.637
30.20, -0.3100, -8.632
30.21, -0.3105, -8.695
30.22, -0.3110, -8.656
30.23, -0.3115, -8.677
30.24, -0.3120, -8.677
30.25, -0.3125, -8.658
30.26, -0.3130, -8.700
30.27, -0.3135, -8.664
30.28, -0.3140, -8.671
30.29, -0.3145, -8.695
30.30, -0.3150, -8.678
30.31, -0.3155, -8.707
30.32, -0.3160, -8.687
30.33, -0.3165, -8.698
30.34, -0.3170, -8.692
30.35, -0.3175, -8.686
30.36, -0.3180, -8.747
30.37, -0.3185, -8.696
30.38, -0.3190, -8.695
30.39, -0.3195, -8.685
30.40, -0.3200, -8.690
30.41, -0.3205, -8.695
30.42, -0.3210, -8.691
30.43, -0.3215, -8.681
30.44, -0.3220, -8.691
30.45, -0.3225, -8.697
30.46, -0.3230, -8.730
30.47, -0.3235, -8.713
30.48, -0.3240, -8.721
30.49, -0.3245, -8.698
30.50, -0.3250, -8.720
30.51, -0.3255, -8.731
30.52, -0.3260, -8.709
30.53, -0.3265, -8.739
30.54, -0.3270, -8.714
30.55, -0.3275, -8.710
30.56, -0.3280, -8.787
30.57, -0.3285, -8.753
30.58, -0.3290, -8.757
30.59, -0.3295, -8.767
30.60, -0.3300, -8.793
30.61, -0.3305, -8.851
30.62, -0.3310, -8.798
30.63, -0.3315, -8.810
30.64, -0.3320, -8.833
30.65, -0.3325, -8.813
30.66, -0.3330, -8.839
30.67, -0.3335, -8.830
30.68, -0.3340, -8.836
30.69, -0.3345, -8.835
30.70, -0.3350, -8.826
30.71, -0.3355, -8.890
30.72, -0.3360, -8.839
30.73, -0.3365, -8.846
30.74, -0.3370, -8.851
30.75, -0.3375, -8.849
30.76, -0.3380, -8.894
30.77, -0.3385, -8.843
30.78, -0.3390, -8.840
30.79, -0.3395, -8.861
30.80, -0.3400, -8.857
30.81, -0.3405, -8.861
30.82, -0.3410, -8.824
30.83, -0.3415, -8.863
30.84, -0.3420, -8.847
30.85, -0.3425, -8.850
30.86, -0.3430, -8.880
30.87, -0.3435, -8.852
30.88, -0.3440, -8.838
30.89, -0.3445, -8.839
30.90, -0.3450, -8.825
30.91, -0.3455, -8.873
30.92, -0.3460, -8.859
30.93, -0.3465, -8.855
30.94, -0.3470, -8.858
30.95, -0.3475, -8.865
30.96, -0.3480, -8.913
30.97, -0.3485, -8.891
30.98, -0.3490, -8.901
30.99, -0.3495, -8.891
31.00, -0.3500, -8.928
31.01, -0.3505, -8.988
31.02, -0.3510, -8.945
31.03, -0.3515, -8.954
31.04, -0.3520, -8.963
31.05, -0.3525, -8.952
31.06, -0.3530, -9.007
31.07, -0.3535, -8.981
31.08, -0.3540, -8.966
31.09, -0.3545, -8.995
31.10, -0.3550, -8.999
31.11, -0.3555, -9.042
31.12, -0.3560, -9.000
31.13, -0.3565, -9.024
31.14, -0.3570, -8.993
31.15, -0.3575, -8.993
31.16, -0.3580, -9.044
31.17, -0.3585, -8.999
31.18, -0.3590, -9.014
31.19, -0.3595, -8.987
31.20, -0.3600, -8.997
31.21, -0.3605, -9.053
31.22, -0.3610, -9.035
31.23, -0.3615, -9.020
31.24, -0.3620, -8.987
31.25, -0.3625, -8.982
31.26, -0.3630, -9.032
31.27, -0.3635, -9.008
31.28, -0.3640, -9.028
31.29, -0.3645, -9.004
31.30, -0.3650, -9.005
31.31, -0.3655, -9.072
31.32, -0.3660, -9.024
31.33, -0.3665, -9.025
31.34, -0.3670, -9.027
31.35, -0.3675, -9.012
31.36, -0.3680, -9.084
31.37, -0.3685, -9.059
31.38, -0.3690, -9.039
31.39, -0.3695, -9.075
31.40, -0.3700, -9.054
31.41, -0.3705, -9.128
31.42, -0.3710, -9.093
31.43, -0.3715, -9.114
31.44, -0.3720, -9.139
31.45, -0.3725, -9.125
31.46, -0.3730, -9.182
31.47, -0.3735, -9.156
31.48, -0.3740, -9.184
31.49, -0.3745, -9.175
31.50, -0.3750, -9.171
31.51, -0.3755, -9.222
31.52, -0.3760, -9.194
31.53, -0.3765, -9.189
31.54, -0.3770, -9.199
31.55, -0.3775, -9.182
31.56, -0.3780, -9.250
31.57, -0.3785, -9.200
31.58, -0.3790, -9.207
31.59, -0.3795, -9.220
31.60, -0.3800, -9.220
31.61, -0.3805, -9.233
31.62, -0.3810, -9.219
31.63, -0.3815, -9.237
31.64, -0.3820, -9.252
31.65, -0.3825, -9.238
31.66, -0.3830, -9.266
31.67, -0.3835, -9.244
31.68, -0.3840, -9.239
31.69, -0.3845, -9.241
31.70, -0.3850, -9.249
31.71, -0.3855, -9.275
31.72, -0.3860, -9.246
31.73, -0.3865, -9.251
31.74, -0.3870, -9.269
31.75, -0.3875, -9.257
31.76, -0.3880, -9.309
31.77, -0.3885, -9.265
31.78, -0.3890, -9.266
31.79, -0.3895, -9.305
31.80, -0.3900, -9.279
31.81, -0.3905, -9.338
31.82, -0.3910, -9.294
31.83, -0.3915, -9.342
31.84, -0.3920, -9.372
31.85, -0.3925, -9.402
31.86, -0.3930, -9.461
31.87, -0.3935, -9.412
31.88, -0.3940, -9.378
31.89, -0.3945, -9.456
31.90, -0.3950, -9.466
31.91, -0.3955, -9.478
31.92, -0.3960, -9.448
31.93, -0.3965, -9.467
31.94, -0.3970, -9.494
31.95, -0.3975, -9.474
31.96, -0.3980, -9.537
31.97, -0.3985, -9.481
31.98, -0.3990, -9.501
31.99, -0.3995, -9.524
32.00, -0.4000, -9.521
