0.01000, -0.3995, -77.93
0.02000, -0.3990, -48.96
0.03000, -0.3985, -35.06
0.04000, -0.3980, -27.09
0.05000, -0.3975, -22.04
0.06000, -0.3970, -18.57
0.07000, -0.3965, -16.04
0.08000, -0.3960, -14.16
0.09000, -0.3955, -12.68
0.1000, -0.3950, -11.49
0.1100, -0.3945, -10.53
0.1200, -0.3940, -9.750
0.1300, -0.3935, -9.029
0.1400, -0.3930, -8.462
0.1500, -0.3925, -7.946
0.1600, -0.3920, -7.498
0.1700, -0.3915, -7.111
0.1800, -0.3910, -6.742
0.1900, -0.3905, -6.451
0.2000, -0.3900, -6.174
0.2100, -0.3895, -5.927
0.2200, -0.3890, -5.670
0.2300, -0.3885, -5.437
0.2400, -0.3880, -5.228
0.2500, -0.3875, -5.040
0.2600, -0.3870, -4.879
0.2700, -0.3865, -4.719
0.2800, -0.3860, -4.509
0.2900, -0.3855, -4.367
0.3000, -0.3850, -4.219
0.3100, -0.3845, -4.085
0.3200, -0.3840, -3.982
0.3300, -0.3835, -3.857
0.3400, -0.3830, -3.764
0.3500, -0.3825, -3.672
0.3600, -0.3820, -3.580
0.3700, -0.3815, -3.490
0.3800, -0.3810, -3.425
0.3900, -0.3805, -3.323
0.4000, -0.3800, -3.265
0.4100, -0.3795, -3.192
0.4200, -0.3790, -3.107
0.4300, -0.3785, -3.063
0.4400, -0.3780, -2.999
0.4500, -0.3775, -2.978
0.4600, -0.3770, -2.880
0.4700, -0.3765, -2.834
0.4800, -0.3760, -2.788
0.4900, -0.3755, -2.749
0.5000, -0.3750, -2.698
0.5100, -0.3745, -2.625
0.5200, -0.3740, -2.604
0.5300, -0.3735, -2.560
0.5400, -0.3730, -2.538
0.5500, -0.3725, -2.473
0.5600, -0.3720, -2.451
0.5700, -0.3715, -2.406
0.5800, -0.3710, -2.378
0.5900, -0.3705, -2.325
0.6000, -0.3700, -2.303
0.6100, -0.3695, -2.284
0.6200, -0.3690, -2.234
0.6300, -0.3685, -2.190
0.6400, -0.3680, -2.191
0.6500, -0.3675, -2.121
0.6600, -0.3670, -2.101
0.6700, -0.3665, -2.067
0.6800, -0.3660, -2.012
0.6900, -0.3655, -1.978
0.7000, -0.3650, -1.929
0.7100, -0.3645, -1.874
0.7200, -0.3640, -1.842
0.7300, -0.3635, -1.811
0.7400, -0.3630, -1.805
0.7500, -0.3625, -1.775
0.7600, -0.3620, -1.728
0.7700, -0.3615, -1.713
0.7800, -0.3610, -1.695
0.7900, -0.3605, -1.692
0.8000, -0.3600, -1.641
0.8100, -0.3595, -1.647
0.8200, -0.3590, -1.621
0.8300, -0.3585, -1.605
0.8400, -0.3580, -1.590
0.8500, -0.3575, -1.587
0.8600, -0.3570, -1.567
0.8700, -0.3565, -1.534
0.8800, -0.3560, -1.531
0.8900, -0.3555, -1.507
0.9000, -0.3550, -1.498
0.9100, -0.3545, -1.496
0.9200, -0.3540, -1.485
0.9300, -0.3535, -1.456
0.9400, -0.3530, -1.445
0.9500, -0.3525, -1.433
0.9600, -0.3520, -1.414
0.9700, -0.3515, -1.395
0.9800, -0.3510, -1.391
0.9900, -0.3505, -1.390
1.000, -0.3500, -1.377
1.010, -0.3495, -1.370
1.020, -0.3490, -1.348
1.030, -0.3485, -1.354
1.040, -0.3480, -1.306
1.050, -0.3475, -1.326
1.060, -0.3470, -1.341
1.070, -0.3465, -1.280
1.080, -0.3460, -1.269
1.090, -0.3455, -1.232
1.100, -0.3450, -1.223
1.110, -0.3445, -1.181
1.120, -0.3440, -1.148
1.130, -0.3435, -1.139
1.140, -0.3430, -1.110
1.150, -0.3425, -1.109
1.160, -0.3420, -1.088
1.170, -0.3415, -1.063
1.180, -0.3410, -1.046
1.190, -0.3405, -1.039
1.200, -0.3400, -1.040
1.210, -0.3395, -1.052
1.220, -0.3390, -1.034
1.230, -0.3385, -1.038
1.240, -0.3380, -1.029
1.250, -0.3375, -0.9825
1.260, -0.3370, -0.9953
1.270, -0.3365, -1.003
1.280, -0.3360, -0.9720
1.290, -0.3355, -0.9758
1.300, -0.3350, -0.9431
1.310, -0.3345, -0.9820
1.320, -0.3340, -0.9670
1.330, -0.3335, -0.9818
1.340, -0.3330, -0.9595
1.350, -0.3325, -0.9445
1.360, -0.3320, -0.9435
1.370, -0.3315, -0.9423
1.380, -0.3310, -0.9474
1.390, -0.3305, -0.9572
1.400, -0.3300, -0.9381
1.410, -0.3295, -0.9327
1.420, -0.3290, -0.9439
1.430, -0.3285, -0.9032
1.440, -0.3280, -0.9003
1.450, -0.3275, -0.9311
1.460, -0.3270, -0.8976
1.470, -0.3265, -0.9144
1.480, -0.3260, -0.8673
1.490, -0.3255, -0.8865
1.500, -0.3250, -0.8494
1.510, -0.3245, -0.8341
1.520, -0.3240, -0.8306
1.530, -0.3235, -0.7807
1.540, -0.3230, -0.7983
1.550, -0.3225, -0.7402
1.560, -0.3220, -0.7520
1.570, -0.3215, -0.7431
1.580, -0.3210, -0.7272
1.590, -0.3205, -0.7016
1.600, -0.3200, -0.6993
1.610, -0.3195, -0.6900
1.620, -0.3190, -0.6859
1.630, -0.3185, -0.7087
1.640, -0.3180, -0.6763
1.650, -0.3175, -0.6826
1.660, -0.3170, -0.6747
1.670, -0.3165, -0.6955
1.680, -0.3160, -0.7049
1.690, -0.3155, -0.6887
1.700, -0.3150, -0.7039
1.710, -0.3145, -0.6833
1.720, -0.3140, -0.6645
1.730, -0.3135, -0.6608
1.740, -0.3130, -0.6597
1.750, -0.3125, -0.6745
1.760, -0.3120, -0.6772
1.770, -0.3115, -0.6429
1.780, -0.3110, -0.6582
1.790, -0.3105, -0.6483
1.800, -0.3100, -0.6823
1.810, -0.3095, -0.6583
1.820, -0.3090, -0.6582
1.830, -0.3085, -0.6721
1.840, -0.3080, -0.6486
1.850, -0.3075, -0.6616
1.860, -0.3070, -0.6721
1.870, -0.3065, -0.6685
1.880, -0.3060, -0.6363
1.890, -0.3055, -0.6577
1.900, -0.3050, -0.6441
1.910, -0.3045, -0.6624
1.920, -0.3040, -0.6573
1.930, -0.3035, -0.5902
1.940, -0.3030, -0.5786
1.950, -0.3025, -0.5391
1.960, -0.3020, -0.5549
1.970, -0.3015, -0.5195
1.980, -0.3010, -0.5143
1.990, -0.3005, -0.5030
2.000, -0.3000, -0.5056
2.010, -0.2995, -0.4942
2.020, -0.2990, -0.4719
2.030, -0.2985, -0.4776
2.040, -0.2980, -0.4870
2.050, -0.2975, -0.4743
2.060, -0.2970, -0.4864
2.070, -0.2965, -0.4803
2.080, -0.2960, -0.4801
2.090, -0.2955, -0.4787
2.100, -0.2950, -0.4991
2.110, -0.2945, -0.4721
2.120, -0.2940, -0.4697
2.130, -0.2935, -0.4741
2.140, -0.2930, -0.4736
2.150, -0.2925, -0.4779
2.160, -0.2920, -0.4802
2.170, -0.2915, -0.4995
2.180, -0.2910, -0.4721
2.190, -0.2905, -0.4773
2.200, -0.2900, -0.4845
2.210, -0.2895, -0.4899
2.220, -0.2890, -0.4888
2.230, -0.2885, -0.5049
2.240, -0.2880, -0.4571
2.250, -0.2875, -0.4774
2.260, -0.2870, -0.4811
2.270, -0.2865, -0.4766
2.280, -0.2860, -0.4814
2.290, -0.2855, -0.4971
2.300, -0.2850, -0.4869
2.310, -0.2845, -0.4986
2.320, -0.2840, -0.4733
2.330, -0.2835, -0.4706
2.340, -0.2830, -0.4804
2.350, -0.2825, -0.4583
2.360, -0.2820, -0.3902
2.370, -0.2815, -0.3764
2.380, -0.2810, -0.3802
2.390, -0.2805, -0.3913
2.400, -0.2800, -0.3767
2.410, -0.2795, -0.3500
2.420, -0.2790, -0.3500
2.430, -0.2785, -0.3206
2.440, -0.2780, -0.3233
2.450, -0.2775, -0.3361
2.460, -0.2770, -0.3177
2.470, -0.2765, -0.3373
2.480, -0.2760, -0.3392
2.490, -0.2755, -0.3544
2.500, -0.2750, -0.3275
2.510, -0.2745, -0.3070
2.520, -0.2740, -0.3211
2.530, -0.2735, -0.3386
2.540, -0.2730, -0.3479
2.550, -0.2725, -0.3567
2.560, -0.2720, -0.3228
2.570, -0.2715, -0.3115
2.580, -0.2710, -0.3319
2.590, -0.2705, -0.3404
2.600, -0.2700, -0.3410
2.610, -0.2695, -0.3422
2.620, -0.2690, -0.3376
2.630, -0.2685, -0.3490
2.640, -0.2680, -0.3441
2.650, -0.2675, -0.3614
2.660, -0.2670, -0.3815
2.670, -0.2665, -0.3482
2.680, -0.2660, -0.3603
2.690, -0.2655, -0.3354
2.700, -0.2650, -0.3316
2.710, -0.2645, -0.3500
2.720, -0.2640, -0.3619
2.730, -0.2635, -0.3683
2.740, -0.2630, -0.3444
2.750, -0.2625, -0.3613
2.760, -0.2620, -0.3331
2.770, -0.2615, -0.3375
2.780, -0.2610, -0.3010
2.790, -0.2605, -0.2663
2.800, -0.2600, -0.2423
2.810, -0.2595, -0.2316
2.820, -0.2590, -0.2505
2.830, -0.2585, -0.2330
2.840, -0.2580, -0.2544
2.850, -0.2575, -0.2339
2.860, -0.2570, -0.2075
2.870, -0.2565, -0.2186
2.880, -0.2560, -0.1943
2.890, -0.2555, -0.2155
2.900, -0.2550, -0.2104
2.910, -0.2545, -0.2245
2.920, -0.2540, -0.2264
2.930, -0.2535, -0.2571
2.940, -0.2530, -0.2161
2.950, -0.2525, -0.2251
2.960, -0.2520, -0.2445
2.970, -0.2515, -0.2340
2.980, -0.2510, -0.2211
2.990, -0.2505, -0.2224
3.000, -0.2500, -0.2270
3.010, -0.2495, -0.2091
3.020, -0.2490, -0.2302
3.030, -0.2485, -0.2450
3.040, -0.2480, -0.2449
3.050, -0.2475, -0.2512
3.060, -0.2470, -0.2351
3.070, -0.2465, -0.2578
3.080, -0.2460, -0.2393
3.090, -0.2455, -0.2478
3.100, -0.2450, -0.2260
3.110, -0.2445, -0.2863
3.120, -0.2440, -0.2685
3.130, -0.2435, -0.2556
3.140, -0.2430, -0.2784
3.150, -0.2425, -0.2494
3.160, -0.2420, -0.2664
3.170, -0.2415, -0.2668
3.180, -0.2410, -0.2439
3.190, -0.2405, -0.2468
3.200, -0.2400, -0.2059
3.210, -0.2395, -0.2024
3.220, -0.2390, -0.1772
3.230, -0.2385, -0.1473
3.240, -0.2380, -0.1543
3.250, -0.2375, -0.1567
3.260, -0.2370, -0.1639
3.270, -0.2365, -0.1359
3.280, -0.2360, -0.09942
3.290, -0.2355, -0.1017
3.300, -0.2350, -0.1369
3.310, -0.2345, -0.1061
3.320, -0.2340, -0.1443
3.330, -0.2335, -0.1342
3.340, -0.2330, -0.1409
3.350, -0.2325, -0.1363
3.360, -0.2320, -0.1421
3.370, -0.2315, -0.1569
3.380, -0.2310, -0.1590
3.390, -0.2305, -0.1463
3.400, -0.2300, -0.1698
3.410, -0.2295, -0.1656
3.420, -0.2290, -0.1716
3.430, -0.2285, -0.1648
3.440, -0.2280, -0.1884
3.450, -0.2275, -0.1640
3.460, -0.2270, -0.1321
3.470, -0.2265, -0.1817
3.480, -0.2260, -0.1939
3.490, -0.2255, -0.1803
3.500, -0.2250, -0.1931
3.510, -0.2245, -0.1718
3.520, -0.2240, -0.1643
3.530, -0.2235, -0.1554
3.540, -0.2230, -0.1669
3.550, -0.2225, -0.1636
3.560, -0.2220, -0.1976
3.570, -0.2215, -0.1814
3.580, -0.2210, -0.1534
3.590, -0.2205, -0.1868
3.600, -0.2200, -0.1551
3.610, -0.2195, -0.1623
3.620, -0.2190, -0.1599
3.630, -0.2185, -0.1266
3.640, -0.2180, -0.1014
3.650, -0.2175, -0.08643
3.660, -0.2170, -0.08003
3.670, -0.2165, -0.1113
3.680, -0.2160, -0.1012
3.690, -0.2155, -0.08502
3.700, -0.2150, -0.05422
3.710, -0.2145, -0.04625
3.720, -0.2140, -0.04985
3.730, -0.2135, -0.05852
3.740, -0.2130, -0.06419
3.750, -0.2125, -0.04612
3.760, -0.2120, -0.06512
3.770, -0.2115, -0.07364
3.780, -0.2110, -0.07117
3.790, -0.2105, -0.08182
3.800, -0.2100, -0.07338
3.810, -0.2095, -0.08539
3.820, -0.2090, -0.07455
3.830, -0.2085, -0.09696
3.840, -0.2080, -0.09398
3.850, -0.2075, -0.1065
3.860, -0.2070, -0.1038
3.870, -0.2065, -0.09663
3.880, -0.2060, -0.08289
3.890, -0.2055, -0.1047
3.900, -0.2050, -0.1263
3.910, -0.2045, -0.1427
3.920, -0.2040, -0.1156
3.930, -0.2035, -0.1216
3.940, -0.2030, -0.08934
3.950, -0.2025, -0.1469
3.960, -0.2020, -0.1433
3.970, -0.2015, -0.1027
3.980, -0.2010, -0.1379
3.990, -0.2005, -0.1276
4.000, -0.2000, -0.1261
4.010, -0.1995, -0.1121
4.020, -0.1990, -0.1017
4.030, -0.1985, -0.1034
4.040, -0.1980, -0.08501
4.050, -0.1975, -0.07332
4.060, -0.1970, -0.06120
4.070, -0.1965, -0.04328
4.080, -0.1960, -0.01425
4.090, -0.1955, -0.005128
4.100, -0.1950, -0.02726
4.110, -0.1945, 0.01327
4.120, -0.1940, 0.007507
4.130, -0.1935, 0.008895
4.140, -0.1930, -0.006587
4.150, -0.1925, -0.002998
4.160, -0.1920, 0.01877
4.170, -0.1915, -0.009590
4.180, -0.1910, 0.01626
4.190, -0.1905, -0.03016
4.200, -0.1900, -0.02990
4.210, -0.1895, -0.01583
4.220, -0.1890, -0.01155
4.230, -0.1885, -0.003109
4.240, -0.1880, -0.02353
4.250, -0.1875, -0.01921
4.260, -0.1870, -0.05102
4.270, -0.1865, -0.03944
4.280, -0.1860, -0.03453
4.290, -0.1855, -0.03306
4.300, -0.1850, -0.04271
4.310, -0.1845, -0.05741
4.320, -0.1840, -0.06185
4.330, -0.1835, -0.04311
4.340, -0.1830, -0.04971
4.350, -0.1825, -0.05970
4.360, -0.1820, -0.07310
4.370, -0.1815, -0.09019
4.380, -0.1810, -0.03428
4.390, -0.1805, -0.06629
4.400, -0.1800, -0.05464
4.410, -0.1795, -0.06169
4.420, -0.1790, -0.06889
4.430, -0.1785, -0.07986
4.440, -0.1780, -0.08347
4.450, -0.1775, -0.05825
4.460, -0.1770, -0.04836
4.470, -0.1765, -0.01813
4.480, -0.1760, 0.003979
4.490, -0.1755, -0.01368
4.500, -0.1750, 0.02328
4.510, -0.1745, 0.01996
4.520, -0.1740, 0.05385
4.530, -0.1735, 0.03777
4.540, -0.1730, 0.05312
4.550, -0.1725, 0.04439
4.560, -0.1720, 0.04808
4.570, -0.1715, 0.02854
4.580, -0.1710, 0.04819
4.590, -0.1705, 0.05448
4.600, -0.1700, 0.05614
4.610, -0.1695, 0.04051
4.620, -0.1690, 0.02270
4.630, -0.1685, 0.02773
4.640, -0.1680, 0.04814
4.650, -0.1675, 0.02807
4.660, -0.1670, 0.03234
4.670, -0.1665, 0.01617
4.680, -0.1660, 0.001372
4.690, -0.1655, 0.01187
4.700, -0.1650, 0.01275
4.710, -0.1645, 0.009668
4.720, -0.1640, 0.001931
4.730, -0.1635, -0.01229
4.740, -0.1630, -0.02875
4.750, -0.1625, -0.01016
4.760, -0.1620, 0.002497
4.770, -0.1615, 0.01228
4.780, -0.1610, 0.005570
4.790, -0.1605, -0.002299
4.800, -0.1600, -0.03646
4.810, -0.1595, -0.01755
4.820, -0.1590, 0.01077
4.830, -0.1585, -0.01335
4.840, -0.1580, -0.02635
4.850, -0.1575, -0.03022
4.860, -0.1570, -0.01113
4.870, -0.1565, 0.0008520
4.880, -0.1560, 0.01769
4.890, -0.1555, 0.02567
4.900, -0.1550, 0.03893
4.910, -0.1545, 0.03881
4.920, -0.1540, 0.05832
4.930, -0.1535, 0.09069
4.940, -0.1530, 0.09835
4.950, -0.1525, 0.1078
4.960, -0.1520, 0.1062
4.970, -0.1515, 0.09709
4.980, -0.1510, 0.1119
4.990, -0.1505, 0.09558
5.000, -0.1500, 0.1103
5.010, -0.1495, 0.09605
5.020, -0.1490, 0.09944
5.030, -0.1485, 0.09529
5.040, -0.1480, 0.08522
5.050, -0.1475, 0.07476
5.060, -0.1470, 0.08323
5.070, -0.1465, 0.07513
5.080, -0.1460, 0.06425
5.090, -0.1455, 0.07559
5.100, -0.1450, 0.04930
5.110, -0.1445, 0.06596
5.120, -0.1440, 0.06210
5.130, -0.1435, 0.06210
5.140, -0.1430, 0.04904
5.150, -0.1425, 0.03635
5.160, -0.1420, 0.06142
5.170, -0.1415, 0.05571
5.180, -0.1410, 0.03503
5.190, -0.1405, 0.06103
5.200, -0.1400, 0.04537
5.210, -0.1395, 0.03132
5.220, -0.1390, 0.02976
5.230, -0.1385, 0.03693
5.240, -0.1380, 0.04350
5.250, -0.1375, 0.03274
5.260, -0.1370, 0.02201
5.270, -0.1365, -0.01658
5.280, -0.1360, 0.02620
5.290, -0.1355, 0.04752
5.300, -0.1350, 0.05921
5.310, -0.1345, 0.07830
5.320, -0.1340, 0.08676
5.330, -0.1335, 0.09624
5.340, -0.1330, 0.1054
5.350, -0.1325, 0.1332
5.360, -0.1320, 0.1301
5.370, -0.1315, 0.1199
5.380, -0.1310, 0.1366
5.390, -0.1305, 0.1316
5.400, -0.1300, 0.1734
5.410, -0.1295, 0.1474
5.420, -0.1290, 0.1376
5.430, -0.1285, 0.1190
5.440, -0.1280, 0.1507
5.450, -0.1275, 0.1139
5.460, -0.1270, 0.1416
5.470, -0.1265, 0.1372
5.480, -0.1260, 0.1227
5.490, -0.1255, 0.1223
5.500, -0.1250, 0.1161
5.510, -0.1245, 0.1199
5.520, -0.1240, 0.1255
5.530, -0.1235, 0.1285
5.540, -0.1230, 0.08804
5.550, -0.1225, 0.09351
5.560, -0.1220, 0.07468
5.570, -0.1215, 0.08943
5.580, -0.1210, 0.07455
5.590, -0.1205, 0.1006
5.600, -0.1200, 0.07718
5.610, -0.1195, 0.09430
5.620, -0.1190, 0.07086
5.630, -0.1185, 0.09151
5.640, -0.1180, 0.07780
5.650, -0.1175, 0.1030
5.660, -0.1170, 0.09463
5.670, -0.1165, 0.05699
5.680, -0.1160, 0.07521
5.690, -0.1155, 0.06993
5.700, -0.1150, 0.08041
5.710, -0.1145, 0.08555
5.720, -0.1140, 0.1015
5.730, -0.1135, 0.1129
5.740, -0.1130, 0.1360
5.750, -0.1125, 0.1527
5.760, -0.1120, 0.1615
5.770, -0.1115, 0.1632
5.780, -0.1110, 0.1843
5.790, -0.1105, 0.1794
5.800, -0.1100, 0.1725
5.810, -0.1095, 0.1869
5.820, -0.1090, 0.1933
5.830, -0.1085, 0.2000
5.840, -0.1080, 0.2021
5.850, -0.1075, 0.1817
5.860, -0.1070, 0.1851
5.870, -0.1065, 0.1755
5.880, -0.1060, 0.1868
5.890, -0.1055, 0.1780
5.900, -0.1050, 0.1690
5.910, -0.1045, 0.1602
5.920, -0.1040, 0.1700
5.930, -0.1035, 0.1792
5.940, -0.1030, 0.1657
5.950, -0.1025, 0.1599
5.960, -0.1020, 0.1734
5.970, -0.1015, 0.1321
5.980, -0.1010, 0.1067
5.990, -0.1005, 0.1538
6.000, -0.1000, 0.1292
6.010, -0.09950, 0.1337
6.020, -0.09900, 0.1562
6.030, -0.09850, 0.1474
6.040, -0.09800, 0.1391
6.050, -0.09750, 0.1271
6.060, -0.09700, 0.1239
6.070, -0.09650, 0.1043
6.080, -0.09600, 0.1327
6.090, -0.09550, 0.1229
6.100, -0.09500, 0.1308
6.110, -0.09450, 0.1292
6.120, -0.09400, 0.1169
6.130, -0.09350, 0.1360
6.140, -0.09300, 0.1642
6.150, -0.09250, 0.1762
6.160, -0.09200, 0.1833
6.170, -0.09150, 0.1601
6.180, -0.09100, 0.2222
6.190, -0.09050, 0.2220
6.200, -0.09000, 0.2341
6.210, -0.08950, 0.2473
6.220, -0.08900, 0.2338
6.230, -0.08850, 0.2452
6.240, -0.08800, 0.2451
6.250, -0.08750, 0.2239
6.260, -0.08700, 0.2500
6.270, -0.08650, 0.2438
6.280, -0.08600, 0.2484
6.290, -0.08550, 0.2142
6.300, -0.08500, 0.2313
6.310, -0.08450, 0.2379
6.320, -0.08400, 0.2540
6.330, -0.08350, 0.2159
6.340, -0.08300, 0.2077
6.350, -0.08250, 0.2178
6.360, -0.08200, 0.2182
6.370, -0.08150, 0.1933
6.380, -0.08100, 0.2075
6.390, -0.08050, 0.1979
6.400, -0.08000, 0.1994
6.410, -0.07950, 0.1819
6.420, -0.07900, 0.2060
6.430, -0.07850, 0.1902
6.440, -0.07800, 0.1996
6.450, -0.07750, 0.2076
6.460, -0.07700, 0.1968
6.470, -0.07650, 0.1973
6.480, -0.07600, 0.2002
6.490, -0.07550, 0.1801
6.500, -0.07500, 0.2178
6.510, -0.07450, 0.2086
6.520, -0.07400, 0.1979
6.530, -0.07350, 0.1880
6.540, -0.07300, 0.1782
6.550, -0.07250, 0.1817
6.560, -0.07200, 0.2096
6.570, -0.07150, 0.2420
6.580, -0.07100, 0.2526
6.590, -0.07050, 0.2880
6.600, -0.07000, 0.2845
6.610, -0.06950, 0.3060
6.620, -0.06900, 0.3011
6.630, -0.06850, 0.3228
6.640, -0.06800, 0.3253
6.650, -0.06750, 0.3012
6.660, -0.06700, 0.3446
6.670, -0.06650, 0.3334
6.680, -0.06600, 0.3282
6.690, -0.06550, 0.3286
6.700, -0.06500, 0.3171
6.710, -0.06450, 0.3312
6.720, -0.06400, 0.3278
6.730, -0.06350, 0.3407
6.740, -0.06300, 0.2965
6.750, -0.06250, 0.3076
6.760, -0.06200, 0.2823
6.770, -0.06150, 0.3032
6.780, -0.06100, 0.3252
6.790, -0.06050, 0.3164
6.800, -0.06000, 0.3145
6.810, -0.05950, 0.3315
6.820, -0.05900, 0.3127
6.830, -0.05850, 0.3004
6.840, -0.05800, 0.3309
6.850, -0.05750, 0.3225
6.860, -0.05700, 0.3135
6.870, -0.05650, 0.3169
6.880, -0.05600, 0.3089
6.890, -0.05550, 0.3147
6.900, -0.05500, 0.3180
6.910, -0.05450, 0.3322
6.920, -0.05400, 0.3261
6.930, -0.05350, 0.3057
6.940, -0.05300, 0.2847
6.950, -0.05250, 0.3298
6.960, -0.05200, 0.3199
6.970, -0.05150, 0.3402
6.980, -0.05100, 0.3548
6.990, -0.05050, 0.3543
7.000, -0.05000, 0.3965
7.010, -0.04950, 0.4139
7.020, -0.04900, 0.4406
7.030, -0.04850, 0.4572
7.040, -0.04800, 0.4534
7.050, -0.04750, 0.4678
7.060, -0.04700, 0.4714
7.070, -0.04650, 0.4648
7.080, -0.04600, 0.4998
7.090, -0.04550, 0.5091
7.100, -0.04500, 0.4997
7.110, -0.04450, 0.5069
7.120, -0.04400, 0.5027
7.130, -0.04350, 0.4923
7.140, -0.04300, 0.5138
7.150, -0.04250, 0.5004
7.160, -0.04200, 0.5143
7.170, -0.04150, 0.5065
7.180, -0.04100, 0.5010
7.190, -0.04050, 0.5212
7.200, -0.04000, 0.5313
7.210, -0.03950, 0.5119
7.220, -0.03900, 0.5180
7.230, -0.03850, 0.5064
7.240, -0.03800, 0.5134
7.250, -0.03750, 0.5350
7.260, -0.03700, 0.5398
7.270, -0.03650, 0.5303
7.280, -0.03600, 0.5365
7.290, -0.03550, 0.5578
7.300, -0.03500, 0.5506
7.310, -0.03450, 0.5622
7.320, -0.03400, 0.5827
7.330, -0.03350, 0.5831
7.340, -0.03300, 0.5894
7.350, -0.03250, 0.5689
7.360, -0.03200, 0.5790
7.370, -0.03150, 0.6232
7.380, -0.03100, 0.6311
7.390, -0.03050, 0.6270
7.400, -0.03000, 0.6285
7.410, -0.02950, 0.6526
7.420, -0.02900, 0.7094
7.430, -0.02850, 0.7213
7.440, -0.02800, 0.7640
7.450, -0.02750, 0.7746
7.460, -0.02700, 0.7522
7.470, -0.02650, 0.7769
7.480, -0.02600, 0.8060
7.490, -0.02550, 0.8243
7.500, -0.02500, 0.8384
7.510, -0.02450, 0.8778
7.520, -0.02400, 0.8712
7.530, -0.02350, 0.8795
7.540, -0.02300, 0.8818
7.550, -0.02250, 0.8840
7.560, -0.02200, 0.9079
7.570, -0.02150, 0.9036
7.580, -0.02100, 0.8923
7.590, -0.02050, 0.8963
7.600, -0.02000, 0.9388
7.610, -0.01950, 0.9570
7.620, -0.01900, 0.9721
7.630, -0.01850, 0.9794
7.640, -0.01800, 0.9841
7.650, -0.01750, 1.002
7.660, -0.01700, 0.9640
7.670, -0.01650, 1.009
7.680, -0.01600, 1.041
7.690, -0.01550, 1.055
7.700, -0.01500, 1.052
7.710, -0.01450, 1.053
7.720, -0.01400, 1.072
7.730, -0.01350, 1.095
7.740, -0.01300, 1.118
7.750, -0.01250, 1.136
7.760, -0.01200, 1.142
7.770, -0.01150, 1.171
7.780, -0.01100, 1.168
7.790, -0.01050, 1.207
7.800, -0.01000, 1.214
7.810, -0.009500, 1.241
7.820, -0.009000, 1.239
7.830, -0.008500, 1.290
7.840, -0.008000, 1.336
7.850, -0.007500, 1.358
7.860, -0.007000, 1.416
7.870, -0.006500, 1.443
7.880, -0.006000, 1.467
7.890, -0.005500, 1.505
7.900, -0.005000, 1.505
7.910, -0.004500, 1.524
7.920, -0.004000, 1.567
7.930, -0.003500, 1.589
7.940, -0.003000, 1.605
7.950, -0.002500, 1.627
7.960, -0.002000, 1.638
7.970, -0.001500, 1.669
7.980, -0.001000, 1.700
7.990, -0.0005000, 1.718
8.000, 0.000, 1.706
8.010, 0.0005000, 1.757
8.020, 0.001000, 1.768
8.030, 0.001500, 1.785
8.040, 0.002000, 1.820
8.050, 0.002500, 1.840
8.060, 0.003000, 1.845
8.070, 0.003500, 1.871
8.080, 0.004000, 1.902
8.090, 0.004500, 1.924
8.100, 0.005000, 1.953
8.110, 0.005500, 1.961
8.120, 0.006000, 1.987
8.130, 0.006500, 2.006
8.140, 0.007000, 2.039
8.150, 0.007500, 2.072
8.160, 0.008000, 2.112
8.170, 0.008500, 2.117
8.180, 0.009000, 2.136
8.190, 0.009500, 2.196
8.200, 0.01000, 2.199
8.210, 0.01050, 2.231
8.220, 0.01100, 2.271
8.230, 0.01150, 2.273
8.240, 0.01200, 2.346
8.250, 0.01250, 2.382
8.260, 0.01300, 2.414
8.270, 0.01350, 2.483
8.280, 0.01400, 2.545
8.290, 0.01450, 2.579
8.300, 0.01500, 2.598
8.310, 0.01550, 2.644
8.320, 0.01600, 2.675
8.330, 0.01650, 2.705
8.340, 0.01700, 2.761
8.350, 0.01750, 2.784
8.360, 0.01800, 2.779
8.370, 0.01850, 2.819
8.380, 0.01900, 2.859
8.390, 0.01950, 2.904
8.400, 0.02000, 2.919
8.410, 0.02050, 2.925
8.420, 0.02100, 2.962
8.430, 0.02150, 3.026
8.440, 0.02200, 3.006
8.450, 0.02250, 3.066
8.460, 0.02300, 3.094
8.470, 0.02350, 3.118
8.480, 0.02400, 3.128
8.490, 0.02450, 3.180
8.500, 0.02500, 3.219
8.510, 0.02550, 3.243
8.520, 0.02600, 3.275
8.530, 0.02650, 3.292
8.540, 0.02700, 3.313
8.550, 0.02750, 3.367
8.560, 0.02800, 3.398
8.570, 0.02850, 3.418
8.580, 0.02900, 3.474
8.590, 0.02950, 3.482
8.600, 0.03000, 3.518
8.610, 0.03050, 3.539
8.620, 0.03100, 3.596
8.630, 0.03150, 3.626
8.640, 0.03200, 3.644
8.650, 0.03250, 3.692
8.660, 0.03300, 3.752
8.670, 0.03350, 3.771
8.680, 0.03400, 3.862
8.690, 0.03450, 3.898
8.700, 0.03500, 3.952
8.710, 0.03550, 4.006
8.720, 0.03600, 4.009
8.730, 0.03650, 4.086
8.740, 0.03700, 4.119
8.750, 0.03750, 4.156
8.760, 0.03800, 4.208
8.770, 0.03850, 4.242
8.780, 0.03900, 4.232
8.790, 0.03950, 4.269
8.800, 0.04000, 4.314
8.810, 0.04050, 4.370
8.820, 0.04100, 4.387
8.830, 0.04150, 4.416
8.840, 0.04200, 4.458
8.850, 0.04250, 4.477
8.860, 0.04300, 4.507
8.870, 0.04350, 4.531
8.880, 0.04400, 4.595
8.890, 0.04450, 4.606
8.900, 0.04500, 4.634
8.910, 0.04550, 4.656
8.920, 0.04600, 4.720
8.930, 0.04650, 4.715
8.940, 0.04700, 4.764
8.950, 0.04750, 4.789
8.960, 0.04800, 4.827
8.970, 0.04850, 4.861
8.980, 0.04900, 4.897
8.990, 0.04950, 4.925
9.000, 0.05000, 4.978
9.010, 0.05050, 4.974
9.020, 0.05100, 5.004
9.030, 0.05150, 5.046
9.040, 0.05200, 5.110
9.050, 0.05250, 5.161
9.060, 0.05300, 5.175
9.070, 0.05350, 5.188
9.080, 0.05400, 5.231
9.090, 0.05450, 5.293
9.100, 0.05500, 5.348
9.110, 0.05550, 5.403
9.120, 0.05600, 5.420
9.130, 0.05650, 5.490
9.140, 0.05700, 5.545
9.150, 0.05750, 5.565
9.160, 0.05800, 5.623
9.170, 0.05850, 5.672
9.180, 0.05900, 5.674
9.190, 0.05950, 5.695
9.200, 0.06000, 5.708
9.210, 0.06050, 5.782
9.220, 0.06100, 5.786
9.230, 0.06150, 5.815
9.240, 0.06200, 5.847
9.250, 0.06250, 5.881
9.260, 0.06300, 5.925
9.270, 0.06350, 5.937
9.280, 0.06400, 5.986
9.290, 0.06450, 5.999
9.300, 0.06500, 6.059
9.310, 0.06550, 6.081
9.320, 0.06600, 6.053
9.330, 0.06650, 6.137
9.340, 0.06700, 6.166
9.350, 0.06750, 6.189
9.360, 0.06800, 6.229
9.370, 0.06850, 6.236
9.380, 0.06900, 6.259
9.390, 0.06950, 6.310
9.400, 0.07000, 6.308
9.410, 0.07050, 6.359
9.420, 0.07100, 6.377
9.430, 0.07150, 6.405
9.440, 0.07200, 6.426
9.450, 0.07250, 6.470
9.460, 0.07300, 6.504
9.470, 0.07350, 6.537
9.480, 0.07400, 6.538
9.490, 0.07450, 6.571
9.500, 0.07500, 6.621
9.510, 0.07550, 6.654
9.520, 0.07600, 6.709
9.530, 0.07650, 6.764
9.540, 0.07700, 6.796
9.550, 0.07750, 6.843
9.560, 0.07800, 6.874
9.570, 0.07850, 6.909
9.580, 0.07900, 6.958
9.590, 0.07950, 6.952
9.600, 0.08000, 6.982
9.610, 0.08050, 7.005
9.620, 0.08100, 7.042
9.630, 0.08150, 7.101
9.640, 0.08200, 7.131
9.650, 0.08250, 7.127
9.660, 0.08300, 7.159
9.670, 0.08350, 7.143
9.680, 0.08400, 7.208
9.690, 0.08450, 7.219
9.700, 0.08500, 7.242
9.710, 0.08550, 7.262
9.720, 0.08600, 7.288
9.730, 0.08650, 7.301
9.740, 0.08700, 7.346
9.750, 0.08750, 7.355
9.760, 0.08800, 7.374
9.770, 0.08850, 7.398
9.780, 0.08900, 7.401
9.790, 0.08950, 7.420
9.800, 0.09000, 7.446
9.810, 0.09050, 7.478
9.820, 0.09100, 7.516
9.830, 0.09150, 7.530
9.840, 0.09200, 7.552
9.850, 0.09250, 7.582
9.860, 0.09300, 7.603
9.870, 0.09350, 7.596
9.880, 0.09400, 7.608
9.890, 0.09450, 7.661
9.900, 0.09500, 7.655
9.910, 0.09550, 7.680
9.920, 0.09600, 7.704
9.930, 0.09650, 7.760
9.940, 0.09700, 7.815
9.950, 0.09750, 7.853
9.960, 0.09800, 7.859
9.970, 0.09850, 7.906
9.980, 0.09900, 7.941
9.990, 0.09950, 7.962
10.00, 0.1000, 7.990
10.01, 0.1005, 8.021
10.02, 0.1010, 8.014
10.03, 0.1015, 8.039
10.04, 0.1020, 8.043
10.05, 0.1025, 8.093
10.06, 0.1030, 8.112
10.07, 0.1035, 8.112
10.08, 0.1040, 8.126
10.09, 0.1045, 8.109
10.10, 0.1050, 8.134
10.11, 0.1055, 8.188
10.12, 0.1060, 8.184
10.13, 0.1065, 8.200
10.14, 0.1070, 8.225
10.15, 0.1075, 8.202
10.16, 0.1080, 8.229
10.17, 0.1085, 8.226
10.18, 0.1090, 8.264
10.19, 0.1095, 8.287
10.20, 0.1100, 8.261
10.21, 0.1105, 8.279
10.22, 0.1110, 8.296
10.23, 0.1115, 8.316
10.24, 0.1120, 8.308
10.25, 0.1125, 8.324
10.26, 0.1130, 8.309
10.27, 0.1135, 8.336
10.28, 0.1140, 8.345
10.29, 0.1145, 8.384
10.30, 0.1150, 8.394
10.31, 0.1155, 8.382
10.32, 0.1160, 8.404
10.33, 0.1165, 8.410
10.34, 0.1170, 8.426
10.35, 0.1175, 8.448
10.36, 0.1180, 8.518
10.37, 0.1185, 8.527
10.38, 0.1190, 8.548
10.39, 0.1195, 8.562
10.40, 0.1200, 8.569
10.41, 0.1205, 8.578
10.42, 0.1210, 8.616
10.43, 0.1215, 8.624
10.44, 0.1220, 8.632
10.45, 0.1225, 8.618
10.46, 0.1230, 8.609
10.47, 0.1235, 8.633
10.48, 0.1240, 8.648
10.49, 0.1245, 8.666
10.50, 0.1250, 8.669
10.51, 0.1255, 8.677
10.52, 0.1260, 8.664
10.53, 0.1265, 8.699
10.54, 0.1270, 8.692
10.55, 0.1275, 8.669
10.56, 0.1280, 8.681
10.57, 0.1285, 8.677
10.58, 0.1290, 8.682
10.59, 0.1295, 8.695
10.60, 0.1300, 8.708
10.61, 0.1305, 8.683
10.62, 0.1310, 8.700
10.63, 0.1315, 8.679
10.64, 0.1320, 8.690
10.65, 0.1325, 8.699
10.66, 0.1330, 8.696
10.67, 0.1335, 8.675
10.68, 0.1340, 8.660
10.69, 0.1345, 8.675
10.70, 0.1350, 8.659
10.71, 0.1355, 8.681
10.72, 0.1360, 8.699
10.73, 0.1365, 8.693
10.74, 0.1370, 8.689
10.75, 0.1375, 8.688
10.76, 0.1380, 8.701
10.77, 0.1385, 8.719
10.78, 0.1390, 8.743
10.79, 0.1395, 8.768
10.80, 0.1400, 8.760
10.81, 0.1405, 8.781
10.82, 0.1410, 8.796
10.83, 0.1415, 8.787
10.84, 0.1420, 8.771
10.85, 0.1425, 8.791
10.86, 0.1430, 8.806
10.87, 0.1435, 8.775
10.88, 0.1440, 8.776
10.89, 0.1445, 8.766
10.90, 0.1450, 8.785
10.91, 0.1455, 8.770
10.92, 0.1460, 8.769
10.93, 0.1465, 8.739
10.94, 0.1470, 8.740
10.95, 0.1475, 8.742
10.96, 0.1480, 8.730
10.97, 0.1485, 8.723
10.98, 0.1490, 8.721
10.99, 0.1495, 8.716
11.00, 0.1500, 8.713
11.01, 0.1505, 8.718
11.02, 0.1510, 8.713
11.03, 0.1515, 8.726
11.04, 0.1520, 8.713
11.05, 0.1525, 8.687
11.06, 0.1530, 8.695
11.07, 0.1535, 8.697
11.08, 0.1540, 8.676
11.09, 0.1545, 8.688
11.10, 0.1550, 8.657
11.11, 0.1555, 8.644
11.12, 0.1560, 8.636
11.13, 0.1565, 8.642
11.14, 0.1570, 8.639
11.15, 0.1575, 8.623
11.16, 0.1580, 8.629
11.17, 0.1585, 8.633
11.18, 0.1590, 8.622
11.19, 0.1595, 8.625
11.20, 0.1600, 8.644
11.21, 0.1605, 8.656
11.22, 0.1610, 8.650
11.23, 0.1615, 8.664
11.24, 0.1620, 8.686
11.25, 0.1625, 8.690
11.26, 0.1630, 8.645
11.27, 0.1635, 8.646
11.28, 0.1640, 8.646
11.29, 0.1645, 8.614
11.30, 0.1650, 8.622
11.31, 0.1655, 8.631
11.32, 0.1660, 8.623
11.33, 0.1665, 8.583
11.34, 0.1670, 8.556
11.35, 0.1675, 8.558
11.36, 0.1680, 8.554
11.37, 0.1685, 8.532
11.38, 0.1690, 8.500
11.39, 0.1695, 8.491
11.40, 0.1700, 8.475
11.41, 0.1705, 8.448
11.42, 0.1710, 8.467
11.43, 0.1715, 8.460
11.44, 0.1720, 8.466
11.45, 0.1725, 8.432
11.46, 0.1730, 8.404
11.47, 0.1735, 8.376
11.48, 0.1740, 8.387
11.49, 0.1745, 8.350
11.50, 0.1750, 8.350
11.51, 0.1755, 8.317
11.52, 0.1760, 8.291
11.53, 0.1765, 8.305
11.54, 0.1770, 8.275
11.55, 0.1775, 8.254
11.56, 0.1780, 8.247
11.57, 0.1785, 8.230
11.58, 0.1790, 8.194
11.59, 0.1795, 8.212
11.60, 0.1800, 8.183
11.61, 0.1805, 8.215
11.62, 0.1810, 8.225
11.63, 0.1815, 8.210
11.64, 0.1820, 8.215
11.65, 0.1825, 8.219
11.66, 0.1830, 8.224
11.67, 0.1835, 8.220
11.68, 0.1840, 8.211
11.69, 0.1845, 8.196
11.70, 0.1850, 8.200
11.71, 0.1855, 8.152
11.72, 0.1860, 8.152
11.73, 0.1865, 8.151
11.74, 0.1870, 8.142
11.75, 0.1875, 8.117
11.76, 0.1880, 8.082
11.77, 0.1885, 8.060
11.78, 0.1890, 8.069
11.79, 0.1895, 8.068
11.80, 0.1900, 8.034
11.81, 0.1905, 8.019
11.82, 0.1910, 7.988
11.83, 0.1915, 7.957
11.84, 0.1920, 7.973
11.85, 0.1925, 7.961
11.86, 0.1930, 7.971
11.87, 0.1935, 7.919
11.88, 0.1940, 7.898
11.89, 0.1945, 7.873
11.90, 0.1950, 7.882
11.91, 0.1955, 7.877
11.92, 0.1960, 7.843
11.93, 0.1965, 7.800
11.94, 0.1970, 7.794
11.95, 0.1975, 7.781
11.96, 0.1980, 7.761
11.97, 0.1985, 7.753
11.98, 0.1990, 7.751
11.99, 0.1995, 7.741
12.00, 0.2000, 7.674
12.01, 0.2005, 7.678
12.02, 0.2010, 7.668
12.03, 0.2015, 7.686
12.04, 0.2020, 7.724
12.05, 0.2025, 7.680
12.06, 0.2030, 7.683
12.07, 0.2035, 7.685
12.08, 0.2040, 7.677
12.09, 0.2045, 7.673
12.10, 0.2050, 7.683
12.11, 0.2055, 7.672
12.12, 0.2060, 7.650
12.13, 0.2065, 7.643
12.14, 0.2070, 7.654
12.15, 0.2075, 7.641
12.16, 0.2080, 7.622
12.17, 0.2085, 7.589
12.18, 0.2090, 7.575
12.19, 0.2095, 7.544
12.20, 0.2100, 7.510
12.21, 0.2105, 7.528
12.22, 0.2110, 7.523
12.23, 0.2115, 7.499
12.24, 0.2120, 7.475
12.25, 0.2125, 7.463
12.26, 0.2130, 7.452
12.27, 0.2135, 7.452
12.28, 0.2140, 7.427
12.29, 0.2145, 7.377
12.30, 0.2150, 7.388
12.31, 0.2155, 7.371
12.32, 0.2160, 7.368
12.33, 0.2165, 7.356
12.34, 0.2170, 7.354
12.35, 0.2175, 7.318
12.36, 0.2180, 7.295
12.37, 0.2185, 7.264
12.38, 0.2190, 7.277
12.39, 0.2195, 7.265
12.40, 0.2200, 7.250
12.41, 0.2205, 7.235
12.42, 0.2210, 7.226
12.43, 0.2215, 7.206
12.44, 0.2220, 7.197
12.45, 0.2225, 7.201
12.46, 0.2230, 7.225
12.47, 0.2235, 7.217
12.48, 0.2240, 7.221
12.49, 0.2245, 7.254
12.50, 0.2250, 7.244
12.51, 0.2255, 7.247
12.52, 0.2260, 7.256
12.53, 0.2265, 7.240
12.54, 0.2270, 7.212
12.55, 0.2275, 7.185
12.56, 0.2280, 7.195
12.57, 0.2285, 7.166
12.58, 0.2290, 7.160
12.59, 0.2295, 7.157
12.60, 0.2300, 7.151
12.61, 0.2305, 7.139
12.62, 0.2310, 7.113
12.63, 0.2315, 7.102
12.64, 0.2320, 7.087
12.65, 0.2325, 7.080
12.66, 0.2330, 7.058
12.67, 0.2335, 7.033
12.68, 0.2340, 7.005
12.69, 0.2345, 7.023
12.70, 0.2350, 6.994
12.71, 0.2355, 7.023
12.72, 0.2360, 7.001
12.73, 0.2365, 6.972
12.74, 0.2370, 6.960
12.75, 0.2375, 6.950
12.76, 0.2380, 6.926
12.77, 0.2385, 6.933
12.78, 0.2390, 6.889
12.79, 0.2395, 6.882
12.80, 0.2400, 6.881
12.81, 0.2405, 6.872
12.82, 0.2410, 6.875
12.83, 0.2415, 6.865
12.84, 0.2420, 6.829
12.85, 0.2425, 6.833
12.86, 0.2430, 6.817
12.87, 0.2435, 6.832
12.88, 0.2440, 6.828
12.89, 0.2445, 6.846
12.90, 0.2450, 6.856
12.91, 0.2455, 6.863
12.92, 0.2460, 6.872
12.93, 0.2465, 6.915
12.94, 0.2470, 6.854
12.95, 0.2475, 6.863
12.96, 0.2480, 6.860
12.97, 0.2485, 6.842
12.98, 0.2490, 6.824
12.99, 0.2495, 6.806
13.00, 0.2500, 6.809
13.01, 0.2505, 6.809
13.02, 0.2510, 6.792
13.03, 0.2515, 6.766
13.04, 0.2520, 6.763
13.05, 0.2525, 6.770
13.06, 0.2530, 6.727
13.07, 0.2535, 6.730
13.08, 0.2540, 6.703
13.09, 0.2545, 6.695
13.10, 0.2550, 6.694
13.11, 0.2555, 6.696
13.12, 0.2560, 6.681
13.13, 0.2565, 6.644
13.14, 0.2570, 6.635
13.15, 0.2575, 6.631
13.16, 0.2580, 6.625
13.17, 0.2585, 6.592
13.18, 0.2590, 6.589
13.19, 0.2595, 6.574
13.20, 0.2600, 6.558
13.21, 0.2605, 6.535
13.22, 0.2610, 6.558
13.23, 0.2615, 6.558
13.24, 0.2620, 6.517
13.25, 0.2625, 6.543
13.26, 0.2630, 6.503
13.27, 0.2635, 6.484
13.28, 0.2640, 6.499
13.29, 0.2645, 6.542
13.30, 0.2650, 6.523
13.31, 0.2655, 6.518
13.32, 0.2660, 6.510
13.33, 0.2665, 6.530
13.34, 0.2670, 6.559
13.35, 0.2675, 6.550
13.36, 0.2680, 6.566
13.37, 0.2685, 6.558
13.38, 0.2690, 6.546
13.39, 0.2695, 6.534
13.40, 0.2700, 6.526
13.41, 0.2705, 6.516
13.42, 0.2710, 6.496
13.43, 0.2715, 6.485
13.44, 0.2720, 6.481
13.45, 0.2725, 6.467
13.46, 0.2730, 6.478
13.47, 0.2735, 6.450
13.48, 0.2740, 6.431
13.49, 0.2745, 6.441
13.50, 0.2750, 6.426
13.51, 0.2755, 6.393
13.52, 0.2760, 6.404
13.53, 0.2765, 6.394
13.54, 0.2770, 6.406
13.55, 0.2775, 6.379
13.56, 0.2780, 6.373
13.57, 0.2785, 6.328
13.58, 0.2790, 6.316
13.59, 0.2795, 6.349
13.60, 0.2800, 6.326
13.61, 0.2805, 6.318
13.62, 0.2810, 6.292
13.63, 0.2815, 6.286
13.64, 0.2820, 6.304
13.65, 0.2825, 6.271
13.66, 0.2830, 6.259
13.67, 0.2835, 6.249
13.68, 0.2840, 6.248
13.69, 0.2845, 6.238
13.70, 0.2850, 6.230
13.71, 0.2855, 6.213
13.72, 0.2860, 6.269
13.73, 0.2865, 6.280
13.74, 0.2870, 6.264
13.75, 0.2875, 6.287
13.76, 0.2880, 6.281
13.77, 0.2885, 6.294
13.78, 0.2890, 6.300
13.79, 0.2895, 6.291
13.80, 0.2900, 6.287
13.81, 0.2905, 6.283
13.82, 0.2910, 6.255
13.83, 0.2915, 6.269
13.84, 0.2920, 6.276
13.85, 0.2925, 6.229
13.86, 0.2930, 6.255
13.87, 0.2935, 6.224
13.88, 0.2940, 6.210
13.89, 0.2945, 6.229
13.90, 0.2950, 6.203
13.91, 0.2955, 6.195
13.92, 0.2960, 6.173
13.93, 0.2965, 6.186
13.94, 0.2970, 6.146
13.95, 0.2975, 6.148
13.96, 0.2980, 6.138
13.97, 0.2985, 6.164
13.98, 0.2990, 6.140
13.99, 0.2995, 6.127
14.00, 0.3000, 6.111
14.01, 0.3005, 6.115
14.02, 0.3010, 6.101
14.03, 0.3015, 6.093
14.04, 0.3020, 6.064
14.05, 0.3025, 6.093
14.06, 0.3030, 6.068
14.07, 0.3035, 6.049
14.08, 0.3040, 6.047
14.09, 0.3045, 6.048
14.10, 0.3050, 6.017
14.11, 0.3055, 6.026
14.12, 0.3060, 6.037
14.13, 0.3065, 6.032
14.14, 0.3070, 6.038
14.15, 0.3075, 6.056
14.16, 0.3080, 6.056
14.17, 0.3085, 6.074
14.18, 0.3090, 6.092
14.19, 0.3095, 6.080
14.20, 0.3100, 6.096
14.21, 0.3105, 6.105
14.22, 0.3110, 6.102
14.23, 0.3115, 6.080
14.24, 0.3120, 6.059
14.25, 0.3125, 6.087
14.26, 0.3130, 6.066
14.27, 0.3135, 6.057
14.28, 0.3140, 6.035
14.29, 0.3145, 6.023
14.30, 0.3150, 6.015
14.31, 0.3155, 6.020
14.32, 0.3160, 6.022
14.33, 0.3165, 6.011
14.34, 0.3170, 5.995
14.35, 0.3175, 5.968
14.36, 0.3180, 5.978
14.37, 0.3185, 5.980
14.38, 0.3190, 5.980
14.39, 0.3195, 5.949
14.40, 0.3200, 5.940
14.41, 0.3205, 5.924
14.42, 0.3210, 5.936
14.43, 0.3215, 5.924
14.44, 0.3220, 5.922
14.45, 0.3225, 5.922
14.46, 0.3230, 5.881
14.47, 0.3235, 5.912
14.48, 0.3240, 5.888
14.49, 0.3245, 5.875
14.50, 0.3250, 5.866
14.51, 0.3255, 5.880
14.52, 0.3260, 5.881
14.53, 0.3265, 5.830
14.54, 0.3270, 5.830
14.55, 0.3275, 5.841
14.56, 0.3280, 5.850
14.57, 0.3285, 5.887
14.58, 0.3290, 5.892
14.59, 0.3295, 5.918
14.60, 0.3300, 5.913
14.61, 0.3305, 5.915
14.62, 0.3310, 5.913
14.63, 0.3315, 5.956
14.64, 0.3320, 5.948
14.65, 0.3325, 5.901
14.66, 0.3330, 5.901
14.67, 0.3335, 5.915
14.68, 0.3340, 5.928
14.69, 0.3345, 5.895
14.70, 0.3350, 5.908
14.71, 0.3355, 5.896
14.72, 0.3360, 5.882
14.73, 0.3365, 5.862
14.74, 0.3370, 5.883
14.75, 0.3375, 5.872
14.76, 0.3380, 5.834
14.77, 0.3385, 5.839
14.78, 0.3390, 5.829
14.79, 0.3395, 5.825
14.80, 0.3400, 5.846
14.81, 0.3405, 5.808
14.82, 0.3410, 5.795
14.83, 0.3415, 5.785
14.84, 0.3420, 5.801
14.85, 0.3425, 5.770
14.86, 0.3430, 5.770
14.87, 0.3435, 5.772
14.88, 0.3440, 5.769
14.89, 0.3445, 5.755
14.90, 0.3450, 5.744
14.91, 0.3455, 5.746
14.92, 0.3460, 5.751
14.93, 0.3465, 5.752
14.94, 0.3470, 5.734
14.95, 0.3475, 5.728
14.96, 0.3480, 5.720
14.97, 0.3485, 5.722
14.98, 0.3490, 5.724
14.99, 0.3495, 5.753
15.00, 0.3500, 5.771
15.01, 0.3505, 5.797
15.02, 0.3510, 5.787
15.03, 0.3515, 5.796
15.04, 0.3520, 5.806
15.05, 0.3525, 5.830
15.06, 0.3530, 5.835
15.07, 0.3535, 5.792
15.08, 0.3540, 5.759
15.09, 0.3545, 5.783
15.10, 0.3550, 5.808
15.11, 0.3555, 5.815
15.12, 0.3560, 5.767
15.13, 0.3565, 5.760
15.14, 0.3570, 5.769
15.15, 0.3575, 5.784
15.16, 0.3580, 5.762
15.17, 0.3585, 5.736
15.18, 0.3590, 5.747
15.19, 0.3595, 5.734
15.20, 0.3600, 5.709
15.21, 0.3605, 5.727
15.22, 0.3610, 5.747
15.23, 0.3615, 5.720
15.24, 0.3620, 5.701
15.25, 0.3625, 5.703
15.26, 0.3630, 5.696
15.27, 0.3635, 5.704
15.28, 0.3640, 5.661
15.29, 0.3645, 5.676
15.30, 0.3650, 5.669
15.31, 0.3655, 5.673
15.32, 0.3660, 5.663
15.33, 0.3665, 5.649
15.34, 0.3670, 5.660
15.35, 0.3675, 5.653
15.36, 0.3680, 5.628
15.37, 0.3685, 5.631
15.38, 0.3690, 5.634
15.39, 0.3695, 5.633
15.40, 0.3700, 5.686
15.41, 0.3705, 5.698
15.42, 0.3710, 5.692
15.43, 0.3715, 5.713
15.44, 0.3720, 5.714
15.45, 0.3725, 5.725
15.46, 0.3730, 5.726
15.47, 0.3735, 5.751
15.48, 0.3740, 5.738
15.49, 0.3745, 5.748
15.50, 0.3750, 5.753
15.51, 0.3755, 5.719
15.52, 0.3760, 5.732
15.53, 0.3765, 5.750
15.54, 0.3770, 5.727
15.55, 0.3775, 5.706
15.56, 0.3780, 5.685
15.57, 0.3785, 5.692
15.58, 0.3790, 5.683
15.59, 0.3795, 5.699
15.60, 0.3800, 5.693
15.61, 0.3805, 5.670
15.62, 0.3810, 5.681
15.63, 0.3815, 5.666
15.64, 0.3820, 5.660
15.65, 0.3825, 5.679
15.66, 0.3830, 5.693
15.67, 0.3835, 5.658
15.68, 0.3840, 5.648
15.69, 0.3845, 5.624
15.70, 0.3850, 5.654
15.71, 0.3855, 5.666
15.72, 0.3860, 5.624
15.73, 0.3865, 5.633
15.74, 0.3870, 5.626
15.75, 0.3875, 5.628
15.76, 0.3880, 5.634
15.77, 0.3885, 5.606
15.78, 0.3890, 5.607
15.79, 0.3895, 5.593
15.80, 0.3900, 5.598
15.81, 0.3905, 5.608
15.82, 0.3910, 5.624
15.83, 0.3915, 5.609
15.84, 0.3920, 5.680
15.85, 0.3925, 5.699
15.86, 0.3930, 5.679
15.87, 0.3935, 5.685
15.88, 0.3940, 5.694
15.89, 0.3945, 5.730
15.90, 0.3950, 5.724
15.91, 0.3955, 5.701
15.92, 0.3960, 5.691
15.93, 0.3965, 5.716
15.94, 0.3970, 5.717
15.95, 0.3975, 5.711
15.96, 0.3980, 5.716
15.97, 0.3985, 5.714
15.98, 0.3990, 5.688
15.99, 0.3995, 5.659
16.00, 0.4000, 5.680
16.01, 0.3995, 5.413
16.02, 0.3990, 5.300
16.03, 0.3985, 5.241
16.04, 0.3980, 5.215
16.05, 0.3975, 5.200
16.06, 0.3970, 5.157
16.07, 0.3965, 5.142
16.08, 0.3960, 5.100
16.09, 0.3955, 5.108
16.10, 0.3950, 5.064
16.11, 0.3945, 5.042
16.12, 0.3940, 5.043
16.13, 0.3935, 4.994
16.14, 0.3930, 4.987
16.15, 0.3925, 4.967
16.16, 0.3920, 4.915
16.17, 0.3915, 4.933
16.18, 0.3910, 4.907
16.19, 0.3905, 4.893
16.20, 0.3900, 4.875
16.21, 0.3895, 4.856
16.22, 0.3890, 4.840
16.23, 0.3885, 4.827
16.24, 0.3880, 4.800
16.25, 0.3875, 4.744
16.26, 0.3870, 4.759
16.27, 0.3865, 4.722
16.28, 0.3860, 4.683
16.29, 0.3855, 4.644
16.30, 0.3850, 4.610
16.31, 0.3845, 4.626
16.32, 0.3840, 4.603
16.33, 0.3835, 4.571
16.34, 0.3830, 4.550
16.35, 0.3825, 4.553
16.36, 0.3820, 4.541
16.37, 0.3815, 4.527
16.38, 0.3810, 4.517
16.39, 0.3805, 4.493
16.40, 0.3800, 4.462
16.41, 0.3795, 4.489
16.42, 0.3790, 4.472
16.43, 0.3785, 4.487
16.44, 0.3780, 4.459
16.45, 0.3775, 4.425
16.46, 0.3770, 4.470
16.47, 0.3765, 4.459
16.48, 0.3760, 4.465
16.49, 0.3755, 4.400
16.50, 0.3750, 4.411
16.51, 0.3745, 4.381
16.52, 0.3740, 4.402
16.53, 0.3735, 4.403
16.54, 0.3730, 4.410
16.55, 0.3725, 4.406
16.56, 0.3720, 4.370
16.57, 0.3715, 4.370
16.58, 0.3710, 4.355
16.59, 0.3705, 4.344
16.60, 0.3700, 4.344
16.61, 0.3695, 4.353
16.62, 0.3690, 4.339
16.63, 0.3685, 4.313
16.64, 0.3680, 4.318
16.65, 0.3675, 4.296
16.66, 0.3670, 4.283
16.67, 0.3665, 4.274
16.68, 0.3660, 4.238
16.69, 0.3655, 4.216
16.70, 0.3650, 4.203
16.71, 0.3645, 4.147
16.72, 0.3640, 4.154
16.73, 0.3635, 4.126
16.74, 0.3630, 4.143
16.75, 0.3625, 4.116
16.76, 0.3620, 4.105
16.77, 0.3615, 4.094
16.78, 0.3610, 4.072
16.79, 0.3605, 4.089
16.80, 0.3600, 4.070
16.81, 0.3595, 4.079
16.82, 0.3590, 4.056
16.83, 0.3585, 4.088
16.84, 0.3580, 4.052
16.85, 0.3575, 4.057
16.86, 0.3570, 4.034
16.87, 0.3565, 4.037
16.88, 0.3560, 4.019
16.89, 0.3555, 4.052
16.90, 0.3550, 4.057
16.91, 0.3545, 4.051
16.92, 0.3540, 4.039
16.93, 0.3535, 4.045
16.94, 0.3530, 3.995
16.95, 0.3525, 4.026
16.96, 0.3520, 4.016
16.97, 0.3515, 4.003
16.98, 0.3510, 4.026
16.99, 0.3505, 3.983
17.00, 0.3500, 3.983
17.01, 0.3495, 3.984
17.02, 0.3490, 3.993
17.03, 0.3485, 4.000
17.04, 0.3480, 3.980
17.05, 0.3475, 3.958
17.06, 0.3470, 3.967
17.07, 0.3465, 3.931
17.08, 0.3460, 3.950
17.09, 0.3455, 3.935
17.10, 0.3450, 3.906
17.11, 0.3445, 3.859
17.12, 0.3440, 3.872
17.13, 0.3435, 3.863
17.14, 0.3430, 3.817
17.15, 0.3425, 3.825
17.16, 0.3420, 3.802
17.17, 0.3415, 3.822
17.18, 0.3410, 3.786
17.19, 0.3405, 3.771
17.20, 0.3400, 3.767
17.21, 0.3395, 3.793
17.22, 0.3390, 3.784
17.23, 0.3385, 3.771
17.24, 0.3380, 3.759
17.25, 0.3375, 3.745
17.26, 0.3370, 3.769
17.27, 0.3365, 3.770
17.28, 0.3360, 3.757
17.29, 0.3355, 3.769
17.30, 0.3350, 3.741
17.31, 0.3345, 3.738
17.32, 0.3340, 3.766
17.33, 0.3335, 3.771
17.34, 0.3330, 3.785
17.35, 0.3325, 3.758
17.36, 0.3320, 3.747
17.37, 0.3315, 3.743
17.38, 0.3310, 3.732
17.39, 0.3305, 3.758
17.40, 0.3300, 3.728
17.41, 0.3295, 3.735
17.42, 0.3290, 3.748
17.43, 0.3285, 3.721
17.44, 0.3280, 3.713
17.45, 0.3275, 3.737
17.46, 0.3270, 3.729
17.47, 0.3265, 3.711
17.48, 0.3260, 3.706
17.49, 0.3255, 3.702
17.50, 0.3250, 3.668
17.51, 0.3245, 3.679
17.52, 0.3240, 3.669
17.53, 0.3235, 3.655
17.54, 0.3230, 3.596
17.55, 0.3225, 3.591
17.56, 0.3220, 3.576
17.57, 0.3215, 3.577
17.58, 0.3210, 3.551
17.59, 0.3205, 3.579
17.60, 0.3200, 3.546
17.61, 0.3195, 3.548
17.62, 0.3190, 3.550
17.63, 0.3185, 3.529
17.64, 0.3180, 3.549
17.65, 0.3175, 3.551
17.66, 0.3170, 3.529
17.67, 0.3165, 3.510
17.68, 0.3160, 3.521
17.69, 0.3155, 3.526
17.70, 0.3150, 3.524
17.71, 0.3145, 3.527
17.72, 0.3140, 3.537
17.73, 0.3135, 3.523
17.74, 0.3130, 3.524
17.75, 0.3125, 3.517
17.76, 0.3120, 3.519
17.77, 0.3115, 3.534
17.78, 0.3110, 3.549
17.79, 0.3105, 3.524
17.80, 0.3100, 3.522
17.81, 0.3095, 3.501
17.82, 0.3090, 3.515
17.83, 0.3085, 3.538
17.84, 0.3080, 3.522
17.85, 0.3075, 3.520
17.86, 0.3070, 3.495
17.87, 0.3065, 3.501
17.88, 0.3060, 3.507
17.89, 0.3055, 3.506
17.90, 0.3050, 3.494
17.91, 0.3045, 3.489
17.92, 0.3040, 3.468
17.93, 0.3035, 3.431
17.94, 0.3030, 3.425
17.95, 0.3025, 3.436
17.96, 0.3020, 3.404
17.97, 0.3015, 3.370
17.98, 0.3010, 3.369
17.99, 0.3005, 3.361
18.00, 0.3000, 3.373
18.01, 0.2995, 3.354
18.02, 0.2990, 3.334
18.03, 0.2985, 3.323
18.04, 0.2980, 3.341
18.05, 0.2975, 3.332
18.06, 0.2970, 3.339
18.07, 0.2965, 3.360
18.08, 0.2960, 3.322
18.09, 0.2955, 3.321
18.10, 0.2950, 3.305
18.11, 0.2945, 3.333
18.12, 0.2940, 3.339
18.13, 0.2935, 3.348
18.14, 0.2930, 3.321
18.15, 0.2925, 3.322
18.16, 0.2920, 3.337
18.17, 0.2915, 3.321
18.18, 0.2910, 3.324
18.19, 0.2905, 3.315
18.20, 0.2900, 3.320
18.21, 0.2895, 3.324
18.22, 0.2890, 3.346
18.23, 0.2885, 3.349
18.24, 0.2880, 3.335
18.25, 0.2875, 3.327
18.26, 0.2870, 3.308
18.27, 0.2865, 3.317
18.28, 0.2860, 3.316
18.29, 0.2855, 3.311
18.30, 0.2850, 3.311
18.31, 0.2845, 3.345
18.32, 0.2840, 3.317
18.33, 0.2835, 3.313
18.34, 0.2830, 3.294
18.35, 0.2825, 3.298
18.36, 0.2820, 3.241
18.37, 0.2815, 3.229
18.38, 0.2810, 3.211
18.39, 0.2805, 3.182
18.40, 0.2800, 3.184
18.41, 0.2795, 3.182
18.42, 0.2790, 3.180
18.43, 0.2785, 3.173
18.44, 0.2780, 3.178
18.45, 0.2775, 3.131
18.46, 0.2770, 3.158
18.47, 0.2765, 3.150
18.48, 0.2760, 3.155
18.49, 0.2755, 3.142
18.50, 0.2750, 3.139
18.51, 0.2745, 3.129
18.52, 0.2740, 3.118
18.53, 0.2735, 3.163
18.54, 0.2730, 3.149
18.55, 0.2725, 3.147
18.56, 0.2720, 3.177
18.57, 0.2715, 3.151
18.58, 0.2710, 3.168
18.59, 0.2705, 3.141
18.60, 0.2700, 3.161
18.61, 0.2695, 3.181
18.62, 0.2690, 3.179
18.63, 0.2685, 3.148
18.64, 0.2680, 3.150
18.65, 0.2675, 3.162
18.66, 0.2670, 3.159
18.67, 0.2665, 3.158
18.68, 0.2660, 3.155
18.69, 0.2655, 3.145
18.70, 0.2650, 3.122
18.71, 0.2645, 3.149
18.72, 0.2640, 3.152
18.73, 0.2635, 3.141
18.74, 0.2630, 3.137
18.75, 0.2625, 3.125
18.76, 0.2620, 3.132
18.77, 0.2615, 3.105
18.78, 0.2610, 3.077
18.79, 0.2605, 3.080
18.80, 0.2600, 3.054
18.81, 0.2595, 3.026
18.82, 0.2590, 3.019
18.83, 0.2585, 3.018
18.84, 0.2580, 3.033
18.85, 0.2575, 3.021
18.86, 0.2570, 2.995
18.87, 0.2565, 2.974
18.88, 0.2560, 2.954
18.89, 0.2555, 2.981
18.90, 0.2550, 2.972
18.91, 0.2545, 2.991
18.92, 0.2540, 2.984
18.93, 0.2535, 2.955
18.94, 0.2530, 2.967
18.95, 0.2525, 2.977
18.96, 0.2520, 2.998
18.97, 0.2515, 2.977
18.98, 0.2510, 3.001
18.99, 0.2505, 2.960
19.00, 0.2500, 2.974
19.01, 0.2495, 2.953
19.02, 0.2490, 3.015
19.03, 0.2485, 3.023
19.04, 0.2480, 2.982
19.05, 0.2475, 2.965
19.06, 0.2470, 2.987
19.07, 0.2465, 2.967
19.08, 0.2460, 2.968
19.09, 0.2455, 2.985
19.10, 0.2450, 2.983
19.11, 0.2445, 3.015
19.12, 0.2440, 2.958
19.13, 0.2435, 2.987
19.14, 0.2430, 2.973
19.15, 0.2425, 2.982
19.16, 0.2420, 2.963
19.17, 0.2415, 2.977
19.18, 0.2410, 2.963
19.19, 0.2405, 2.948
19.20, 0.2400, 2.952
19.21, 0.2395, 2.889
19.22, 0.2390, 2.861
19.23, 0.2385, 2.872
19.24, 0.2380, 2.844
19.25, 0.2375, 2.849
19.26, 0.2370, 2.821
19.27, 0.2365, 2.847
19.28, 0.2360, 2.867
19.29, 0.2355, 2.825
19.30, 0.2350, 2.811
19.31, 0.2345, 2.811
19.32, 0.2340, 2.821
19.33, 0.2335, 2.822
19.34, 0.2330, 2.828
19.35, 0.2325, 2.806
19.36, 0.2320, 2.822
19.37, 0.2315, 2.808
19.38, 0.2310, 2.802
19.39, 0.2305, 2.836
19.40, 0.2300, 2.824
19.41, 0.2295, 2.833
19.42, 0.2290, 2.796
19.43, 0.2285, 2.814
19.44, 0.2280, 2.823
19.45, 0.2275, 2.846
19.46, 0.2270, 2.825
19.47, 0.2265, 2.819
19.48, 0.2260, 2.811
19.49, 0.2255, 2.810
19.50, 0.2250, 2.812
19.51, 0.2245, 2.819
19.52, 0.2240, 2.802
19.53, 0.2235, 2.824
19.54, 0.2230, 2.816
19.55, 0.2225, 2.818
19.56, 0.2220, 2.818
19.57, 0.2215, 2.809
19.58, 0.2210, 2.817
19.59, 0.2205, 2.802
19.60, 0.2200, 2.790
19.61, 0.2195, 2.772
19.62, 0.2190, 2.746
19.63, 0.2185, 2.718
19.64, 0.2180, 2.727
19.65, 0.2175, 2.691
19.66, 0.2170, 2.689
19.67, 0.2165, 2.668
19.68, 0.2160, 2.684
19.69, 0.2155, 2.668
19.70, 0.2150, 2.643
19.71, 0.2145, 2.656
19.72, 0.2140, 2.649
19.73, 0.2135, 2.656
19.74, 0.2130, 2.646
19.75, 0.2125, 2.663
19.76, 0.2120, 2.666
19.77, 0.2115, 2.639
19.78, 0.2110, 2.635
19.79, 0.2105, 2.641
19.80, 0.2100, 2.656
19.81, 0.2095, 2.671
19.82, 0.2090, 2.635
19.83, 0.2085, 2.655
19.84, 0.2080, 2.644
19.85, 0.2075, 2.649
19.86, 0.2070, 2.653
19.87, 0.2065, 2.646
19.88, 0.2060, 2.653
19.89, 0.2055, 2.671
19.90, 0.2050, 2.651
19.91, 0.2045, 2.674
19.92, 0.2040, 2.642
19.93, 0.2035, 2.640
19.94, 0.2030, 2.655
19.95, 0.2025, 2.649
19.96, 0.2020, 2.648
19.97, 0.2015, 2.628
19.98, 0.2010, 2.627
19.99, 0.2005, 2.638
20.00, 0.2000, 2.615
20.01, 0.1995, 2.635
20.02, 0.1990, 2.625
20.03, 0.1985, 2.596
20.04, 0.1980, 2.589
20.05, 0.1975, 2.567
20.06, 0.1970, 2.522
20.07, 0.1965, 2.502
20.08, 0.1960, 2.490
20.09, 0.1955, 2.488
20.10, 0.1950, 2.506
20.11, 0.1945, 2.495
20.12, 0.1940, 2.482
20.13, 0.1935, 2.462
20.14, 0.1930, 2.455
20.15, 0.1925, 2.456
20.16, 0.1920, 2.464
20.17, 0.1915, 2.454
20.18, 0.1910, 2.489
20.19, 0.1905, 2.449
20.20, 0.1900, 2.460
20.21, 0.1895, 2.443
20.22, 0.1890, 2.455
20.23, 0.1885, 2.457
20.24, 0.1880, 2.453
20.25, 0.1875, 2.471
20.26, 0.1870, 2.456
20.27, 0.1865, 2.450
20.28, 0.1860, 2.467
20.29, 0.1855, 2.462
20.30, 0.1850, 2.475
20.31, 0.1845, 2.475
20.32, 0.1840, 2.461
20.33, 0.1835, 2.444
20.34, 0.1830, 2.456
20.35, 0.1825, 2.431
20.36, 0.1820, 2.458
20.37, 0.1815, 2.470
20.38, 0.1810, 2.451
20.39, 0.1805, 2.414
20.40, 0.1800, 2.433
20.41, 0.1795, 2.464
20.42, 0.1790, 2.462
20.43, 0.1785, 2.430
20.44, 0.1780, 2.434
20.45, 0.1775, 2.408
20.46, 0.1770, 2.389
20.47, 0.1765, 2.362
20.48, 0.1760, 2.380
20.49, 0.1755, 2.322
20.50, 0.1750, 2.290
20.51, 0.1745, 2.312
20.52, 0.1740, 2.281
20.53, 0.1735, 2.277
20.54, 0.1730, 2.297
20.55, 0.1725, 2.299
20.56, 0.1720, 2.281
20.57, 0.1715, 2.272
20.58, 0.1710, 2.249
20.59, 0.1705, 2.275
20.60, 0.1700, 2.256
20.61, 0.1695, 2.254
20.62, 0.1690, 2.256
20.63, 0.1685, 2.257
20.64, 0.1680, 2.257
20.65, 0.1675, 2.270
20.66, 0.1670, 2.280
20.67, 0.1665, 2.265
20.68, 0.1660, 2.241
20.69, 0.1655, 2.249
20.70, 0.1650, 2.243
20.71, 0.1645, 2.265
20.72, 0.1640, 2.258
20.73, 0.1635, 2.224
20.74, 0.1630, 2.244
20.75, 0.1625, 2.245
20.76, 0.1620, 2.257
20.77, 0.1615, 2.261
20.78, 0.1610, 2.244
20.79, 0.1605, 2.261
20.80, 0.1600, 2.253
20.81, 0.1595, 2.230
20.82, 0.1590, 2.228
20.83, 0.1585, 2.227
20.84, 0.1580, 2.239
20.85, 0.1575, 2.211
20.86, 0.1570, 2.198
20.87, 0.1565, 2.196
20.88, 0.1560, 2.177
20.89, 0.1555, 2.148
20.90, 0.1550, 2.145
20.91, 0.1545, 2.119
20.92, 0.1540, 2.074
20.93, 0.1535, 2.068
20.94, 0.1530, 2.061
20.95, 0.1525, 2.054
20.96, 0.1520, 2.048
20.97, 0.1515, 2.053
20.98, 0.1510, 2.054
20.99, 0.1505, 2.033
21.00, 0.1500, 2.018
21.01, 0.1495, 2.073
21.02, 0.1490, 2.028
21.03, 0.1485, 2.025
21.04, 0.1480, 2.031
21.05, 0.1475, 2.044
21.06, 0.1470, 2.017
21.07, 0.1465, 2.014
21.08, 0.1460, 2.023
21.09, 0.1455, 2.031
21.10, 0.1450, 1.995
21.11, 0.1445, 2.001
21.12, 0.1440, 2.004
21.13, 0.1435, 2.043
21.14, 0.1430, 2.027
21.15, 0.1425, 2.004
21.16, 0.1420, 1.983
21.17, 0.1415, 1.981
21.18, 0.1410, 1.974
21.19, 0.1405, 1.983
21.20, 0.1400, 2.003
21.21, 0.1395, 1.993
21.22, 0.1390, 1.991
21.23, 0.1385, 1.980
21.24, 0.1380, 1.972
21.25, 0.1375, 1.974
21.26, 0.1370, 1.974
21.27, 0.1365, 1.977
21.28, 0.1360, 1.962
21.29, 0.1355, 1.922
21.30, 0.1350, 1.895
21.31, 0.1345, 1.876
21.32, 0.1340, 1.865
21.33, 0.1335, 1.862
21.34, 0.1330, 1.846
21.35, 0.1325, 1.805
21.36, 0.1320, 1.791
21.37, 0.1315, 1.805
21.38, 0.1310, 1.787
21.39, 0.1305, 1.803
21.40, 0.1300, 1.800
21.41, 0.1295, 1.774
21.42, 0.1290, 1.760
21.43, 0.1285, 1.756
21.44, 0.1280, 1.788
21.45, 0.1275, 1.776
21.46, 0.1270, 1.746
21.47, 0.1265, 1.754
21.48, 0.1260, 1.763
21.49, 0.1255, 1.756
21.50, 0.1250, 1.727
21.51, 0.1245, 1.740
21.52, 0.1240, 1.754
21.53, 0.1235, 1.750
21.54, 0.1230, 1.729
21.55, 0.1225, 1.709
21.56, 0.1220, 1.734
21.57, 0.1215, 1.731
21.58, 0.1210, 1.738
21.59, 0.1205, 1.726
21.60, 0.1200, 1.707
21.61, 0.1195, 1.723
21.62, 0.1190, 1.711
21.63, 0.1185, 1.716
21.64, 0.1180, 1.719
21.65, 0.1175, 1.709
21.66, 0.1170, 1.675
21.67, 0.1165, 1.673
21.68, 0.1160, 1.689
21.69, 0.1155, 1.675
21.70, 0.1150, 1.671
21.71, 0.1145, 1.655
21.72, 0.1140, 1.591
21.73, 0.1135, 1.590
21.74, 0.1130, 1.574
21.75, 0.1125, 1.587
21.76, 0.1120, 1.548
21.77, 0.1115, 1.509
21.78, 0.1110, 1.492
21.79, 0.1105, 1.509
21.80, 0.1100, 1.487
21.81, 0.1095, 1.465
21.82, 0.1090, 1.485
21.83, 0.1085, 1.470
21.84, 0.1080, 1.472
21.85, 0.1075, 1.444
21.86, 0.1070, 1.459
21.87, 0.1065, 1.449
21.88, 0.1060, 1.440
21.89, 0.1055, 1.450
21.90, 0.1050, 1.440
21.91, 0.1045, 1.420
21.92, 0.1040, 1.402
21.93, 0.1035, 1.429
21.94, 0.1030, 1.430
21.95, 0.1025, 1.439
21.96, 0.1020, 1.422
21.97, 0.1015, 1.417
21.98, 0.1010, 1.391
21.99, 0.1005, 1.421
22.00, 0.1000, 1.401
22.01, 0.09950, 1.423
22.02, 0.09900, 1.394
22.03, 0.09850, 1.393
22.04, 0.09800, 1.412
22.05, 0.09750, 1.392
22.06, 0.09700, 1.407
22.07, 0.09650, 1.373
22.08, 0.09600, 1.383
22.09, 0.09550, 1.362
22.10, 0.09500, 1.367
22.11, 0.09450, 1.347
22.12, 0.09400, 1.342
22.13, 0.09350, 1.318
22.14, 0.09300, 1.277
22.15, 0.09250, 1.270
22.16, 0.09200, 1.248
22.17, 0.09150, 1.210
22.18, 0.09100, 1.200
22.19, 0.09050, 1.192
22.20, 0.09000, 1.173
22.21, 0.08950, 1.168
22.22, 0.08900, 1.130
22.23, 0.08850, 1.148
22.24, 0.08800, 1.151
22.25, 0.08750, 1.129
22.26, 0.08700, 1.145
22.27, 0.08650, 1.130
22.28, 0.08600, 1.110
22.29, 0.08550, 1.081
22.30, 0.08500, 1.097
22.31, 0.08450, 1.106
22.32, 0.08400, 1.079
22.33, 0.08350, 1.072
22.34, 0.08300, 1.068
22.35, 0.08250, 1.083
22.36, 0.08200, 1.081
22.37, 0.08150, 1.060
22.38, 0.08100, 1.050
22.39, 0.08050, 1.045
22.40, 0.08000, 1.052
22.41, 0.07950, 1.027
22.42, 0.07900, 1.040
22.43, 0.07850, 1.038
22.44, 0.07800, 1.004
22.45, 0.07750, 1.020
22.46, 0.07700, 0.9982
22.47, 0.07650, 0.9995
22.48, 0.07600, 0.9838
22.49, 0.07550, 0.9619
22.50, 0.07500, 0.9692
22.51, 0.07450, 0.9513
22.52, 0.07400, 0.9870
22.53, 0.07350, 0.9547
22.54, 0.07300, 0.9625
22.55, 0.07250, 0.9007
22.56, 0.07200, 0.9052
22.57, 0.07150, 0.8548
22.58, 0.07100, 0.8244
22.59, 0.07050, 0.8236
22.60, 0.07000, 0.8168
22.61, 0.06950, 0.7991
22.62, 0.06900, 0.7559
22.63, 0.06850, 0.7419
22.64, 0.06800, 0.7252
22.65, 0.06750, 0.7375
22.66, 0.06700, 0.7371
22.67, 0.06650, 0.7143
22.68, 0.06600, 0.6779
22.69, 0.06550, 0.7004
22.70, 0.06500, 0.6832
22.71, 0.06450, 0.6542
22.72, 0.06400, 0.6514
22.73, 0.06350, 0.6524
22.74, 0.06300, 0.6278
22.75, 0.06250, 0.6208
22.76, 0.06200, 0.6397
22.77, 0.06150, 0.6280
22.78, 0.06100, 0.6245
22.79, 0.06050, 0.6094
22.80, 0.06000, 0.5828
22.81, 0.05950, 0.5986
22.82, 0.05900, 0.6018
22.83, 0.05850, 0.5632
22.84, 0.05800, 0.5454
22.85, 0.05750, 0.5539
22.86, 0.05700, 0.5536
22.87, 0.05650, 0.5415
22.88, 0.05600, 0.5222
22.89, 0.05550, 0.5278
22.90, 0.05500, 0.5272
22.91, 0.05450, 0.4955
22.92, 0.05400, 0.4572
22.93, 0.05350, 0.4503
22.94, 0.05300, 0.4725
22.95, 0.05250, 0.4562
22.96, 0.05200, 0.4449
22.97, 0.05150, 0.4419
22.98, 0.05100, 0.3834
22.99, 0.05050, 0.3639
23.00, 0.05000, 0.3136
23.01, 0.04950, 0.2651
23.02, 0.04900, 0.2530
23.03, 0.04850, 0.2364
23.04, 0.04800, 0.2369
23.05, 0.04750, 0.2101
23.06, 0.04700, 0.1797
23.07, 0.04650, 0.1757
23.08, 0.04600, 0.1708
23.09, 0.04550, 0.1408
23.10, 0.04500, 0.1185
23.11, 0.04450, 0.1090
23.12, 0.04400, 0.09732
23.13, 0.04350, 0.09275
23.14, 0.04300, 0.07223
23.15, 0.04250, 0.05727
23.16, 0.04200, 0.03774
23.17, 0.04150, 0.02536
23.18, 0.04100, 0.02089
23.19, 0.04050, 0.03439
23.20, 0.04000, 0.004207
23.21, 0.03950, -0.01946
23.22, 0.03900, -0.01507
23.23, 0.03850, -0.04999
23.24, 0.03800, -0.03703
23.25, 0.03750, -0.08117
23.26, 0.03700, -0.08577
23.27, 0.03650, -0.09227
23.28, 0.03600, -0.1020
23.29, 0.03550, -0.1155
23.30, 0.03500, -0.1505
23.31, 0.03450, -0.1535
23.32, 0.03400, -0.1710
23.33, 0.03350, -0.1700
23.34, 0.03300, -0.2196
23.35, 0.03250, -0.2240
23.36, 0.03200, -0.2173
23.37, 0.03150, -0.2532
23.38, 0.03100, -0.2853
23.39, 0.03050, -0.3023
23.40, 0.03000, -0.3498
23.41, 0.02950, -0.3804
23.42, 0.02900, -0.4265
23.43, 0.02850, -0.4904
23.44, 0.02800, -0.5154
23.45, 0.02750, -0.5274
23.46, 0.02700, -0.5760
23.47, 0.02650, -0.5849
23.48, 0.02600, -0.6187
23.49, 0.02550, -0.6661
23.50, 0.02500, -0.6485
23.51, 0.02450, -0.6808
23.52, 0.02400, -0.7151
23.53, 0.02350, -0.7168
23.54, 0.02300, -0.7509
23.55, 0.02250, -0.7862
23.56, 0.02200, -0.7791
23.57, 0.02150, -0.7903
23.58, 0.02100, -0.8376
23.59, 0.02050, -0.8288
23.60, 0.02000, -0.8777
23.61, 0.01950, -0.8693
23.62, 0.01900, -0.9087
23.63, 0.01850, -0.9284
23.64, 0.01800, -0.9249
23.65, 0.01750, -0.9867
23.66, 0.01700, -1.009
23.67, 0.01650, -1.001
23.68, 0.01600, -1.029
23.69, 0.01550, -1.053
23.70, 0.01500, -1.068
23.71, 0.01450, -1.120
23.72, 0.01400, -1.114
23.73, 0.01350, -1.128
23.74, 0.01300, -1.160
23.75, 0.01250, -1.202
23.76, 0.01200, -1.231
23.77, 0.01150, -1.261
23.78, 0.01100, -1.268
23.79, 0.01050, -1.313
23.80, 0.01000, -1.331
23.81, 0.009500, -1.371
23.82, 0.009000, -1.434
23.83, 0.008500, -1.464
23.84, 0.008000, -1.506
23.85, 0.007500, -1.547
23.86, 0.007000, -1.617
23.87, 0.006500, -1.608
23.88, 0.006000, -1.665
23.89, 0.005500, -1.713
23.90, 0.005000, -1.764
23.91, 0.004500, -1.789
23.92, 0.004000, -1.805
23.93, 0.003500, -1.789
23.94, 0.003000, -1.846
23.95, 0.002500, -1.871
23.96, 0.002000, -1.910
23.97, 0.001500, -1.936
23.98, 0.001000, -1.937
23.99, 0.0005000, -1.979
24.00, 0.000, -2.044
24.01, -0.0005000, -2.031
24.02, -0.001000, -2.063
24.03, -0.001500, -2.122
24.04, -0.002000, -2.144
24.05, -0.002500, -2.166
24.06, -0.003000, -2.142
24.07, -0.003500, -2.212
24.08, -0.004000, -2.228
24.09, -0.004500, -2.269
24.10, -0.005000, -2.300
24.11, -0.005500, -2.331
24.12, -0.006000, -2.355
24.13, -0.006500, -2.403
24.14, -0.007000, -2.417
24.15, -0.007500, -2.473
24.16, -0.008000, -2.477
24.17, -0.008500, -2.511
24.18, -0.009000, -2.542
24.19, -0.009500, -2.549
24.20, -0.01000, -2.620
24.21, -0.01050, -2.656
24.22, -0.01100, -2.651
24.23, -0.01150, -2.673
24.24, -0.01200, -2.714
24.25, -0.01250, -2.778
24.26, -0.01300, -2.826
24.27, -0.01350, -2.884
24.28, -0.01400, -2.927
24.29, -0.01450, -2.977
24.30, -0.01500, -3.006
24.31, -0.01550, -3.061
24.32, -0.01600, -3.090
24.33, -0.01650, -3.109
24.34, -0.01700, -3.162
24.35, -0.01750, -3.166
24.36, -0.01800, -3.195
24.37, -0.01850, -3.239
24.38, -0.01900, -3.279
24.39, -0.01950, -3.324
24.40, -0.02000, -3.346
24.41, -0.02050, -3.374
24.42, -0.02100, -3.385
24.43, -0.02150, -3.425
24.44, -0.02200, -3.487
24.45, -0.02250, -3.480
24.46, -0.02300, -3.507
24.47, -0.02350, -3.505
24.48, -0.02400, -3.550
24.49, -0.02450, -3.581
24.50, -0.02500, -3.616
24.51, -0.02550, -3.631
24.52, -0.02600, -3.667
24.53, -0.02650, -3.701
24.54, -0.02700, -3.733
24.55, -0.02750, -3.726
24.56, -0.02800, -3.780
24.57, -0.02850, -3.804
24.58, -0.02900, -3.831
24.59, -0.02950, -3.864
24.60, -0.03000, -3.884
24.61, -0.03050, -3.913
24.62, -0.03100, -3.944
24.63, -0.03150, -3.968
24.64, -0.03200, -3.999
24.65, -0.03250, -4.011
24.66, -0.03300, -4.081
24.67, -0.03350, -4.113
24.68, -0.03400, -4.170
24.69, -0.03450, -4.228
24.70, -0.03500, -4.260
24.71, -0.03550, -4.293
24.72, -0.03600, -4.310
24.73, -0.03650, -4.337
24.74, -0.03700, -4.406
24.75, -0.03750, -4.423
24.76, -0.03800, -4.444
24.77, -0.03850, -4.481
24.78, -0.03900, -4.493
24.79, -0.03950, -4.526
24.80, -0.04000, -4.584
24.81, -0.04050, -4.566
24.82, -0.04100, -4.587
24.83, -0.04150, -4.616
24.84, -0.04200, -4.640
24.85, -0.04250, -4.660
24.86, -0.04300, -4.665
24.87, -0.04350, -4.678
24.88, -0.04400, -4.737
24.89, -0.04450, -4.732
24.90, -0.04500, -4.745
24.91, -0.04550, -4.764
24.92, -0.04600, -4.793
24.93, -0.04650, -4.846
24.94, -0.04700, -4.866
24.95, -0.04750, -4.872
24.96, -0.04800, -4.872
24.97, -0.04850, -4.859
24.98, -0.04900, -4.922
24.99, -0.04950, -4.961
25.00, -0.05000, -4.971
25.01, -0.05050, -4.969
25.02, -0.05100, -4.957
25.03, -0.05150, -4.993
25.04, -0.05200, -5.013
25.05, -0.05250, -5.037
25.06, -0.05300, -5.081
25.07, -0.05350, -5.081
25.08, -0.05400, -5.083
25.09, -0.05450, -5.136
25.10, -0.05500, -5.180
25.11, -0.05550, -5.194
25.12, -0.05600, -5.234
25.13, -0.05650, -5.275
25.14, -0.05700, -5.324
25.15, -0.05750, -5.337
25.16, -0.05800, -5.343
25.17, -0.05850, -5.374
25.18, -0.05900, -5.400
25.19, -0.05950, -5.384
25.20, -0.06000, -5.389
25.21, -0.06050, -5.428
25.22, -0.06100, -5.454
25.23, -0.06150, -5.462
25.24, -0.06200, -5.487
25.25, -0.06250, -5.454
25.26, -0.06300, -5.452
25.27, -0.06350, -5.459
25.28, -0.06400, -5.489
25.29, -0.06450, -5.518
25.30, -0.06500, -5.536
25.31, -0.06550, -5.536
25.32, -0.06600, -5.510
25.33, -0.06650, -5.480
25.34, -0.06700, -5.530
25.35, -0.06750, -5.542
25.36, -0.06800, -5.552
25.37, -0.06850, -5.585
25.38, -0.06900, -5.546
25.39, -0.06950, -5.581
25.40, -0.07000, -5.585
25.41, -0.07050, -5.558
25.42, -0.07100, -5.590
25.43, -0.07150, -5.600
25.44, -0.07200, -5.599
25.45, -0.07250, -5.586
25.46, -0.07300, -5.627
25.47, -0.07350, -5.619
25.48, -0.07400, -5.623
25.49, -0.07450, -5.604
25.50, -0.07500, -5.643
25.51, -0.07550, -5.661
25.52, -0.07600, -5.650
25.53, -0.07650, -5.675
25.54, -0.07700, -5.715
25.55, -0.07750, -5.732
25.56, -0.07800, -5.715
25.57, -0.07850, -5.746
25.58, -0.07900, -5.745
25.59, -0.07950, -5.775
25.60, -0.08000, -5.790
25.61, -0.08050, -5.791
25.62, -0.08100, -5.775
25.63, -0.08150, -5.754
25.64, -0.08200, -5.742
25.65, -0.08250, -5.786
25.66, -0.08300, -5.773
25.67, -0.08350, -5.766
25.68, -0.08400, -5.754
25.69, -0.08450, -5.733
25.70, -0.08500, -5.740
25.71, -0.08550, -5.731
25.72, -0.08600, -5.736
25.73, -0.08650, -5.733
25.74, -0.08700, -5.742
25.75, -0.08750, -5.712
25.76, -0.08800, -5.703
25.77, -0.08850, -5.691
25.78, -0.08900, -5.682
25.79, -0.08950, -5.714
25.80, -0.09000, -5.692
25.81, -0.09050, -5.673
25.82, -0.09100, -5.663
25.83, -0.09150, -5.677
25.84, -0.09200, -5.693
25.85, -0.09250, -5.654
25.86, -0.09300, -5.631
25.87, -0.09350, -5.636
25.88, -0.09400, -5.629
25.89, -0.09450, -5.618
25.90, -0.09500, -5.623
25.91, -0.09550, -5.633
25.92, -0.09600, -5.612
25.93, -0.09650, -5.651
25.94, -0.09700, -5.639
25.95, -0.09750, -5.659
25.96, -0.09800, -5.639
25.97, -0.09850, -5.669
25.98, -0.09900, -5.677
25.99, -0.09950, -5.651
26.00, -0.1000, -5.667
26.01, -0.1005, -5.674
26.02, -0.1010, -5.644
26.03, -0.1015, -5.633
26.04, -0.1020, -5.651
26.05, -0.1025, -5.649
26.06, -0.1030, -5.627
26.07, -0.1035, -5.591
26.08, -0.1040, -5.598
26.09, -0.1045, -5.599
26.10, -0.1050, -5.584
26.11, -0.1055, -5.560
26.12, -0.1060, -5.538
26.13, -0.1065, -5.524
26.14, -0.1070, -5.521
26.15, -0.1075, -5.518
26.16, -0.1080, -5.497
26.17, -0.1085, -5.465
26.18, -0.1090, -5.462
26.19, -0.1095, -5.458
26.20, -0.1100, -5.460
26.21, -0.1105, -5.436
26.22, -0.1110, -5.403
26.23, -0.1115, -5.399
26.24, -0.1120, -5.368
26.25, -0.1125, -5.350
26.26, -0.1130, -5.351
26.27, -0.1135, -5.378
26.28, -0.1140, -5.344
26.29, -0.1145, -5.324
26.30, -0.1150, -5.325
26.31, -0.1155, -5.282
26.32, -0.1160, -5.275
26.33, -0.1165, -5.272
26.34, -0.1170, -5.262
26.35, -0.1175, -5.258
26.36, -0.1180, -5.314
26.37, -0.1185, -5.315
26.38, -0.1190, -5.299
26.39, -0.1195, -5.258
26.40, -0.1200, -5.285
26.41, -0.1205, -5.278
26.42, -0.1210, -5.268
26.43, -0.1215, -5.278
26.44, -0.1220, -5.277
26.45, -0.1225, -5.277
26.46, -0.1230, -5.245
26.47, -0.1235, -5.264
26.48, -0.1240, -5.229
26.49, -0.1245, -5.212
26.50, -0.1250, -5.213
26.51, -0.1255, -5.171
26.52, -0.1260, -5.164
26.53, -0.1265, -5.127
26.54, -0.1270, -5.112
26.55, -0.1275, -5.126
26.56, -0.1280, -5.076
26.57, -0.1285, -5.095
26.58, -0.1290, -5.054
26.59, -0.1295, -5.024
26.60, -0.1300, -5.048
26.61, -0.1305, -5.014
26.62, -0.1310, -4.993
26.63, -0.1315, -5.018
26.64, -0.1320, -4.933
26.65, -0.1325, -4.977
26.66, -0.1330, -4.965
26.67, -0.1335, -4.930
26.68, -0.1340, -4.909
26.69, -0.1345, -4.898
26.70, -0.1350, -4.875
26.71, -0.1355, -4.893
26.72, -0.1360, -4.846
26.73, -0.1365, -4.862
26.74, -0.1370, -4.816
26.75, -0.1375, -4.833
26.76, -0.1380, -4.855
26.77, -0.1385, -4.799
26.78, -0.1390, -4.840
26.79, -0.1395, -4.829
26.80, -0.1400, -4.852
26.81, -0.1405, -4.860
26.82, -0.1410, -4.833
26.83, -0.1415, -4.828
26.84, -0.1420, -4.845
26.85, -0.1425, -4.783
26.86, -0.1430, -4.819
26.87, -0.1435, -4.822
26.88, -0.1440, -4.820
26.89, -0.1445, -4.777
26.90, -0.1450, -4.798
26.91, -0.1455, -4.759
26.92, -0.1460, -4.760
26.93, -0.1465, -4.726
26.94, -0.1470, -4.715
26.95, -0.1475, -4.703
26.96, -0.1480, -4.682
26.97, -0.1485, -4.681
26.98, -0.1490, -4.660
26.99, -0.1495, -4.657
27.00, -0.1500, -4.650
27.01, -0.1505, -4.622
27.02, -0.1510, -4.616
27.03, -0.1515, -4.604
27.04, -0.1520, -4.576
27.05, -0.1525, -4.568
27.06, -0.1530, -4.575
27.07, -0.1535, -4.562
27.08, -0.1540, -4.544
27.09, -0.1545, -4.514
27.10, -0.1550, -4.496
27.11, -0.1555, -4.485
27.12, -0.1560, -4.500
27.13, -0.1565, -4.458
27.14, -0.1570, -4.456
27.15, -0.1575, -4.424
27.16, -0.1580, -4.428
27.17, -0.1585, -4.432
27.18, -0.1590, -4.379
27.19, -0.1595, -4.394
27.20, -0.1600, -4.398
27.21, -0.1605, -4.373
27.22, -0.1610, -4.410
27.23, -0.1615, -4.411
27.24, -0.1620, -4.407
27.25, -0.1625, -4.413
27.26, -0.1630, -4.403
27.27, -0.1635, -4.399
27.28, -0.1640, -4.380
27.29, -0.1645, -4.394
27.30, -0.1650, -4.389
27.31, -0.1655, -4.357
27.32, -0.1660, -4.340
27.33, -0.1665, -4.350
27.34, -0.1670, -4.323
27.35, -0.1675, -4.328
27.36, -0.1680, -4.296
27.37, -0.1685, -4.272
27.38, -0.1690, -4.294
27.39, -0.1695, -4.229
27.40, -0.1700, -4.242
27.41, -0.1705, -4.238
27.42, -0.1710, -4.204
27.43, -0.1715, -4.210
27.44, -0.1720, -4.173
27.45, -0.1725, -4.160
27.46, -0.1730, -4.140
27.47, -0.1735, -4.151
27.48, -0.1740, -4.124
27.49, -0.1745, -4.148
27.50, -0.1750, -4.134
27.51, -0.1755, -4.107
27.52, -0.1760, -4.097
27.53, -0.1765, -4.065
27.54, -0.1770, -4.062
27.55, -0.1775, -4.039
27.56, -0.1780, -4.053
27.57, -0.1785, -4.036
27.58, -0.1790, -4.017
27.59, -0.1795, -4.015
27.60, -0.1800, -4.026
27.61, -0.1805, -4.039
27.62, -0.1810, -4.032
27.63, -0.1815, -4.035
27.64, -0.1820, -4.037
27.65, -0.1825, -4.048
27.66, -0.1830, -4.045
27.67, -0.1835, -4.063
27.68, -0.1840, -4.048
27.69, -0.1845, -4.053
27.70, -0.1850, -4.009
27.71, -0.1855, -4.003
27.72, -0.1860, -4.022
27.73, -0.1865, -3.974
27.74, -0.1870, -3.958
27.75, -0.1875, -3.936
27.76, -0.1880, -3.966
27.77, -0.1885, -3.938
27.78, -0.1890, -3.927
27.79, -0.1895, -3.935
27.80, -0.1900, -3.937
27.81, -0.1905, -3.911
27.82, -0.1910, -3.892
27.83, -0.1915, -3.868
27.84, -0.1920, -3.844
27.85, -0.1925, -3.859
27.86, -0.1930, -3.821
27.87, -0.1935, -3.831
27.88, -0.1940, -3.795
27.89, -0.1945, -3.747
27.90, -0.1950, -3.753
27.91, -0.1955, -3.759
27.92, -0.1960, -3.771
27.93, -0.1965, -3.774
27.94, -0.1970, -3.720
27.95, -0.1975, -3.737
27.96, -0.1980, -3.710
27.97, -0.1985, -3.687
27.98, -0.1990, -3.685
27.99, -0.1995, -3.679
28.00, -0.2000, -3.650
28.01, -0.2005, -3.677
28.02, -0.2010, -3.656
28.03, -0.2015, -3.661
28.04, -0.2020, -3.668
28.05, -0.2025, -3.698
28.06, -0.2030, -3.681
28.07, -0.2035, -3.685
28.08, -0.2040, -3.698
28.09, -0.2045, -3.706
28.10, -0.2050, -3.694
28.11, -0.2055, -3.703
28.12, -0.2060, -3.690
28.13, -0.2065, -3.665
28.14, -0.2070, -3.675
28.15, -0.2075, -3.663
28.16, -0.2080, -3.657
28.17, -0.2085, -3.666
28.18, -0.2090, -3.652
28.19, -0.2095, -3.641
28.20, -0.2100, -3.598
28.21, -0.2105, -3.601
28.22, -0.2110, -3.615
28.23, -0.2115, -3.595
28.24, -0.2120, -3.559
28.25, -0.2125, -3.541
28.26, -0.2130, -3.505
28.27, -0.2135, -3.521
28.28, -0.2140, -3.524
28.29, -0.2145, -3.522
28.30, -0.2150, -3.486
28.31, -0.2155, -3.463
28.32, -0.2160, -3.457
28.33, -0.2165, -3.447
28.34, -0.2170, -3.463
28.35, -0.2175, -3.447
28.36, -0.2180, -3.419
28.37, -0.2185, -3.427
28.38, -0.2190, -3.398
28.39, -0.2195, -3.424
28.40, -0.2200, -3.383
28.41, -0.2205, -3.395
28.42, -0.2210, -3.391
28.43, -0.2215, -3.348
28.44, -0.2220, -3.345
28.45, -0.2225, -3.348
28.46, -0.2230, -3.339
28.47, -0.2235, -3.400
28.48, -0.2240, -3.387
28.49, -0.2245, -3.410
28.50, -0.2250, -3.384
28.51, -0.2255, -3.375
28.52, -0.2260, -3.397
28.53, -0.2265, -3.421
28.54, -0.2270, -3.430
28.55, -0.2275, -3.394
28.56, -0.2280, -3.370
28.57, -0.2285, -3.394
28.58, -0.2290, -3.355
28.59, -0.2295, -3.362
28.60, -0.2300, -3.373
28.61, -0.2305, -3.339
28.62, -0.2310, -3.306
28.63, -0.2315, -3.302
28.64, -0.2320, -3.314
28.65, -0.2325, -3.300
28.66, -0.2330, -3.295
28.67, -0.2335, -3.293
28.68, -0.2340, -3.268
28.69, -0.2345, -3.217
28.70, -0.2350, -3.256
28.71, -0.2355, -3.218
28.72, -0.2360, -3.207
28.73, -0.2365, -3.220
28.74, -0.2370, -3.211
28.75, -0.2375, -3.197
28.76, -0.2380, -3.194
28.77, -0.2385, -3.157
28.78, -0.2390, -3.190
28.79, -0.2395, -3.158
28.80, -0.2400, -3.138
28.81, -0.2405, -3.126
28.82, -0.2410, -3.129
28.83, -0.2415, -3.136
28.84, -0.2420, -3.146
28.85, -0.2425, -3.105
28.86, -0.2430, -3.109
28.87, -0.2435, -3.125
28.88, -0.2440, -3.114
28.89, -0.2445, -3.156
28.90, -0.2450, -3.158
28.91, -0.2455, -3.114
28.92, -0.2460, -3.123
28.93, -0.2465, -3.131
28.94, -0.2470, -3.151
28.95, -0.2475, -3.186
28.96, -0.2480, -3.144
28.97, -0.2485, -3.156
28.98, -0.2490, -3.146
28.99, -0.2495, -3.144
29.00, -0.2500, -3.129
29.01, -0.2505, -3.144
29.02, -0.2510, -3.125
29.03, -0.2515, -3.091
29.04, -0.2520, -3.090
29.05, -0.2525, -3.070
29.06, -0.2530, -3.064
29.07, -0.2535, -3.063
29.08, -0.2540, -3.068
29.09, -0.2545, -3.050
29.10, -0.2550, -3.045
29.11, -0.2555, -3.041
29.12, -0.2560, -3.026
29.13, -0.2565, -3.021
29.14, -0.2570, -3.017
29.15, -0.2575, -3.007
29.16, -0.2580, -2.977
29.17, -0.2585, -2.979
29.18, -0.2590, -2.971
29.19, -0.2595, -2.973
29.20, -0.2600, -2.971
29.21, -0.2605, -2.950
29.22, -0.2610, -2.917
29.23, -0.2615, -2.873
29.24, -0.2620, -2.920
29.25, -0.2625, -2.910
29.26, -0.2630, -2.880
29.27, -0.2635, -2.907
29.28, -0.2640, -2.894
29.29, -0.2645, -2.890
29.30, -0.2650, -2.934
29.31, -0.2655, -2.910
29.32, -0.2660, -2.939
29.33, -0.2665, -2.933
29.34, -0.2670, -2.959
29.35, -0.2675, -2.947
29.36, -0.2680, -2.950
29.37, -0.2685, -2.973
29.38, -0.2690, -2.967
29.39, -0.2695, -2.952
29.40, -0.2700, -2.950
29.41, -0.2705, -2.905
29.42, -0.2710, -2.881
29.43, -0.2715, -2.909
29.44, -0.2720, -2.916
29.45, -0.2725, -2.899
29.46, -0.2730, -2.925
29.47, -0.2735, -2.888
29.48, -0.2740, -2.871
29.49, -0.2745, -2.873
29.50, -0.2750, -2.875
29.51, -0.2755, -2.901
29.52, -0.2760, -2.864
29.53, -0.2765, -2.852
29.54, -0.2770, -2.839
29.55, -0.2775, -2.808
29.56, -0.2780, -2.804
29.57, -0.2785, -2.821
29.58, -0.2790, -2.791
29.59, -0.2795, -2.794
29.60, -0.2800, -2.765
29.61, -0.2805, -2.774
29.62, -0.2810, -2.796
29.63, -0.2815, -2.749
29.64, -0.2820, -2.764
29.65, -0.2825, -2.749
29.66, -0.2830, -2.747
29.67, -0.2835, -2.762
29.68, -0.2840, -2.711
29.69, -0.2845, -2.735
29.70, -0.2850, -2.701
29.71, -0.2855, -2.713
29.72, -0.2860, -2.748
29.73, -0.2865, -2.787
29.74, -0.2870, -2.775
29.75, -0.2875, -2.780
29.76, -0.2880, -2.818
29.77, -0.2885, -2.793
29.78, -0.2890, -2.776
29.79, -0.2895, -2.826
29.80, -0.2900, -2.801
29.81, -0.2905, -2.791
29.82, -0.2910, -2.811
29.83, -0.2915, -2.758
29.84, -0.2920, -2.779
29.85, -0.2925, -2.756
29.86, -0.2930, -2.756
29.87, -0.2935, -2.742
29.88, -0.2940, -2.751
29.89, -0.2945, -2.740
29.90, -0.2950, -2.731
29.91, -0.2955, -2.720
29.92, -0.2960, -2.733
29.93, -0.2965, -2.721
29.94, -0.2970, -2.710
29.95, -0.2975, -2.695
29.96, -0.2980, -2.706
29.97, -0.2985, -2.697
29.98, -0.2990, -2.654
29.99, -0.2995, -2.673
30.00, -0.3000, -2.709
30.01, -0.3005, -2.692
30.02, -0.3010, -2.635
30.03, -0.3015, -2.623
30.04, -0.3020, -2.632
30.05, -0.3025, -2.642
30.06, -0.3030, -2.607
30.07, -0.3035, -2.633
30.08, -0.3040, -2.623
30.09, -0.3045, -2.621
30.10, -0.3050, -2.592
30.11, -0.3055, -2.577
30.12, -0.3060, -2.607
30.13, -0.3065, -2.607
30.14, -0.3070, -2.642
30.15, -0.3075, -2.617
30.16, -0.3080, -2.631
30.17, -0.3085, -2.650
30.18, -0.3090, -2.714
30.19, -0.3095, -2.676
30.20, -0.3100, -2.699
30.21, -0.3105, -2.699
30.22, -0.3110, -2.691
30.23, -0.3115, -2.674
30.24, -0.3120, -2.681
30.25, -0.3125, -2.679
30.26, -0.3130, -2.680
30.27, -0.3135, -2.651
30.28, -0.3140, -2.658
30.29, -0.3145, -2.622
30.30, -0.3150, -2.640
30.31, -0.3155, -2.640
30.32, -0.3160, -2.646
30.33, -0.3165, -2.558
30.34, -0.3170, -2.614
30.35, -0.3175, -2.628
30.36, -0.3180, -2.607
30.37, -0.3185, -2.619
30.38, -0.3190, -2.569
30.39, -0.3195, -2.608
30.40, -0.3200, -2.599
30.41, -0.3205, -2.546
30.42, -0.3210, -2.573
30.43, -0.3215, -2.545
30.44, -0.3220, -2.539
30.45, -0.3225, -2.576
30.46, -0.3230, -2.534
30.47, -0.3235, -2.556
30.48, -0.3240, -2.520
30.49, -0.3245, -2.517
30.50, -0.3250, -2.538
30.51, -0.3255, -2.487
30.52, -0.3260, -2.480
30.53, -0.3265, -2.488
30.54, -0.3270, -2.505
30.55, -0.3275, -2.540
30.56, -0.3280, -2.499
30.57, -0.3285, -2.512
30.58, -0.3290, -2.536
30.59, -0.3295, -2.584
30.60, -0.3300, -2.579
30.61, -0.3305, -2.603
30.62, -0.3310, -2.593
30.63, -0.3315, -2.596
30.64, -0.3320, -2.587
30.65, -0.3325, -2.616
30.66, -0.3330, -2.607
30.67, -0.3335, -2.600
30.68, -0.3340, -2.603
30.69, -0.3345, -2.577
30.70, -0.3350, -2.553
30.71, -0.3355, -2.573
30.72, -0.3360, -2.559
30.73, -0.3365, -2.533
30.74, -0.3370, -2.549
30.75, -0.3375, -2.553
30.76, -0.3380, -2.512
30.77, -0.3385, -2.500
30.78, -0.3390, -2.519
30.79, -0.3395, -2.509
30.80, -0.3400, -2.507
30.81, -0.3405, -2.481
30.82, -0.3410, -2.477
30.83, -0.3415, -2.504
30.84, -0.3420, -2.501
30.85, -0.3425, -2.472
30.86, -0.3430, -2.440
30.87, -0.3435, -2.436
30.88, -0.3440, -2.408
30.89, -0.3445, -2.459
30.90, -0.3450, -2.459
30.91, -0.3455, -2.417
30.92, -0.3460, -2.414
30.93, -0.3465, -2.439
30.94, -0.3470, -2.386
30.95, -0.3475, -2.400
30.96, -0.3480, -2.433
30.97, -0.3485, -2.418
30.98, -0.3490, -2.478
30.99, -0.3495, -2.470
31.00, -0.3500, -2.471
31.01, -0.3505, -2.468
31.02, -0.3510, -2.498
31.03, -0.3515, -2.491
31.04, -0.3520, -2.522
31.05, -0.3525, -2.504
31.06, -0.3530, -2.541
31.07, -0.3535, -2.527
31.08, -0.3540, -2.487
31.09, -0.3545, -2.539
31.10, -0.3550, -2.516
31.11, -0.3555, -2.499
31.12, -0.3560, -2.506
31.13, -0.3565, -2.472
31.14, -0.3570, -2.484
31.15, -0.3575, -2.497
31.16, -0.3580, -2.435
31.17, -0.3585, -2.464
31.18, -0.3590, -2.452
31.19, -0.3595, -2.425
31.20, -0.3600, -2.442
31.21, -0.3605, -2.445
31.22, -0.3610, -2.406
31.23, -0.3615, -2.410
31.24, -0.3620, -2.432
31.25, -0.3625, -2.439
31.26, -0.3630, -2.433
31.27, -0.3635, -2.373
31.28, -0.3640, -2.359
31.29, -0.3645, -2.383
31.30, -0.3650, -2.392
31.31, -0.3655, -2.364
31.32, -0.3660, -2.388
31.33, -0.3665, -2.375
31.34, -0.3670, -2.357
31.35, -0.3675, -2.355
31.36, -0.3680, -2.322
31.37, -0.3685, -2.341
31.38, -0.3690, -2.342
31.39, -0.3695, -2.340
31.40, -0.3700, -2.339
31.41, -0.3705, -2.369
31.42, -0.3710, -2.386
31.43, -0.3715, -2.430
31.44, -0.3720, -2.430
31.45, -0.3725, -2.426
31.46, -0.3730, -2.401
31.47, -0.3735, -2.422
31.48, -0.3740, -2.437
31.49, -0.3745, -2.446
31.50, -0.3750, -2.408
31.51, -0.3755, -2.452
31.52, -0.3760, -2.414
31.53, -0.3765, -2.420
31.54, -0.3770, -2.415
31.55, -0.3775, -2.392
31.56, -0.3780, -2.395
31.57, -0.3785, -2.373
31.58, -0.3790, -2.392
31.59, -0.3795, -2.384
31.60, -0.3800, -2.360
31.61, -0.3805, -2.392
31.62, -0.3810, -2.370
31.63, -0.3815, -2.356
31.64, -0.3820, -2.341
31.65, -0.3825, -2.325
31.66, -0.3830, -2.297
31.67, -0.3835, -2.329
31.68, -0.3840, -2.332
31.69, -0.3845, -2.315
31.70, -0.3850, -2.314
31.71, -0.3855, -2.304
31.72, -0.3860, -2.320
31.73, -0.3865, -2.270
31.74, -0.3870, -2.282
31.75, -0.3875, -2.258
31.76, -0.3880, -2.271
31.77, -0.3885, -2.280
31.78, -0.3890, -2.270
31.79, -0.3895, -2.280
31.80, -0.3900, -2.266
31.81, -0.3905, -2.280
31.82, -0.3910, -2.277
31.83, -0.3915, -2.288
31.84, -0.3920, -2.277
31.85, -0.3925, -2.327
31.86, -0.3930, -2.339
31.87, -0.3935, -2.332
31.88, -0.3940, -2.336
31.89, -0.3945, -2.320
31.90, -0.3950, -2.369
31.91, -0.3955, -2.369
31.92, -0.3960, -2.375
31.93, -0.3965, -2.335
31.94, -0.3970, -2.354
31.95, -0.3975, -2.339
31.96, -0.3980, -2.339
31.97, -0.3985, -2.303
31.98, -0.3990, -2.332
31.99, -0.3995, -2.327
32.00, -0.4000, -2.312
