0.01000, -0.3995, -100.0
0.02000, -0.3990, -100.0
0.03000, -0.3985, -100.0
0.04000, -0.3980, -100.0
0.05000, -0.3975, -99.63
0.06000, -0.3970, -93.94
0.07000, -0.3965, -88.65
0.08000, -0.3960, -84.06
0.09000, -0.3955, -79.84
0.1000, -0.3950, -76.02
0.1100, -0.3945, -72.69
0.1200, -0.3940, -69.63
0.1300, -0.3935, -66.89
0.1400, -0.3930, -64.33
0.1500, -0.3925, -61.97
0.1600, -0.3920, -59.88
0.1700, -0.3915, -57.84
0.1800, -0.3910, -56.04
0.1900, -0.3905, -54.33
0.2000, -0.3900, -52.64
0.2100, -0.3895, -51.21
0.2200, -0.3890, -49.72
0.2300, -0.3885, -48.46
0.2400, -0.3880, -47.14
0.2500, -0.3875, -45.84
0.2600, -0.3870, -44.74
0.2700, -0.3865, -43.62
0.2800, -0.3860, -42.63
0.2900, -0.3855, -41.62
0.3000, -0.3850, -40.58
0.3100, -0.3845, -39.74
0.3200, -0.3840, -38.79
0.3300, -0.3835, -38.06
0.3400, -0.3830, -37.25
0.3500, -0.3825, -36.41
0.3600, -0.3820, -35.77
0.3700, -0.3815, -34.98
0.3800, -0.3810, -34.37
0.3900, -0.3805, -33.73
0.4000, -0.3800, -33.08
0.4100, -0.3795, -32.48
0.4200, -0.3790, -31.80
0.4300, -0.3785, -31.33
0.4400, -0.3780, -30.78
0.4500, -0.3775, -30.20
0.4600, -0.3770, -29.76
0.4700, -0.3765, -29.22
0.4800, -0.3760, -28.78
0.4900, -0.3755, -28.31
0.5000, -0.3750, -27.79
0.5100, -0.3745, -27.41
0.5200, -0.3740, -26.92
0.5300, -0.3735, -26.57
0.5400, -0.3730, -26.16
0.5500, -0.3725, -25.76
0.5600, -0.3720, -25.38
0.5700, -0.3715, -24.97
0.5800, -0.3710, -24.61
0.5900, -0.3705, -24.27
0.6000, -0.3700, -23.86
0.6100, -0.3695, -23.56
0.6200, -0.3690, -23.21
0.6300, -0.3685, -22.91
0.6400, -0.3680, -22.60
0.6500, -0.3675, -22.19
0.6600, -0.3670, -21.90
0.6700, -0.3665, -21.58
0.6800, -0.3660, -21.28
0.6900, -0.3655, -20.99
0.7000, -0.3650, -20.63
0.7100, -0.3645, -20.36
0.7200, -0.3640, -20.04
0.7300, -0.3635, -19.80
0.7400, -0.3630, -19.53
0.7500, -0.3625, -19.24
0.7600, -0.3620, -19.03
0.7700, -0.3615, -18.71
0.7800, -0.3610, -18.50
0.7900, -0.3605, -18.25
0.8000, -0.3600, -18.02
0.8100, -0.3595, -17.80
0.8200, -0.3590, -17.52
0.8300, -0.3585, -17.34
0.8400, -0.3580, -17.13
0.8500, -0.3575, -16.86
0.8600, -0.3570, -16.67
0.8700, -0.3565, -16.39
0.8800, -0.3560, -16.28
0.8900, -0.3555, -16.03
0.9000, -0.3550, -15.81
0.9100, -0.3545, -15.65
0.9200, -0.3540, -15.36
0.9300, -0.3535, -15.23
0.9400, -0.3530, -15.03
0.9500, -0.3525, -14.81
0.9600, -0.3520, -14.67
0.9700, -0.3515, -14.46
0.9800, -0.3510, -14.30
0.9900, -0.3505, -14.13
1.000, -0.3500, -13.93
1.010, -0.3495, -13.78
1.020, -0.3490, -13.57
1.030, -0.3485, -13.44
1.040, -0.3480, -13.27
1.050, -0.3475, -13.06
1.060, -0.3470, -12.95
1.070, -0.3465, -12.72
1.080, -0.3460, -12.59
1.090, -0.3455, -12.42
1.100, -0.3450, -12.22
1.110, -0.3445, -12.09
1.120, -0.3440, -11.86
1.130, -0.3435, -11.77
1.140, -0.3430, -11.56
1.150, -0.3425, -11.37
1.160, -0.3420, -11.28
1.170, -0.3415, -11.12
1.180, -0.3410, -11.01
1.190, -0.3405, -10.83
1.200, -0.3400, -10.65
1.210, -0.3395, -10.57
1.220, -0.3390, -10.39
1.230, -0.3385, -10.32
1.240, -0.3380, -10.16
1.250, -0.3375, -9.965
1.260, -0.3370, -9.906
1.270, -0.3365, -9.752
1.280, -0.3360, -9.664
1.290, -0.3355, -9.498
1.300, -0.3350, -9.354
1.310, -0.3345, -9.272
1.320, -0.3340, -9.122
1.330, -0.3335, -9.030
1.340, -0.3330, -8.930
1.350, -0.3325, -8.772
1.360, -0.3320, -8.677
1.370, -0.3315, -8.567
1.380, -0.3310, -8.489
1.390, -0.3305, -8.360
1.400, -0.3300, -8.205
1.410, -0.3295, -8.149
1.420, -0.3290, -7.998
1.430, -0.3285, -7.944
1.440, -0.3280, -7.841
1.450, -0.3275, -7.757
1.460, -0.3270, -7.619
1.470, -0.3265, -7.504
1.480, -0.3260, -7.453
1.490, -0.3255, -7.329
1.500, -0.3250, -7.224
1.510, -0.3245, -7.093
1.520, -0.3240, -6.946
1.530, -0.3235, -6.876
1.540, -0.3230, -6.770
1.550, -0.3225, -6.683
1.560, -0.3220, -6.523
1.570, -0.3215, -6.434
1.580, -0.3210, -6.376
1.590, -0.3205, -6.256
1.600, -0.3200, -6.150
1.610, -0.3195, -6.055
1.620, -0.3190, -5.939
1.630, -0.3185, -5.899
1.640, -0.3180, -5.818
1.650, -0.3175, -5.738
1.660, -0.3170, -5.646
1.670, -0.3165, -5.555
1.680, -0.3160, -5.509
1.690, -0.3155, -5.431
1.700, -0.3150, -5.353
1.710, -0.3145, -5.291
1.720, -0.3140, -5.176
1.730, -0.3135, -5.114
1.740, -0.3130, -5.023
1.750, -0.3125, -4.910
1.760, -0.3120, -4.916
1.770, -0.3115, -4.788
1.780, -0.3110, -4.747
1.790, -0.3105, -4.658
1.800, -0.3100, -4.577
1.810, -0.3095, -4.535
1.820, -0.3090, -4.367
1.830, -0.3085, -4.389
1.840, -0.3080, -4.313
1.850, -0.3075, -4.223
1.860, -0.3070, -4.219
1.870, -0.3065, -4.095
1.880, -0.3060, -4.104
1.890, -0.3055, -4.014
1.900, -0.3050, -3.906
1.910, -0.3045, -3.877
1.920, -0.3040, -3.744
1.930, -0.3035, -3.721
1.940, -0.3030, -3.638
1.950, -0.3025, -3.478
1.960, -0.3020, -3.492
1.970, -0.3015, -3.338
1.980, -0.3010, -3.331
1.990, -0.3005, -3.271
2.000, -0.3000, -3.117
2.010, -0.2995, -3.133
2.020, -0.2990, -3.026
2.030, -0.2985, -3.013
2.040, -0.2980, -2.949
2.050, -0.2975, -2.856
2.060, -0.2970, -2.845
2.070, -0.2965, -2.763
2.080, -0.2960, -2.735
2.090, -0.2955, -2.711
2.100, -0.2950, -2.556
2.110, -0.2945, -2.612
2.120, -0.2940, -2.452
2.130, -0.2935, -2.499
2.140, -0.2930, -2.444
2.150, -0.2925, -2.379
2.160, -0.2920, -2.381
2.170, -0.2915, -2.234
2.180, -0.2910, -2.280
2.190, -0.2905, -2.189
2.200, -0.2900, -2.083
2.210, -0.2895, -2.125
2.220, -0.2890, -2.032
2.230, -0.2885, -2.062
2.240, -0.2880, -1.982
2.250, -0.2875, -1.896
2.260, -0.2870, -1.900
2.270, -0.2865, -1.743
2.280, -0.2860, -1.868
2.290, -0.2855, -1.817
2.300, -0.2850, -1.708
2.310, -0.2845, -1.729
2.320, -0.2840, -1.565
2.330, -0.2835, -1.665
2.340, -0.2830, -1.584
2.350, -0.2825, -1.440
2.360, -0.2820, -1.453
2.370, -0.2815, -1.353
2.380, -0.2810, -1.367
2.390, -0.2805, -1.313
2.400, -0.2800, -1.212
2.410, -0.2795, -1.207
2.420, -0.2790, -1.058
2.430, -0.2785, -1.128
2.440, -0.2780, -1.082
2.450, -0.2775, -0.9828
2.460, -0.2770, -1.002
2.470, -0.2765, -0.9026
2.480, -0.2760, -0.9433
2.490, -0.2755, -0.8978
2.500, -0.2750, -0.7769
2.510, -0.2745, -0.8465
2.520, -0.2740, -0.7518
2.530, -0.2735, -0.7543
2.540, -0.2730, -0.7109
2.550, -0.2725, -0.6384
2.560, -0.2720, -0.6860
2.570, -0.2715, -0.5423
2.580, -0.2710, -0.5791
2.590, -0.2705, -0.5750
2.600, -0.2700, -0.5000
2.610, -0.2695, -0.5318
2.620, -0.2690, -0.4459
2.630, -0.2685, -0.4515
2.640, -0.2680, -0.4416
2.650, -0.2675, -0.3236
2.660, -0.2670, -0.3752
2.670, -0.2665, -0.3023
2.680, -0.2660, -0.3254
2.690, -0.2655, -0.2860
2.700, -0.2650, -0.1926
2.710, -0.2645, -0.2523
2.720, -0.2640, -0.1619
2.730, -0.2635, -0.2032
2.740, -0.2630, -0.1645
2.750, -0.2625, -0.07578
2.760, -0.2620, -0.1173
2.770, -0.2615, 0.01703
2.780, -0.2610, 0.02199
2.790, -0.2605, 0.04417
2.800, -0.2600, 0.1392
2.810, -0.2595, 0.1323
2.820, -0.2590, 0.2241
2.830, -0.2585, 0.1944
2.840, -0.2580, 0.2596
2.850, -0.2575, 0.3077
2.860, -0.2570, 0.2641
2.870, -0.2565, 0.3876
2.880, -0.2560, 0.3133
2.890, -0.2555, 0.3449
2.900, -0.2550, 0.4345
2.910, -0.2545, 0.3930
2.920, -0.2540, 0.4749
2.930, -0.2535, 0.3903
2.940, -0.2530, 0.4749
2.950, -0.2525, 0.4981
2.960, -0.2520, 0.5087
2.970, -0.2515, 0.5709
2.980, -0.2510, 0.5418
2.990, -0.2505, 0.5769
3.000, -0.2500, 0.7060
3.010, -0.2495, 0.6122
3.020, -0.2490, 0.6977
3.030, -0.2485, 0.6550
3.040, -0.2480, 0.6520
3.050, -0.2475, 0.7566
3.060, -0.2470, 0.7077
3.070, -0.2465, 0.7839
3.080, -0.2460, 0.7345
3.090, -0.2455, 0.7685
3.100, -0.2450, 0.7817
3.110, -0.2445, 0.8013
3.120, -0.2440, 0.7821
3.130, -0.2435, 0.8333
3.140, -0.2430, 0.8506
3.150, -0.2425, 0.9312
3.160, -0.2420, 0.8536
3.170, -0.2415, 0.9312
3.180, -0.2410, 0.9114
3.190, -0.2405, 0.9412
3.200, -0.2400, 1.012
3.210, -0.2395, 1.042
3.220, -0.2390, 1.102
3.230, -0.2385, 1.127
3.240, -0.2380, 1.150
3.250, -0.2375, 1.191
3.260, -0.2370, 1.208
3.270, -0.2365, 1.318
3.280, -0.2360, 1.246
3.290, -0.2355, 1.272
3.300, -0.2350, 1.395
3.310, -0.2345, 1.310
3.320, -0.2340, 1.385
3.330, -0.2335, 1.290
3.340, -0.2330, 1.313
3.350, -0.2325, 1.359
3.360, -0.2320, 1.350
3.370, -0.2315, 1.428
3.380, -0.2310, 1.367
3.390, -0.2305, 1.368
3.400, -0.2300, 1.454
3.410, -0.2295, 1.427
3.420, -0.2290, 1.485
3.430, -0.2285, 1.410
3.440, -0.2280, 1.433
3.450, -0.2275, 1.517
3.460, -0.2270, 1.474
3.470, -0.2265, 1.550
3.480, -0.2260, 1.489
3.490, -0.2255, 1.518
3.500, -0.2250, 1.602
3.510, -0.2245, 1.534
3.520, -0.2240, 1.589
3.530, -0.2235, 1.548
3.540, -0.2230, 1.547
3.550, -0.2225, 1.614
3.560, -0.2220, 1.559
3.570, -0.2215, 1.653
3.580, -0.2210, 1.561
3.590, -0.2205, 1.599
3.600, -0.2200, 1.671
3.610, -0.2195, 1.628
3.620, -0.2190, 1.668
3.630, -0.2185, 1.679
3.640, -0.2180, 1.736
3.650, -0.2175, 1.793
3.660, -0.2170, 1.765
3.670, -0.2165, 1.867
3.680, -0.2160, 1.824
3.690, -0.2155, 1.828
3.700, -0.2150, 1.887
3.710, -0.2145, 1.882
3.720, -0.2140, 1.935
3.730, -0.2135, 1.883
3.740, -0.2130, 1.897
3.750, -0.2125, 1.986
3.760, -0.2120, 1.895
3.770, -0.2115, 1.961
3.780, -0.2110, 1.937
3.790, -0.2105, 1.923
3.800, -0.2100, 1.989
3.810, -0.2095, 1.954
3.820, -0.2090, 2.017
3.830, -0.2085, 1.957
3.840, -0.2080, 1.992
3.850, -0.2075, 2.037
3.860, -0.2070, 2.014
3.870, -0.2065, 2.037
3.880, -0.2060, 2.029
3.890, -0.2055, 2.024
3.900, -0.2050, 2.052
3.910, -0.2045, 2.027
3.920, -0.2040, 2.106
3.930, -0.2035, 2.054
3.940, -0.2030, 2.059
3.950, -0.2025, 2.085
3.960, -0.2020, 2.024
3.970, -0.2015, 2.116
3.980, -0.2010, 2.063
3.990, -0.2005, 2.084
4.000, -0.2000, 2.143
4.010, -0.1995, 2.054
4.020, -0.1990, 2.029
4.030, -0.1985, 2.094
4.040, -0.1980, 2.137
4.050, -0.1975, 2.196
4.060, -0.1970, 2.181
4.070, -0.1965, 2.239
4.080, -0.1960, 2.224
4.090, -0.1955, 2.238
4.100, -0.1950, 2.289
4.110, -0.1945, 2.278
4.120, -0.1940, 2.288
4.130, -0.1935, 2.293
4.140, -0.1930, 2.308
4.150, -0.1925, 2.360
4.160, -0.1920, 2.320
4.170, -0.1915, 2.325
4.180, -0.1910, 2.320
4.190, -0.1905, 2.314
4.200, -0.1900, 2.331
4.210, -0.1895, 2.319
4.220, -0.1890, 2.343
4.230, -0.1885, 2.318
4.240, -0.1880, 2.347
4.250, -0.1875, 2.413
4.260, -0.1870, 2.311
4.270, -0.1865, 2.345
4.280, -0.1860, 2.320
4.290, -0.1855, 2.333
4.300, -0.1850, 2.410
4.310, -0.1845, 2.339
4.320, -0.1840, 2.449
4.330, -0.1835, 2.329
4.340, -0.1830, 2.352
4.350, -0.1825, 2.390
4.360, -0.1820, 2.384
4.370, -0.1815, 2.348
4.380, -0.1810, 2.319
4.390, -0.1805, 2.368
4.400, -0.1800, 2.395
4.410, -0.1795, 2.375
4.420, -0.1790, 2.369
4.430, -0.1785, 2.352
4.440, -0.1780, 2.348
4.450, -0.1775, 2.426
4.460, -0.1770, 2.396
4.470, -0.1765, 2.434
4.480, -0.1760, 2.433
4.490, -0.1755, 2.432
4.500, -0.1750, 2.497
4.510, -0.1745, 2.528
4.520, -0.1740, 2.537
4.530, -0.1735, 2.525
4.540, -0.1730, 2.514
4.550, -0.1725, 2.533
4.560, -0.1720, 2.554
4.570, -0.1715, 2.548
4.580, -0.1710, 2.507
4.590, -0.1705, 2.522
4.600, -0.1700, 2.577
4.610, -0.1695, 2.556
4.620, -0.1690, 2.535
4.630, -0.1685, 2.534
4.640, -0.1680, 2.529
4.650, -0.1675, 2.581
4.660, -0.1670, 2.546
4.670, -0.1665, 2.557
4.680, -0.1660, 2.529
4.690, -0.1655, 2.524
4.700, -0.1650, 2.548
4.710, -0.1645, 2.531
4.720, -0.1640, 2.579
4.730, -0.1635, 2.539
4.740, -0.1630, 2.540
4.750, -0.1625, 2.532
4.760, -0.1620, 2.512
4.770, -0.1615, 2.549
4.780, -0.1610, 2.521
4.790, -0.1605, 2.523
4.800, -0.1600, 2.559
4.810, -0.1595, 2.499
4.820, -0.1590, 2.530
4.830, -0.1585, 2.532
4.840, -0.1580, 2.499
4.850, -0.1575, 2.555
4.860, -0.1570, 2.522
4.870, -0.1565, 2.553
4.880, -0.1560, 2.552
4.890, -0.1555, 2.564
4.900, -0.1550, 2.622
4.910, -0.1545, 2.580
4.920, -0.1540, 2.629
4.930, -0.1535, 2.642
4.940, -0.1530, 2.647
4.950, -0.1525, 2.700
4.960, -0.1520, 2.661
4.970, -0.1515, 2.655
4.980, -0.1510, 2.673
4.990, -0.1505, 2.681
5.000, -0.1500, 2.665
5.010, -0.1495, 2.655
5.020, -0.1490, 2.693
5.030, -0.1485, 2.662
5.040, -0.1480, 2.671
5.050, -0.1475, 2.677
5.060, -0.1470, 2.652
5.070, -0.1465, 2.635
5.080, -0.1460, 2.668
5.090, -0.1455, 2.676
5.100, -0.1450, 2.635
5.110, -0.1445, 2.636
5.120, -0.1440, 2.639
5.130, -0.1435, 2.649
5.140, -0.1430, 2.651
5.150, -0.1425, 2.648
5.160, -0.1420, 2.615
5.170, -0.1415, 2.613
5.180, -0.1410, 2.624
5.190, -0.1405, 2.637
5.200, -0.1400, 2.612
5.210, -0.1395, 2.611
5.220, -0.1390, 2.593
5.230, -0.1385, 2.615
5.240, -0.1380, 2.606
5.250, -0.1375, 2.591
5.260, -0.1370, 2.620
5.270, -0.1365, 2.595
5.280, -0.1360, 2.579
5.290, -0.1355, 2.605
5.300, -0.1350, 2.670
5.310, -0.1345, 2.625
5.320, -0.1340, 2.638
5.330, -0.1335, 2.672
5.340, -0.1330, 2.681
5.350, -0.1325, 2.841
5.360, -0.1320, 2.737
5.370, -0.1315, 2.742
5.380, -0.1310, 2.741
5.390, -0.1305, 2.716
5.400, -0.1300, 2.727
5.410, -0.1295, 2.746
5.420, -0.1290, 2.715
5.430, -0.1285, 2.707
5.440, -0.1280, 2.723
5.450, -0.1275, 2.743
5.460, -0.1270, 2.713
5.470, -0.1265, 2.689
5.480, -0.1260, 2.691
5.490, -0.1255, 2.737
5.500, -0.1250, 2.696
5.510, -0.1245, 2.731
5.520, -0.1240, 2.705
5.530, -0.1235, 2.706
5.540, -0.1230, 2.722
5.550, -0.1225, 2.697
5.560, -0.1220, 2.727
5.570, -0.1215, 2.702
5.580, -0.1210, 2.694
5.590, -0.1205, 2.688
5.600, -0.1200, 2.675
5.610, -0.1195, 2.679
5.620, -0.1190, 2.690
5.630, -0.1185, 2.680
5.640, -0.1180, 2.699
5.650, -0.1175, 2.700
5.660, -0.1170, 2.697
5.670, -0.1165, 2.644
5.680, -0.1160, 2.666
5.690, -0.1155, 2.666
5.700, -0.1150, 2.658
5.710, -0.1145, 2.690
5.720, -0.1140, 2.693
5.730, -0.1135, 2.713
5.740, -0.1130, 2.730
5.750, -0.1125, 2.744
5.760, -0.1120, 2.761
5.770, -0.1115, 2.753
5.780, -0.1110, 2.765
5.790, -0.1105, 2.780
5.800, -0.1100, 2.808
5.810, -0.1095, 2.829
5.820, -0.1090, 2.839
5.830, -0.1085, 2.814
5.840, -0.1080, 2.802
5.850, -0.1075, 2.788
5.860, -0.1070, 2.802
5.870, -0.1065, 2.809
5.880, -0.1060, 2.811
5.890, -0.1055, 2.789
5.900, -0.1050, 2.780
5.910, -0.1045, 2.790
5.920, -0.1040, 2.818
5.930, -0.1035, 2.808
5.940, -0.1030, 2.776
5.950, -0.1025, 2.793
5.960, -0.1020, 2.770
5.970, -0.1015, 2.801
5.980, -0.1010, 2.771
5.990, -0.1005, 2.797
6.000, -0.1000, 2.777
6.010, -0.09950, 2.775
6.020, -0.09900, 2.780
6.030, -0.09850, 2.766
6.040, -0.09800, 2.773
6.050, -0.09750, 2.752
6.060, -0.09700, 2.805
6.070, -0.09650, 2.785
6.080, -0.09600, 2.786
6.090, -0.09550, 2.768
6.100, -0.09500, 2.754
6.110, -0.09450, 2.762
6.120, -0.09400, 2.779
6.130, -0.09350, 2.775
6.140, -0.09300, 2.797
6.150, -0.09250, 2.833
6.160, -0.09200, 2.849
6.170, -0.09150, 2.870
6.180, -0.09100, 2.900
6.190, -0.09050, 2.907
6.200, -0.09000, 2.923
6.210, -0.08950, 2.904
6.220, -0.08900, 2.921
6.230, -0.08850, 2.935
6.240, -0.08800, 2.968
6.250, -0.08750, 2.954
6.260, -0.08700, 2.959
6.270, -0.08650, 2.946
6.280, -0.08600, 2.938
6.290, -0.08550, 2.947
6.300, -0.08500, 2.954
6.310, -0.08450, 2.933
6.320, -0.08400, 2.971
6.330, -0.08350, 2.940
6.340, -0.08300, 2.945
6.350, -0.08250, 2.935
6.360, -0.08200, 2.948
6.370, -0.08150, 2.945
6.380, -0.08100, 2.959
6.390, -0.08050, 2.966
6.400, -0.08000, 2.979
6.410, -0.07950, 2.938
6.420, -0.07900, 2.961
6.430, -0.07850, 2.979
6.440, -0.07800, 2.980
6.450, -0.07750, 2.967
6.460, -0.07700, 2.964
6.470, -0.07650, 2.976
6.480, -0.07600, 2.970
6.490, -0.07550, 2.991
6.500, -0.07500, 2.995
6.510, -0.07450, 3.006
6.520, -0.07400, 3.006
6.530, -0.07350, 3.009
6.540, -0.07300, 3.026
6.550, -0.07250, 3.005
6.560, -0.07200, 3.010
6.570, -0.07150, 3.053
6.580, -0.07100, 3.058
6.590, -0.07050, 3.104
6.600, -0.07000, 3.129
6.610, -0.06950, 3.146
6.620, -0.06900, 3.162
6.630, -0.06850, 3.197
6.640, -0.06800, 3.206
6.650, -0.06750, 3.216
6.660, -0.06700, 3.237
6.670, -0.06650, 3.214
6.680, -0.06600, 3.218
6.690, -0.06550, 3.252
6.700, -0.06500, 3.261
6.710, -0.06450, 3.253
6.720, -0.06400, 3.261
6.730, -0.06350, 3.238
6.740, -0.06300, 3.258
6.750, -0.06250, 3.259
6.760, -0.06200, 3.274
6.770, -0.06150, 3.292
6.780, -0.06100, 3.287
6.790, -0.06050, 3.279
6.800, -0.06000, 3.316
6.810, -0.05950, 3.280
6.820, -0.05900, 3.317
6.830, -0.05850, 3.320
6.840, -0.05800, 3.340
6.850, -0.05750, 3.331
6.860, -0.05700, 3.333
6.870, -0.05650, 3.376
6.880, -0.05600, 3.361
6.890, -0.05550, 3.389
6.900, -0.05500, 3.384
6.910, -0.05450, 3.392
6.920, -0.05400, 3.411
6.930, -0.05350, 3.416
6.940, -0.05300, 3.420
6.950, -0.05250, 3.441
6.960, -0.05200, 3.472
6.970, -0.05150, 3.454
6.980, -0.05100, 3.493
6.990, -0.05050, 3.513
7.000, -0.05000, 3.554
7.010, -0.04950, 3.581
7.020, -0.04900, 3.617
7.030, -0.04850, 3.625
7.040, -0.04800, 3.674
7.050, -0.04750, 3.683
7.060, -0.04700, 3.707
7.070, -0.04650, 3.723
7.080, -0.04600, 3.712
7.090, -0.04550, 3.737
7.100, -0.04500, 3.774
7.110, -0.04450, 3.766
7.120, -0.04400, 3.801
7.130, -0.04350, 3.835
7.140, -0.04300, 3.833
7.150, -0.04250, 3.840
7.160, -0.04200, 3.863
7.170, -0.04150, 3.891
7.180, -0.04100, 3.886
7.190, -0.04050, 3.887
7.200, -0.04000, 3.930
7.210, -0.03950, 3.954
7.220, -0.03900, 3.963
7.230, -0.03850, 3.965
7.240, -0.03800, 3.972
7.250, -0.03750, 3.987
7.260, -0.03700, 4.008
7.270, -0.03650, 4.047
7.280, -0.03600, 4.069
7.290, -0.03550, 4.082
7.300, -0.03500, 4.107
7.310, -0.03450, 4.110
7.320, -0.03400, 4.150
7.330, -0.03350, 4.173
7.340, -0.03300, 4.186
7.350, -0.03250, 4.208
7.360, -0.03200, 4.226
7.370, -0.03150, 4.254
7.380, -0.03100, 4.283
7.390, -0.03050, 4.315
7.400, -0.03000, 4.345
7.410, -0.02950, 4.367
7.420, -0.02900, 4.421
7.430, -0.02850, 4.480
7.440, -0.02800, 4.545
7.450, -0.02750, 4.552
7.460, -0.02700, 4.560
7.470, -0.02650, 4.607
7.480, -0.02600, 4.674
7.490, -0.02550, 4.675
7.500, -0.02500, 4.698
7.510, -0.02450, 4.748
7.520, -0.02400, 4.756
7.530, -0.02350, 4.824
7.540, -0.02300, 4.845
7.550, -0.02250, 4.886
7.560, -0.02200, 4.908
7.570, -0.02150, 4.951
7.580, -0.02100, 4.951
7.590, -0.02050, 5.004
7.600, -0.02000, 5.029
7.610, -0.01950, 5.066
7.620, -0.01900, 5.073
7.630, -0.01850, 5.115
7.640, -0.01800, 5.165
7.650, -0.01750, 5.188
7.660, -0.01700, 5.189
7.670, -0.01650, 5.278
7.680, -0.01600, 5.319
7.690, -0.01550, 5.334
7.700, -0.01500, 5.351
7.710, -0.01450, 5.404
7.720, -0.01400, 5.445
7.730, -0.01350, 5.495
7.740, -0.01300, 5.518
7.750, -0.01250, 5.571
7.760, -0.01200, 5.611
7.770, -0.01150, 5.653
7.780, -0.01100, 5.687
7.790, -0.01050, 5.731
7.800, -0.01000, 5.730
7.810, -0.009500, 5.802
7.820, -0.009000, 5.850
7.830, -0.008500, 5.895
7.840, -0.008000, 5.947
7.850, -0.007500, 6.080
7.860, -0.007000, 6.065
7.870, -0.006500, 6.167
7.880, -0.006000, 6.239
7.890, -0.005500, 6.268
7.900, -0.005000, 6.348
7.910, -0.004500, 6.390
7.920, -0.004000, 6.443
7.930, -0.003500, 6.512
7.940, -0.003000, 6.567
7.950, -0.002500, 6.609
7.960, -0.002000, 6.667
7.970, -0.001500, 6.704
7.980, -0.001000, 6.748
7.990, -0.0005000, 6.837
8.000, 0.000, 6.883
8.010, 0.0005000, 6.921
8.020, 0.001000, 6.978
8.030, 0.001500, 7.039
8.040, 0.002000, 7.116
8.050, 0.002500, 7.156
8.060, 0.003000, 7.209
8.070, 0.003500, 7.255
8.080, 0.004000, 7.337
8.090, 0.004500, 7.370
8.100, 0.005000, 7.450
8.110, 0.005500, 7.492
8.120, 0.006000, 7.555
8.130, 0.006500, 7.600
8.140, 0.007000, 7.675
8.150, 0.007500, 7.723
8.160, 0.008000, 7.789
8.170, 0.008500, 7.857
8.180, 0.009000, 7.911
8.190, 0.009500, 7.939
8.200, 0.01000, 8.016
8.210, 0.01050, 8.087
8.220, 0.01100, 8.148
8.230, 0.01150, 8.206
8.240, 0.01200, 8.311
8.250, 0.01250, 8.393
8.260, 0.01300, 8.496
8.270, 0.01350, 8.548
8.280, 0.01400, 8.657
8.290, 0.01450, 8.731
8.300, 0.01500, 8.787
8.310, 0.01550, 8.884
8.320, 0.01600, 8.982
8.330, 0.01650, 9.041
8.340, 0.01700, 9.093
8.350, 0.01750, 9.194
8.360, 0.01800, 9.240
8.370, 0.01850, 9.341
8.380, 0.01900, 9.345
8.390, 0.01950, 9.412
8.400, 0.02000, 9.483
8.410, 0.02050, 9.572
8.420, 0.02100, 9.648
8.430, 0.02150, 9.686
8.440, 0.02200, 9.747
8.450, 0.02250, 9.843
8.460, 0.02300, 9.925
8.470, 0.02350, 9.973
8.480, 0.02400, 10.04
8.490, 0.02450, 10.11
8.500, 0.02500, 10.25
8.510, 0.02550, 10.25
8.520, 0.02600, 10.35
8.530, 0.02650, 10.41
8.540, 0.02700, 10.42
8.550, 0.02750, 10.56
8.560, 0.02800, 10.61
8.570, 0.02850, 10.68
8.580, 0.02900, 10.75
8.590, 0.02950, 10.82
8.600, 0.03000, 10.94
8.610, 0.03050, 10.96
8.620, 0.03100, 11.03
8.630, 0.03150, 11.14
8.640, 0.03200, 11.18
8.650, 0.03250, 11.36
8.660, 0.03300, 11.32
8.670, 0.03350, 11.41
8.680, 0.03400, 11.52
8.690, 0.03450, 11.63
8.700, 0.03500, 11.72
8.710, 0.03550, 11.79
8.720, 0.03600, 12.02
8.730, 0.03650, 11.96
8.740, 0.03700, 12.09
8.750, 0.03750, 12.18
8.760, 0.03800, 12.20
8.770, 0.03850, 12.24
8.780, 0.03900, 12.34
8.790, 0.03950, 12.42
8.800, 0.04000, 12.54
8.810, 0.04050, 12.54
8.820, 0.04100, 12.67
8.830, 0.04150, 12.70
8.840, 0.04200, 12.74
8.850, 0.04250, 12.88
8.860, 0.04300, 12.89
8.870, 0.04350, 12.98
8.880, 0.04400, 13.04
8.890, 0.04450, 13.12
8.900, 0.04500, 13.25
8.910, 0.04550, 13.25
8.920, 0.04600, 13.31
8.930, 0.04650, 13.38
8.940, 0.04700, 13.46
8.950, 0.04750, 13.57
8.960, 0.04800, 13.59
8.970, 0.04850, 13.67
8.980, 0.04900, 13.73
8.990, 0.04950, 13.82
9.000, 0.05000, 13.90
9.010, 0.05050, 13.96
9.020, 0.05100, 14.01
9.030, 0.05150, 14.05
9.040, 0.05200, 14.14
9.050, 0.05250, 14.26
9.060, 0.05300, 14.27
9.070, 0.05350, 14.35
9.080, 0.05400, 14.46
9.090, 0.05450, 14.53
9.100, 0.05500, 14.61
9.110, 0.05550, 14.68
9.120, 0.05600, 14.76
9.130, 0.05650, 14.83
9.140, 0.05700, 14.94
9.150, 0.05750, 15.02
9.160, 0.05800, 15.10
9.170, 0.05850, 15.15
9.180, 0.05900, 15.20
9.190, 0.05950, 15.30
9.200, 0.06000, 15.34
9.210, 0.06050, 15.42
9.220, 0.06100, 15.46
9.230, 0.06150, 15.54
9.240, 0.06200, 15.59
9.250, 0.06250, 15.67
9.260, 0.06300, 15.72
9.270, 0.06350, 15.77
9.280, 0.06400, 15.82
9.290, 0.06450, 15.87
9.300, 0.06500, 15.94
9.310, 0.06550, 15.99
9.320, 0.06600, 16.04
9.330, 0.06650, 16.06
9.340, 0.06700, 16.14
9.350, 0.06750, 16.20
9.360, 0.06800, 16.26
9.370, 0.06850, 16.34
9.380, 0.06900, 16.37
9.390, 0.06950, 16.41
9.400, 0.07000, 16.45
9.410, 0.07050, 16.51
9.420, 0.07100, 16.59
9.430, 0.07150, 16.63
9.440, 0.07200, 16.65
9.450, 0.07250, 16.70
9.460, 0.07300, 16.76
9.470, 0.07350, 16.80
9.480, 0.07400, 16.82
9.490, 0.07450, 16.89
9.500, 0.07500, 16.95
9.510, 0.07550, 17.02
9.520, 0.07600, 17.05
9.530, 0.07650, 17.12
9.540, 0.07700, 17.19
9.550, 0.07750, 17.23
9.560, 0.07800, 17.34
9.570, 0.07850, 17.36
9.580, 0.07900, 17.38
9.590, 0.07950, 17.43
9.600, 0.08000, 17.47
9.610, 0.08050, 17.50
9.620, 0.08100, 17.54
9.630, 0.08150, 17.61
9.640, 0.08200, 17.62
9.650, 0.08250, 17.63
9.660, 0.08300, 17.70
9.670, 0.08350, 17.69
9.680, 0.08400, 17.75
9.690, 0.08450, 17.80
9.700, 0.08500, 17.81
9.710, 0.08550, 17.81
9.720, 0.08600, 17.87
9.730, 0.08650, 17.86
9.740, 0.08700, 17.90
9.750, 0.08750, 17.90
9.760, 0.08800, 17.94
9.770, 0.08850, 17.95
9.780, 0.08900, 17.98
9.790, 0.08950, 18.01
9.800, 0.09000, 18.01
9.810, 0.09050, 18.01
9.820, 0.09100, 18.04
9.830, 0.09150, 18.03
9.840, 0.09200, 18.07
9.850, 0.09250, 18.07
9.860, 0.09300, 18.11
9.870, 0.09350, 18.09
9.880, 0.09400, 18.10
9.890, 0.09450, 18.12
9.900, 0.09500, 18.07
9.910, 0.09550, 18.10
9.920, 0.09600, 18.14
9.930, 0.09650, 18.17
9.940, 0.09700, 18.20
9.950, 0.09750, 18.19
9.960, 0.09800, 18.22
9.970, 0.09850, 18.21
9.980, 0.09900, 18.24
9.990, 0.09950, 18.29
10.00, 0.1000, 18.27
10.01, 0.1005, 18.27
10.02, 0.1010, 18.28
10.03, 0.1015, 18.27
10.04, 0.1020, 18.27
10.05, 0.1025, 18.28
10.06, 0.1030, 18.26
10.07, 0.1035, 18.25
10.08, 0.1040, 18.27
10.09, 0.1045, 18.27
10.10, 0.1050, 18.23
10.11, 0.1055, 18.20
10.12, 0.1060, 18.21
10.13, 0.1065, 18.19
10.14, 0.1070, 18.18
10.15, 0.1075, 18.17
10.16, 0.1080, 18.15
10.17, 0.1085, 18.12
10.18, 0.1090, 18.11
10.19, 0.1095, 18.10
10.20, 0.1100, 18.08
10.21, 0.1105, 18.06
10.22, 0.1110, 18.02
10.23, 0.1115, 18.03
10.24, 0.1120, 18.01
10.25, 0.1125, 17.99
10.26, 0.1130, 17.94
10.27, 0.1135, 17.94
10.28, 0.1140, 17.92
10.29, 0.1145, 17.87
10.30, 0.1150, 17.86
10.31, 0.1155, 17.86
10.32, 0.1160, 17.84
10.33, 0.1165, 17.80
10.34, 0.1170, 17.78
10.35, 0.1175, 17.76
10.36, 0.1180, 17.77
10.37, 0.1185, 17.75
10.38, 0.1190, 17.73
10.39, 0.1195, 17.73
10.40, 0.1200, 17.72
10.41, 0.1205, 17.74
10.42, 0.1210, 17.70
10.43, 0.1215, 17.68
10.44, 0.1220, 17.66
10.45, 0.1225, 17.62
10.46, 0.1230, 17.60
10.47, 0.1235, 17.61
10.48, 0.1240, 17.58
10.49, 0.1245, 17.57
10.50, 0.1250, 17.54
10.51, 0.1255, 17.51
10.52, 0.1260, 17.50
10.53, 0.1265, 17.45
10.54, 0.1270, 17.43
10.55, 0.1275, 17.43
10.56, 0.1280, 17.39
10.57, 0.1285, 17.35
10.58, 0.1290, 17.31
10.59, 0.1295, 17.28
10.60, 0.1300, 17.26
10.61, 0.1305, 17.26
10.62, 0.1310, 17.22
10.63, 0.1315, 17.20
10.64, 0.1320, 17.18
10.65, 0.1325, 17.15
10.66, 0.1330, 17.11
10.67, 0.1335, 17.10
10.68, 0.1340, 17.03
10.69, 0.1345, 17.04
10.70, 0.1350, 17.03
10.71, 0.1355, 16.98
10.72, 0.1360, 17.01
10.73, 0.1365, 16.97
10.74, 0.1370, 16.94
10.75, 0.1375, 16.91
10.76, 0.1380, 16.89
10.77, 0.1385, 16.90
10.78, 0.1390, 16.89
10.79, 0.1395, 16.88
10.80, 0.1400, 16.88
10.81, 0.1405, 16.89
10.82, 0.1410, 16.89
10.83, 0.1415, 16.85
10.84, 0.1420, 16.84
10.85, 0.1425, 16.86
10.86, 0.1430, 16.85
10.87, 0.1435, 16.84
10.88, 0.1440, 16.79
10.89, 0.1445, 16.78
10.90, 0.1450, 16.75
10.91, 0.1455, 16.74
10.92, 0.1460, 16.75
10.93, 0.1465, 16.74
10.94, 0.1470, 16.71
10.95, 0.1475, 16.66
10.96, 0.1480, 16.66
10.97, 0.1485, 16.65
10.98, 0.1490, 16.63
10.99, 0.1495, 16.62
11.00, 0.1500, 16.61
11.01, 0.1505, 16.58
11.02, 0.1510, 16.56
11.03, 0.1515, 16.56
11.04, 0.1520, 16.54
11.05, 0.1525, 16.52
11.06, 0.1530, 16.54
11.07, 0.1535, 16.50
11.08, 0.1540, 16.49
11.09, 0.1545, 16.47
11.10, 0.1550, 16.44
11.11, 0.1555, 16.43
11.12, 0.1560, 16.42
11.13, 0.1565, 16.40
11.14, 0.1570, 16.41
11.15, 0.1575, 16.37
11.16, 0.1580, 16.40
11.17, 0.1585, 16.39
11.18, 0.1590, 16.36
11.19, 0.1595, 16.36
11.20, 0.1600, 16.38
11.21, 0.1605, 16.40
11.22, 0.1610, 16.41
11.23, 0.1615, 16.39
11.24, 0.1620, 16.42
11.25, 0.1625, 16.40
11.26, 0.1630, 16.39
11.27, 0.1635, 16.37
11.28, 0.1640, 16.41
11.29, 0.1645, 16.38
11.30, 0.1650, 16.39
11.31, 0.1655, 16.37
11.32, 0.1660, 16.38
11.33, 0.1665, 16.37
11.34, 0.1670, 16.33
11.35, 0.1675, 16.32
11.36, 0.1680, 16.33
11.37, 0.1685, 16.30
11.38, 0.1690, 16.29
11.39, 0.1695, 16.31
11.40, 0.1700, 16.28
11.41, 0.1705, 16.23
11.42, 0.1710, 16.24
11.43, 0.1715, 16.23
11.44, 0.1720, 16.24
11.45, 0.1725, 16.23
11.46, 0.1730, 16.18
11.47, 0.1735, 16.20
11.48, 0.1740, 16.20
11.49, 0.1745, 16.18
11.50, 0.1750, 16.16
11.51, 0.1755, 16.17
11.52, 0.1760, 16.14
11.53, 0.1765, 16.13
11.54, 0.1770, 16.15
11.55, 0.1775, 16.13
11.56, 0.1780, 16.13
11.57, 0.1785, 16.11
11.58, 0.1790, 16.10
11.59, 0.1795, 16.10
11.60, 0.1800, 16.13
11.61, 0.1805, 16.09
11.62, 0.1810, 16.10
11.63, 0.1815, 16.12
11.64, 0.1820, 16.16
11.65, 0.1825, 16.17
11.66, 0.1830, 16.18
11.67, 0.1835, 16.14
11.68, 0.1840, 16.16
11.69, 0.1845, 16.15
11.70, 0.1850, 16.16
11.71, 0.1855, 16.20
11.72, 0.1860, 16.16
11.73, 0.1865, 16.16
11.74, 0.1870, 16.17
11.75, 0.1875, 16.18
11.76, 0.1880, 16.15
11.77, 0.1885, 16.14
11.78, 0.1890, 16.14
11.79, 0.1895, 16.14
11.80, 0.1900, 16.13
11.81, 0.1905, 16.13
11.82, 0.1910, 16.12
11.83, 0.1915, 16.09
11.84, 0.1920, 16.07
11.85, 0.1925, 16.09
11.86, 0.1930, 16.10
11.87, 0.1935, 16.07
11.88, 0.1940, 16.09
11.89, 0.1945, 16.08
11.90, 0.1950, 16.09
11.91, 0.1955, 16.08
11.92, 0.1960, 16.06
11.93, 0.1965, 16.07
11.94, 0.1970, 16.06
11.95, 0.1975, 16.04
11.96, 0.1980, 16.06
11.97, 0.1985, 16.08
11.98, 0.1990, 16.05
11.99, 0.1995, 16.06
12.00, 0.2000, 16.03
12.01, 0.2005, 16.03
12.02, 0.2010, 16.05
12.03, 0.2015, 16.06
12.04, 0.2020, 16.05
12.05, 0.2025, 16.09
12.06, 0.2030, 16.13
12.07, 0.2035, 16.15
12.08, 0.2040, 16.16
12.09, 0.2045, 16.14
12.10, 0.2050, 16.17
12.11, 0.2055, 16.21
12.12, 0.2060, 16.17
12.13, 0.2065, 16.19
12.14, 0.2070, 16.21
12.15, 0.2075, 16.21
12.16, 0.2080, 16.21
12.17, 0.2085, 16.22
12.18, 0.2090, 16.22
12.19, 0.2095, 16.25
12.20, 0.2100, 16.24
12.21, 0.2105, 16.21
12.22, 0.2110, 16.20
12.23, 0.2115, 16.20
12.24, 0.2120, 16.22
12.25, 0.2125, 16.21
12.26, 0.2130, 16.23
12.27, 0.2135, 16.21
12.28, 0.2140, 16.25
12.29, 0.2145, 16.20
12.30, 0.2150, 16.22
12.31, 0.2155, 16.22
12.32, 0.2160, 16.24
12.33, 0.2165, 16.26
12.34, 0.2170, 16.27
12.35, 0.2175, 16.22
12.36, 0.2180, 16.25
12.37, 0.2185, 16.26
12.38, 0.2190, 16.29
12.39, 0.2195, 16.25
12.40, 0.2200, 16.27
12.41, 0.2205, 16.26
12.42, 0.2210, 16.27
12.43, 0.2215, 16.31
12.44, 0.2220, 16.32
12.45, 0.2225, 16.32
12.46, 0.2230, 16.34
12.47, 0.2235, 16.35
12.48, 0.2240, 16.38
12.49, 0.2245, 16.41
12.50, 0.2250, 16.43
12.51, 0.2255, 16.46
12.52, 0.2260, 16.48
12.53, 0.2265, 16.51
12.54, 0.2270, 16.48
12.55, 0.2275, 16.51
12.56, 0.2280, 16.53
12.57, 0.2285, 16.52
12.58, 0.2290, 16.56
12.59, 0.2295, 16.58
12.60, 0.2300, 16.56
12.61, 0.2305, 16.56
12.62, 0.2310, 16.53
12.63, 0.2315, 16.55
12.64, 0.2320, 16.57
12.65, 0.2325, 16.57
12.66, 0.2330, 16.59
12.67, 0.2335, 16.61
12.68, 0.2340, 16.59
12.69, 0.2345, 16.60
12.70, 0.2350, 16.63
12.71, 0.2355, 16.63
12.72, 0.2360, 16.68
12.73, 0.2365, 16.66
12.74, 0.2370, 16.68
12.75, 0.2375, 16.68
12.76, 0.2380, 16.68
12.77, 0.2385, 16.70
12.78, 0.2390, 16.64
12.79, 0.2395, 16.67
12.80, 0.2400, 16.68
12.81, 0.2405, 16.71
12.82, 0.2410, 16.71
12.83, 0.2415, 16.73
12.84, 0.2420, 16.72
12.85, 0.2425, 16.76
12.86, 0.2430, 16.76
12.87, 0.2435, 16.75
12.88, 0.2440, 16.78
12.89, 0.2445, 16.81
12.90, 0.2450, 16.82
12.91, 0.2455, 16.88
12.92, 0.2460, 16.90
12.93, 0.2465, 16.90
12.94, 0.2470, 16.92
12.95, 0.2475, 16.92
12.96, 0.2480, 16.95
12.97, 0.2485, 16.95
12.98, 0.2490, 16.99
12.99, 0.2495, 17.00
13.00, 0.2500, 17.00
13.01, 0.2505, 17.00
13.02, 0.2510, 17.07
13.03, 0.2515, 17.08
13.04, 0.2520, 17.06
13.05, 0.2525, 17.08
13.06, 0.2530, 17.04
13.07, 0.2535, 17.05
13.08, 0.2540, 17.05
13.09, 0.2545, 17.03
13.10, 0.2550, 17.04
13.11, 0.2555, 17.08
13.12, 0.2560, 17.08
13.13, 0.2565, 17.05
13.14, 0.2570, 17.07
13.15, 0.2575, 17.09
13.16, 0.2580, 17.09
13.17, 0.2585, 17.10
13.18, 0.2590, 17.10
13.19, 0.2595, 17.09
13.20, 0.2600, 17.11
13.21, 0.2605, 17.10
13.22, 0.2610, 17.12
13.23, 0.2615, 17.12
13.24, 0.2620, 17.10
13.25, 0.2625, 17.12
13.26, 0.2630, 17.15
13.27, 0.2635, 17.13
13.28, 0.2640, 17.14
13.29, 0.2645, 17.14
13.30, 0.2650, 17.19
13.31, 0.2655, 17.19
13.32, 0.2660, 17.23
13.33, 0.2665, 17.28
13.34, 0.2670, 17.27
13.35, 0.2675, 17.29
13.36, 0.2680, 17.29
13.37, 0.2685, 17.32
13.38, 0.2690, 17.31
13.39, 0.2695, 17.35
13.40, 0.2700, 17.33
13.41, 0.2705, 17.35
13.42, 0.2710, 17.36
13.43, 0.2715, 17.35
13.44, 0.2720, 17.37
13.45, 0.2725, 17.34
13.46, 0.2730, 17.34
13.47, 0.2735, 17.34
13.48, 0.2740, 17.36
13.49, 0.2745, 17.35
13.50, 0.2750, 17.38
13.51, 0.2755, 17.34
13.52, 0.2760, 17.34
13.53, 0.2765, 17.32
13.54, 0.2770, 17.32
13.55, 0.2775, 17.37
13.56, 0.2780, 17.33
13.57, 0.2785, 17.33
13.58, 0.2790, 17.34
13.59, 0.2795, 17.35
13.60, 0.2800, 17.38
13.61, 0.2805, 17.32
13.62, 0.2810, 17.33
13.63, 0.2815, 17.32
13.64, 0.2820, 17.33
13.65, 0.2825, 17.38
13.66, 0.2830, 17.34
13.67, 0.2835, 17.34
13.68, 0.2840, 17.32
13.69, 0.2845, 17.34
13.70, 0.2850, 17.37
13.71, 0.2855, 17.32
13.72, 0.2860, 17.36
13.73, 0.2865, 17.36
13.74, 0.2870, 17.39
13.75, 0.2875, 17.43
13.76, 0.2880, 17.41
13.77, 0.2885, 17.41
13.78, 0.2890, 17.42
13.79, 0.2895, 17.40
13.80, 0.2900, 17.45
13.81, 0.2905, 17.46
13.82, 0.2910, 17.43
13.83, 0.2915, 17.43
13.84, 0.2920, 17.41
13.85, 0.2925, 17.47
13.86, 0.2930, 17.42
13.87, 0.2935, 17.39
13.88, 0.2940, 17.42
13.89, 0.2945, 17.43
13.90, 0.2950, 17.40
13.91, 0.2955, 17.40
13.92, 0.2960, 17.38
13.93, 0.2965, 17.39
13.94, 0.2970, 17.39
13.95, 0.2975, 17.45
13.96, 0.2980, 17.41
13.97, 0.2985, 17.39
13.98, 0.2990, 17.40
13.99, 0.2995, 17.38
14.00, 0.3000, 17.41
14.01, 0.3005, 17.37
14.02, 0.3010, 17.36
14.03, 0.3015, 17.35
14.04, 0.3020, 17.32
14.05, 0.3025, 17.35
14.06, 0.3030, 17.34
14.07, 0.3035, 17.38
14.08, 0.3040, 17.36
14.09, 0.3045, 17.33
14.10, 0.3050, 17.39
14.11, 0.3055, 17.31
14.12, 0.3060, 17.32
14.13, 0.3065, 17.35
14.14, 0.3070, 17.37
14.15, 0.3075, 17.39
14.16, 0.3080, 17.38
14.17, 0.3085, 17.41
14.18, 0.3090, 17.41
14.19, 0.3095, 17.41
14.20, 0.3100, 17.48
14.21, 0.3105, 17.43
14.22, 0.3110, 17.45
14.23, 0.3115, 17.46
14.24, 0.3120, 17.43
14.25, 0.3125, 17.48
14.26, 0.3130, 17.43
14.27, 0.3135, 17.45
14.28, 0.3140, 17.45
14.29, 0.3145, 17.44
14.30, 0.3150, 17.48
14.31, 0.3155, 17.44
14.32, 0.3160, 17.45
14.33, 0.3165, 17.42
14.34, 0.3170, 17.40
14.35, 0.3175, 17.46
14.36, 0.3180, 17.41
14.37, 0.3185, 17.40
14.38, 0.3190, 17.40
14.39, 0.3195, 17.39
14.40, 0.3200, 17.43
14.41, 0.3205, 17.38
14.42, 0.3210, 17.38
14.43, 0.3215, 17.34
14.44, 0.3220, 17.35
14.45, 0.3225, 17.40
14.46, 0.3230, 17.34
14.47, 0.3235, 17.34
14.48, 0.3240, 17.35
14.49, 0.3245, 17.34
14.50, 0.3250, 17.33
14.51, 0.3255, 17.32
14.52, 0.3260, 17.31
14.53, 0.3265, 17.32
14.54, 0.3270, 17.32
14.55, 0.3275, 17.31
14.56, 0.3280, 17.32
14.57, 0.3285, 17.37
14.58, 0.3290, 17.41
14.59, 0.3295, 17.42
14.60, 0.3300, 17.44
14.61, 0.3305, 17.42
14.62, 0.3310, 17.39
14.63, 0.3315, 17.46
14.64, 0.3320, 17.45
14.65, 0.3325, 17.47
14.66, 0.3330, 17.42
14.67, 0.3335, 17.42
14.68, 0.3340, 17.43
14.69, 0.3345, 17.42
14.70, 0.3350, 17.46
14.71, 0.3355, 17.45
14.72, 0.3360, 17.43
14.73, 0.3365, 17.41
14.74, 0.3370, 17.43
14.75, 0.3375, 17.46
14.76, 0.3380, 17.41
14.77, 0.3385, 17.42
14.78, 0.3390, 17.41
14.79, 0.3395, 17.41
14.80, 0.3400, 17.44
14.81, 0.3405, 17.39
14.82, 0.3410, 17.42
14.83, 0.3415, 17.40
14.84, 0.3420, 17.41
14.85, 0.3425, 17.46
14.86, 0.3430, 17.40
14.87, 0.3435, 17.41
14.88, 0.3440, 17.39
14.89, 0.3445, 17.40
14.90, 0.3450, 17.44
14.91, 0.3455, 17.41
14.92, 0.3460, 17.41
14.93, 0.3465, 17.38
14.94, 0.3470, 17.38
14.95, 0.3475, 17.46
14.96, 0.3480, 17.41
14.97, 0.3485, 17.42
14.98, 0.3490, 17.42
14.99, 0.3495, 17.42
15.00, 0.3500, 17.51
15.01, 0.3505, 17.48
15.02, 0.3510, 17.49
15.03, 0.3515, 17.52
15.04, 0.3520, 17.53
15.05, 0.3525, 17.55
15.06, 0.3530, 17.54
15.07, 0.3535, 17.56
15.08, 0.3540, 17.55
15.09, 0.3545, 17.55
15.10, 0.3550, 17.62
15.11, 0.3555, 17.56
15.12, 0.3560, 17.55
15.13, 0.3565, 17.66
15.14, 0.3570, 17.60
15.15, 0.3575, 17.60
15.16, 0.3580, 17.57
15.17, 0.3585, 17.53
15.18, 0.3590, 17.58
15.19, 0.3595, 17.59
15.20, 0.3600, 17.67
15.21, 0.3605, 17.56
15.22, 0.3610, 17.57
15.23, 0.3615, 17.57
15.24, 0.3620, 17.55
15.25, 0.3625, 17.59
15.26, 0.3630, 17.60
15.27, 0.3635, 17.60
15.28, 0.3640, 17.58
15.29, 0.3645, 17.59
15.30, 0.3650, 17.59
15.31, 0.3655, 17.60
15.32, 0.3660, 17.61
15.33, 0.3665, 17.60
15.34, 0.3670, 17.59
15.35, 0.3675, 17.60
15.36, 0.3680, 17.61
15.37, 0.3685, 17.64
15.38, 0.3690, 17.64
15.39, 0.3695, 17.64
15.40, 0.3700, 17.66
15.41, 0.3705, 17.68
15.42, 0.3710, 17.72
15.43, 0.3715, 17.80
15.44, 0.3720, 17.78
15.45, 0.3725, 17.81
15.46, 0.3730, 17.81
15.47, 0.3735, 17.83
15.48, 0.3740, 17.83
15.49, 0.3745, 17.86
15.50, 0.3750, 17.87
15.51, 0.3755, 17.86
15.52, 0.3760, 17.88
15.53, 0.3765, 17.89
15.54, 0.3770, 17.89
15.55, 0.3775, 17.91
15.56, 0.3780, 17.93
15.57, 0.3785, 17.89
15.58, 0.3790, 17.93
15.59, 0.3795, 17.93
15.60, 0.3800, 17.96
15.61, 0.3805, 17.90
15.62, 0.3810, 17.93
15.63, 0.3815, 17.96
15.64, 0.3820, 18.00
15.65, 0.3825, 18.02
15.66, 0.3830, 17.97
15.67, 0.3835, 17.97
15.68, 0.3840, 18.00
15.69, 0.3845, 18.00
15.70, 0.3850, 18.04
15.71, 0.3855, 18.01
15.72, 0.3860, 17.98
15.73, 0.3865, 18.02
15.74, 0.3870, 18.03
15.75, 0.3875, 18.01
15.76, 0.3880, 18.06
15.77, 0.3885, 18.07
15.78, 0.3890, 18.07
15.79, 0.3895, 18.08
15.80, 0.3900, 18.09
15.81, 0.3905, 18.11
15.82, 0.3910, 18.11
15.83, 0.3915, 18.15
15.84, 0.3920, 18.22
15.85, 0.3925, 18.25
15.86, 0.3930, 18.25
15.87, 0.3935, 18.28
15.88, 0.3940, 18.33
15.89, 0.3945, 18.34
15.90, 0.3950, 18.38
15.91, 0.3955, 18.36
15.92, 0.3960, 18.35
15.93, 0.3965, 18.37
15.94, 0.3970, 18.41
15.95, 0.3975, 18.43
15.96, 0.3980, 18.43
15.97, 0.3985, 18.43
15.98, 0.3990, 18.44
15.99, 0.3995, 18.49
16.00, 0.4000, 18.48
16.01, 0.3995, 18.15
16.02, 0.3990, 17.81
16.03, 0.3985, 17.57
16.04, 0.3980, 17.33
16.05, 0.3975, 17.14
16.06, 0.3970, 16.88
16.07, 0.3965, 16.66
16.08, 0.3960, 16.45
16.09, 0.3955, 16.26
16.10, 0.3950, 16.09
16.11, 0.3945, 15.88
16.12, 0.3940, 15.70
16.13, 0.3935, 15.56
16.14, 0.3930, 15.41
16.15, 0.3925, 15.27
16.16, 0.3920, 15.12
16.17, 0.3915, 14.89
16.18, 0.3910, 14.74
16.19, 0.3905, 14.61
16.20, 0.3900, 14.48
16.21, 0.3895, 14.35
16.22, 0.3890, 14.26
16.23, 0.3885, 14.02
16.24, 0.3880, 13.88
16.25, 0.3875, 13.79
16.26, 0.3870, 13.61
16.27, 0.3865, 13.44
16.28, 0.3860, 13.30
16.29, 0.3855, 13.16
16.30, 0.3850, 13.03
16.31, 0.3845, 12.90
16.32, 0.3840, 12.77
16.33, 0.3835, 12.64
16.34, 0.3830, 12.51
16.35, 0.3825, 12.41
16.36, 0.3820, 12.28
16.37, 0.3815, 12.16
16.38, 0.3810, 12.06
16.39, 0.3805, 11.95
16.40, 0.3800, 11.85
16.41, 0.3795, 11.76
16.42, 0.3790, 11.64
16.43, 0.3785, 11.56
16.44, 0.3780, 11.45
16.45, 0.3775, 11.39
16.46, 0.3770, 11.26
16.47, 0.3765, 11.16
16.48, 0.3760, 11.07
16.49, 0.3755, 10.99
16.50, 0.3750, 10.87
16.51, 0.3745, 10.81
16.52, 0.3740, 10.72
16.53, 0.3735, 10.64
16.54, 0.3730, 10.53
16.55, 0.3725, 10.46
16.56, 0.3720, 10.36
16.57, 0.3715, 10.27
16.58, 0.3710, 10.17
16.59, 0.3705, 10.09
16.60, 0.3700, 9.998
16.61, 0.3695, 9.908
16.62, 0.3690, 9.824
16.63, 0.3685, 9.789
16.64, 0.3680, 9.714
16.65, 0.3675, 9.613
16.66, 0.3670, 9.570
16.67, 0.3665, 9.423
16.68, 0.3660, 9.349
16.69, 0.3655, 9.278
16.70, 0.3650, 9.157
16.71, 0.3645, 9.042
16.72, 0.3640, 8.955
16.73, 0.3635, 8.949
16.74, 0.3630, 8.832
16.75, 0.3625, 8.734
16.76, 0.3620, 8.635
16.77, 0.3615, 8.626
16.78, 0.3610, 8.536
16.79, 0.3605, 8.438
16.80, 0.3600, 8.391
16.81, 0.3595, 8.312
16.82, 0.3590, 8.263
16.83, 0.3585, 8.226
16.84, 0.3580, 8.160
16.85, 0.3575, 8.112
16.86, 0.3570, 8.018
16.87, 0.3565, 7.943
16.88, 0.3560, 7.921
16.89, 0.3555, 7.851
16.90, 0.3550, 7.796
16.91, 0.3545, 7.749
16.92, 0.3540, 7.684
16.93, 0.3535, 7.668
16.94, 0.3530, 7.611
16.95, 0.3525, 7.548
16.96, 0.3520, 7.429
16.97, 0.3515, 7.421
16.98, 0.3510, 7.402
16.99, 0.3505, 7.291
17.00, 0.3500, 7.303
17.01, 0.3495, 7.217
17.02, 0.3490, 7.182
17.03, 0.3485, 7.127
17.04, 0.3480, 7.055
17.05, 0.3475, 7.026
17.06, 0.3470, 6.946
17.07, 0.3465, 6.896
17.08, 0.3460, 6.894
17.09, 0.3455, 6.817
17.10, 0.3450, 6.727
17.11, 0.3445, 6.663
17.12, 0.3440, 6.601
17.13, 0.3435, 6.533
17.14, 0.3430, 6.470
17.15, 0.3425, 6.444
17.16, 0.3420, 6.359
17.17, 0.3415, 6.317
17.18, 0.3410, 6.278
17.19, 0.3405, 6.199
17.20, 0.3400, 6.204
17.21, 0.3395, 6.144
17.22, 0.3390, 6.098
17.23, 0.3385, 6.036
17.24, 0.3380, 6.016
17.25, 0.3375, 6.008
17.26, 0.3370, 5.921
17.27, 0.3365, 5.894
17.28, 0.3360, 5.891
17.29, 0.3355, 5.847
17.30, 0.3350, 5.821
17.31, 0.3345, 5.797
17.32, 0.3340, 5.715
17.33, 0.3335, 5.717
17.34, 0.3330, 5.652
17.35, 0.3325, 5.637
17.36, 0.3320, 5.605
17.37, 0.3315, 5.640
17.38, 0.3310, 5.611
17.39, 0.3305, 5.484
17.40, 0.3300, 5.468
17.41, 0.3295, 5.442
17.42, 0.3290, 5.386
17.43, 0.3285, 5.333
17.44, 0.3280, 5.344
17.45, 0.3275, 5.293
17.46, 0.3270, 5.283
17.47, 0.3265, 5.254
17.48, 0.3260, 5.234
17.49, 0.3255, 5.196
17.50, 0.3250, 5.144
17.51, 0.3245, 5.076
17.52, 0.3240, 5.066
17.53, 0.3235, 5.007
17.54, 0.3230, 4.952
17.55, 0.3225, 4.938
17.56, 0.3220, 4.887
17.57, 0.3215, 4.843
17.58, 0.3210, 4.809
17.59, 0.3205, 4.782
17.60, 0.3200, 4.739
17.61, 0.3195, 4.709
17.62, 0.3190, 4.704
17.63, 0.3185, 4.650
17.64, 0.3180, 4.623
17.65, 0.3175, 4.587
17.66, 0.3170, 4.600
17.67, 0.3165, 4.570
17.68, 0.3160, 4.532
17.69, 0.3155, 4.498
17.70, 0.3150, 4.503
17.71, 0.3145, 4.478
17.72, 0.3140, 4.435
17.73, 0.3135, 4.427
17.74, 0.3130, 4.366
17.75, 0.3125, 4.367
17.76, 0.3120, 4.321
17.77, 0.3115, 4.325
17.78, 0.3110, 4.294
17.79, 0.3105, 4.262
17.80, 0.3100, 4.216
17.81, 0.3095, 4.201
17.82, 0.3090, 4.203
17.83, 0.3085, 4.203
17.84, 0.3080, 4.164
17.85, 0.3075, 4.155
17.86, 0.3070, 4.101
17.87, 0.3065, 4.107
17.88, 0.3060, 4.097
17.89, 0.3055, 4.076
17.90, 0.3050, 4.042
17.91, 0.3045, 4.043
17.92, 0.3040, 3.993
17.93, 0.3035, 3.965
17.94, 0.3030, 3.916
17.95, 0.3025, 3.899
17.96, 0.3020, 3.870
17.97, 0.3015, 3.832
17.98, 0.3010, 3.827
17.99, 0.3005, 3.768
18.00, 0.3000, 3.705
18.01, 0.2995, 3.691
18.02, 0.2990, 3.659
18.03, 0.2985, 3.714
18.04, 0.2980, 3.623
18.05, 0.2975, 3.612
18.06, 0.2970, 3.593
18.07, 0.2965, 3.575
18.08, 0.2960, 3.610
18.09, 0.2955, 3.568
18.10, 0.2950, 3.508
18.11, 0.2945, 3.487
18.12, 0.2940, 3.508
18.13, 0.2935, 3.490
18.14, 0.2930, 3.473
18.15, 0.2925, 3.472
18.16, 0.2920, 3.427
18.17, 0.2915, 3.410
18.18, 0.2910, 3.430
18.19, 0.2905, 3.389
18.20, 0.2900, 3.390
18.21, 0.2895, 3.365
18.22, 0.2890, 3.358
18.23, 0.2885, 3.369
18.24, 0.2880, 3.349
18.25, 0.2875, 3.337
18.26, 0.2870, 3.400
18.27, 0.2865, 3.285
18.28, 0.2860, 3.294
18.29, 0.2855, 3.270
18.30, 0.2850, 3.263
18.31, 0.2845, 3.236
18.32, 0.2840, 3.223
18.33, 0.2835, 3.219
18.34, 0.2830, 3.219
18.35, 0.2825, 3.206
18.36, 0.2820, 3.116
18.37, 0.2815, 3.076
18.38, 0.2810, 3.075
18.39, 0.2805, 3.027
18.40, 0.2800, 2.975
18.41, 0.2795, 2.963
18.42, 0.2790, 2.958
18.43, 0.2785, 2.965
18.44, 0.2780, 2.917
18.45, 0.2775, 2.942
18.46, 0.2770, 2.957
18.47, 0.2765, 2.863
18.48, 0.2760, 2.860
18.49, 0.2755, 2.849
18.50, 0.2750, 2.830
18.51, 0.2745, 2.814
18.52, 0.2740, 2.809
18.53, 0.2735, 2.811
18.54, 0.2730, 2.800
18.55, 0.2725, 2.801
18.56, 0.2720, 2.795
18.57, 0.2715, 2.748
18.58, 0.2710, 2.733
18.59, 0.2705, 2.747
18.60, 0.2700, 2.760
18.61, 0.2695, 2.746
18.62, 0.2690, 2.724
18.63, 0.2685, 2.716
18.64, 0.2680, 2.722
18.65, 0.2675, 2.711
18.66, 0.2670, 2.690
18.67, 0.2665, 2.684
18.68, 0.2660, 2.696
18.69, 0.2655, 2.628
18.70, 0.2650, 2.653
18.71, 0.2645, 2.637
18.72, 0.2640, 2.631
18.73, 0.2635, 2.633
18.74, 0.2630, 2.559
18.75, 0.2625, 2.586
18.76, 0.2620, 2.563
18.77, 0.2615, 2.526
18.78, 0.2610, 2.535
18.79, 0.2605, 2.436
18.80, 0.2600, 2.421
18.81, 0.2595, 2.422
18.82, 0.2590, 2.420
18.83, 0.2585, 2.397
18.84, 0.2580, 2.369
18.85, 0.2575, 2.366
18.86, 0.2570, 2.343
18.87, 0.2565, 2.336
18.88, 0.2560, 2.319
18.89, 0.2555, 2.300
18.90, 0.2550, 2.255
18.91, 0.2545, 2.276
18.92, 0.2540, 2.265
18.93, 0.2535, 2.257
18.94, 0.2530, 2.220
18.95, 0.2525, 2.232
18.96, 0.2520, 2.232
18.97, 0.2515, 2.221
18.98, 0.2510, 2.215
18.99, 0.2505, 2.202
19.00, 0.2500, 2.183
19.01, 0.2495, 2.174
19.02, 0.2490, 2.176
19.03, 0.2485, 2.158
19.04, 0.2480, 2.153
19.05, 0.2475, 2.210
19.06, 0.2470, 2.216
19.07, 0.2465, 2.159
19.08, 0.2460, 2.151
19.09, 0.2455, 2.101
19.10, 0.2450, 2.078
19.11, 0.2445, 2.090
19.12, 0.2440, 2.093
19.13, 0.2435, 2.065
19.14, 0.2430, 2.037
19.15, 0.2425, 2.063
19.16, 0.2420, 2.028
19.17, 0.2415, 2.023
19.18, 0.2410, 2.071
19.19, 0.2405, 2.018
19.20, 0.2400, 1.970
19.21, 0.2395, 1.910
19.22, 0.2390, 1.927
19.23, 0.2385, 1.969
19.24, 0.2380, 1.884
19.25, 0.2375, 1.867
19.26, 0.2370, 1.830
19.27, 0.2365, 1.798
19.28, 0.2360, 1.880
19.29, 0.2355, 1.763
19.30, 0.2350, 1.770
19.31, 0.2345, 1.732
19.32, 0.2340, 1.767
19.33, 0.2335, 1.788
19.34, 0.2330, 1.730
19.35, 0.2325, 1.701
19.36, 0.2320, 1.680
19.37, 0.2315, 1.704
19.38, 0.2310, 1.726
19.39, 0.2305, 1.683
19.40, 0.2300, 1.692
19.41, 0.2295, 1.668
19.42, 0.2290, 1.678
19.43, 0.2285, 1.707
19.44, 0.2280, 1.636
19.45, 0.2275, 1.567
19.46, 0.2270, 1.813
19.47, 0.2265, 1.636
19.48, 0.2260, 1.658
19.49, 0.2255, 1.639
19.50, 0.2250, 1.622
19.51, 0.2245, 1.600
19.52, 0.2240, 1.600
19.53, 0.2235, 1.649
19.54, 0.2230, 1.591
19.55, 0.2225, 1.603
19.56, 0.2220, 1.575
19.57, 0.2215, 1.552
19.58, 0.2210, 1.598
19.59, 0.2205, 1.531
19.60, 0.2200, 1.521
19.61, 0.2195, 1.475
19.62, 0.2190, 1.473
19.63, 0.2185, 1.479
19.64, 0.2180, 1.416
19.65, 0.2175, 1.413
19.66, 0.2170, 1.374
19.67, 0.2165, 1.331
19.68, 0.2160, 1.378
19.69, 0.2155, 1.312
19.70, 0.2150, 1.300
19.71, 0.2145, 1.288
19.72, 0.2140, 1.261
19.73, 0.2135, 1.332
19.74, 0.2130, 1.256
19.75, 0.2125, 1.254
19.76, 0.2120, 1.244
19.77, 0.2115, 1.247
19.78, 0.2110, 1.263
19.79, 0.2105, 1.219
19.80, 0.2100, 1.213
19.81, 0.2095, 1.201
19.82, 0.2090, 1.186
19.83, 0.2085, 1.236
19.84, 0.2080, 1.202
19.85, 0.2075, 1.200
19.86, 0.2070, 1.215
19.87, 0.2065, 1.206
19.88, 0.2060, 1.149
19.89, 0.2055, 1.185
19.90, 0.2050, 1.139
19.91, 0.2045, 1.123
19.92, 0.2040, 1.116
19.93, 0.2035, 1.141
19.94, 0.2030, 1.110
19.95, 0.2025, 1.084
19.96, 0.2020, 1.067
19.97, 0.2015, 1.061
19.98, 0.2010, 1.108
19.99, 0.2005, 1.043
20.00, 0.2000, 1.057
20.01, 0.1995, 1.027
20.02, 0.1990, 1.014
20.03, 0.1985, 1.049
20.04, 0.1980, 0.9506
20.05, 0.1975, 1.029
20.06, 0.1970, 0.9546
20.07, 0.1965, 0.8460
20.08, 0.1960, 0.8708
20.09, 0.1955, 0.8451
20.10, 0.1950, 0.8513
20.11, 0.1945, 0.8068
20.12, 0.1940, 0.8154
20.13, 0.1935, 0.8285
20.14, 0.1930, 0.7743
20.15, 0.1925, 0.7519
20.16, 0.1920, 0.7311
20.17, 0.1915, 0.7117
20.18, 0.1910, 0.7524
20.19, 0.1905, 0.6733
20.20, 0.1900, 0.7618
20.21, 0.1895, 0.7443
20.22, 0.1890, 0.6772
20.23, 0.1885, 0.7395
20.24, 0.1880, 0.6430
20.25, 0.1875, 0.6272
20.26, 0.1870, 0.6167
20.27, 0.1865, 0.6507
20.28, 0.1860, 0.6476
20.29, 0.1855, 0.6228
20.30, 0.1850, 0.6192
20.31, 0.1845, 0.6001
20.32, 0.1840, 0.5957
20.33, 0.1835, 0.6213
20.34, 0.1830, 0.5757
20.35, 0.1825, 0.6033
20.36, 0.1820, 0.5594
20.37, 0.1815, 0.5686
20.38, 0.1810, 0.5656
20.39, 0.1805, 0.5428
20.40, 0.1800, 0.5052
20.41, 0.1795, 0.5291
20.42, 0.1790, 0.5032
20.43, 0.1785, 0.6041
20.44, 0.1780, 0.4871
20.45, 0.1775, 0.4403
20.46, 0.1770, 0.4336
20.47, 0.1765, 0.4097
20.48, 0.1760, 0.3669
20.49, 0.1755, 0.3588
20.50, 0.1750, 0.2954
20.51, 0.1745, 0.3018
20.52, 0.1740, 0.2814
20.53, 0.1735, 0.2956
20.54, 0.1730, 0.2534
20.55, 0.1725, 0.2579
20.56, 0.1720, 0.2214
20.57, 0.1715, 0.1998
20.58, 0.1710, 0.2403
20.59, 0.1705, 0.1811
20.60, 0.1700, 0.1883
20.61, 0.1695, 0.1693
20.62, 0.1690, 0.1707
20.63, 0.1685, 0.1810
20.64, 0.1680, 0.1729
20.65, 0.1675, 0.1415
20.66, 0.1670, 0.1323
20.67, 0.1665, 0.1455
20.68, 0.1660, 0.1832
20.69, 0.1655, 0.1639
20.70, 0.1650, 0.1390
20.71, 0.1645, 0.1011
20.72, 0.1640, 0.1156
20.73, 0.1635, 0.1349
20.74, 0.1630, 0.1045
20.75, 0.1625, 0.04016
20.76, 0.1620, 0.1102
20.77, 0.1615, 0.1423
20.78, 0.1610, 0.1114
20.79, 0.1605, 0.03576
20.80, 0.1600, 0.001275
20.81, 0.1595, 0.0006470
20.82, 0.1590, -0.005195
20.83, 0.1585, 0.02513
20.84, 0.1580, -0.008502
20.85, 0.1575, -0.06100
20.86, 0.1570, -0.05887
20.87, 0.1565, -0.06538
20.88, 0.1560, -0.05358
20.89, 0.1555, -0.1382
20.90, 0.1550, -0.1225
20.91, 0.1545, -0.2222
20.92, 0.1540, -0.2447
20.93, 0.1535, -0.2062
20.94, 0.1530, -0.2130
20.95, 0.1525, -0.2522
20.96, 0.1520, -0.2904
20.97, 0.1515, -0.2700
20.98, 0.1510, -0.2877
20.99, 0.1505, -0.2833
21.00, 0.1500, -0.3062
21.01, 0.1495, -0.2983
21.02, 0.1490, -0.3373
21.03, 0.1485, -0.3390
21.04, 0.1480, -0.3371
21.05, 0.1475, -0.3826
21.06, 0.1470, -0.3583
21.07, 0.1465, -0.3647
21.08, 0.1460, -0.3764
21.09, 0.1455, -0.3822
21.10, 0.1450, -0.3799
21.11, 0.1445, -0.3830
21.12, 0.1440, -0.4062
21.13, 0.1435, -0.4069
21.14, 0.1430, -0.4210
21.15, 0.1425, -0.4232
21.16, 0.1420, -0.4040
21.17, 0.1415, -0.4453
21.18, 0.1410, -0.4519
21.19, 0.1405, -0.4499
21.20, 0.1400, -0.4549
21.21, 0.1395, -0.4695
21.22, 0.1390, -0.4645
21.23, 0.1385, -0.4846
21.24, 0.1380, -0.4684
21.25, 0.1375, -0.4819
21.26, 0.1370, -0.5142
21.27, 0.1365, -0.5052
21.28, 0.1360, -0.5010
21.29, 0.1355, -0.5305
21.30, 0.1350, -0.5700
21.31, 0.1345, -0.5578
21.32, 0.1340, -0.5965
21.33, 0.1335, -0.6558
21.34, 0.1330, -0.6968
21.35, 0.1325, -0.7089
21.36, 0.1320, -0.7030
21.37, 0.1315, -0.7326
21.38, 0.1310, -0.7287
21.39, 0.1305, -0.7275
21.40, 0.1300, -0.7367
21.41, 0.1295, -0.7637
21.42, 0.1290, -0.7835
21.43, 0.1285, -0.8331
21.44, 0.1280, -0.8057
21.45, 0.1275, -0.8151
21.46, 0.1270, -0.8059
21.47, 0.1265, -0.8069
21.48, 0.1260, -0.8269
21.49, 0.1255, -0.8854
21.50, 0.1250, -0.8514
21.51, 0.1245, -0.8562
21.52, 0.1240, -0.8689
21.53, 0.1235, -0.8585
21.54, 0.1230, -0.8842
21.55, 0.1225, -0.8999
21.56, 0.1220, -0.8655
21.57, 0.1215, -0.8983
21.58, 0.1210, -0.8615
21.59, 0.1205, -0.9083
21.60, 0.1200, -0.9040
21.61, 0.1195, -0.9095
21.62, 0.1190, -0.9297
21.63, 0.1185, -0.9103
21.64, 0.1180, -0.9190
21.65, 0.1175, -0.9297
21.66, 0.1170, -0.9636
21.67, 0.1165, -0.9284
21.68, 0.1160, -0.9516
21.69, 0.1155, -0.9663
21.70, 0.1150, -0.9752
21.71, 0.1145, -0.9757
21.72, 0.1140, -1.014
21.73, 0.1135, -0.9965
21.74, 0.1130, -1.010
21.75, 0.1125, -1.088
21.76, 0.1120, -1.109
21.77, 0.1115, -1.139
21.78, 0.1110, -1.081
21.79, 0.1105, -1.167
21.80, 0.1100, -1.187
21.81, 0.1095, -1.157
21.82, 0.1090, -1.188
21.83, 0.1085, -1.156
21.84, 0.1080, -1.219
21.85, 0.1075, -1.234
21.86, 0.1070, -1.238
21.87, 0.1065, -1.245
21.88, 0.1060, -1.268
21.89, 0.1055, -1.237
21.90, 0.1050, -1.246
21.91, 0.1045, -1.256
21.92, 0.1040, -1.266
21.93, 0.1035, -1.224
21.94, 0.1030, -1.275
21.95, 0.1025, -1.267
21.96, 0.1020, -1.305
21.97, 0.1015, -1.282
21.98, 0.1010, -1.289
21.99, 0.1005, -1.299
22.00, 0.1000, -1.324
22.01, 0.09950, -1.315
22.02, 0.09900, -1.314
22.03, 0.09850, -1.285
22.04, 0.09800, -1.332
22.05, 0.09750, -1.342
22.06, 0.09700, -1.346
22.07, 0.09650, -1.343
22.08, 0.09600, -1.351
22.09, 0.09550, -1.350
22.10, 0.09500, -1.375
22.11, 0.09450, -1.380
22.12, 0.09400, -1.392
22.13, 0.09350, -1.358
22.14, 0.09300, -1.427
22.15, 0.09250, -1.482
22.16, 0.09200, -1.506
22.17, 0.09150, -1.541
22.18, 0.09100, -1.505
22.19, 0.09050, -1.547
22.20, 0.09000, -1.570
22.21, 0.08950, -1.574
22.22, 0.08900, -1.593
22.23, 0.08850, -1.550
22.24, 0.08800, -1.565
22.25, 0.08750, -1.642
22.26, 0.08700, -1.613
22.27, 0.08650, -1.624
22.28, 0.08600, -1.600
22.29, 0.08550, -1.642
22.30, 0.08500, -1.701
22.31, 0.08450, -1.690
22.32, 0.08400, -1.694
22.33, 0.08350, -1.672
22.34, 0.08300, -1.687
22.35, 0.08250, -1.687
22.36, 0.08200, -1.734
22.37, 0.08150, -1.732
22.38, 0.08100, -1.668
22.39, 0.08050, -1.736
22.40, 0.08000, -1.740
22.41, 0.07950, -1.749
22.42, 0.07900, -1.742
22.43, 0.07850, -1.737
22.44, 0.07800, -1.750
22.45, 0.07750, -1.729
22.46, 0.07700, -1.772
22.47, 0.07650, -1.787
22.48, 0.07600, -1.737
22.49, 0.07550, -1.801
22.50, 0.07500, -1.765
22.51, 0.07450, -1.817
22.52, 0.07400, -1.842
22.53, 0.07350, -1.790
22.54, 0.07300, -1.827
22.55, 0.07250, -1.821
22.56, 0.07200, -1.876
22.57, 0.07150, -1.921
22.58, 0.07100, -1.970
22.59, 0.07050, -2.007
22.60, 0.07000, -2.005
22.61, 0.06950, -1.997
22.62, 0.06900, -2.005
22.63, 0.06850, -2.080
22.64, 0.06800, -2.071
22.65, 0.06750, -2.111
22.66, 0.06700, -2.134
22.67, 0.06650, -2.095
22.68, 0.06600, -2.165
22.69, 0.06550, -2.153
22.70, 0.06500, -2.147
22.71, 0.06450, -2.152
22.72, 0.06400, -2.190
22.73, 0.06350, -2.206
22.74, 0.06300, -2.225
22.75, 0.06250, -2.235
22.76, 0.06200, -2.242
22.77, 0.06150, -2.249
22.78, 0.06100, -2.303
22.79, 0.06050, -2.269
22.80, 0.06000, -2.303
22.81, 0.05950, -2.309
22.82, 0.05900, -2.320
22.83, 0.05850, -2.275
22.84, 0.05800, -2.334
22.85, 0.05750, -2.382
22.86, 0.05700, -2.366
22.87, 0.05650, -2.377
22.88, 0.05600, -2.401
22.89, 0.05550, -2.405
22.90, 0.05500, -2.466
22.91, 0.05450, -2.432
22.92, 0.05400, -2.441
22.93, 0.05350, -2.454
22.94, 0.05300, -2.508
22.95, 0.05250, -2.495
22.96, 0.05200, -2.548
22.97, 0.05150, -2.537
22.98, 0.05100, -2.589
22.99, 0.05050, -2.629
23.00, 0.05000, -2.661
23.01, 0.04950, -2.753
23.02, 0.04900, -2.756
23.03, 0.04850, -2.699
23.04, 0.04800, -2.791
23.05, 0.04750, -2.847
23.06, 0.04700, -2.911
23.07, 0.04650, -2.915
23.08, 0.04600, -2.932
23.09, 0.04550, -2.964
23.10, 0.04500, -2.993
23.11, 0.04450, -3.004
23.12, 0.04400, -3.040
23.13, 0.04350, -3.053
23.14, 0.04300, -3.082
23.15, 0.04250, -3.077
23.16, 0.04200, -3.046
23.17, 0.04150, -3.181
23.18, 0.04100, -3.213
23.19, 0.04050, -3.231
23.20, 0.04000, -3.275
23.21, 0.03950, -3.324
23.22, 0.03900, -3.303
23.23, 0.03850, -3.315
23.24, 0.03800, -3.371
23.25, 0.03750, -3.411
23.26, 0.03700, -3.421
23.27, 0.03650, -3.445
23.28, 0.03600, -3.455
23.29, 0.03550, -3.495
23.30, 0.03500, -3.456
23.31, 0.03450, -3.564
23.32, 0.03400, -3.642
23.33, 0.03350, -3.596
23.34, 0.03300, -3.674
23.35, 0.03250, -3.686
23.36, 0.03200, -3.755
23.37, 0.03150, -3.807
23.38, 0.03100, -3.842
23.39, 0.03050, -3.858
23.40, 0.03000, -3.928
23.41, 0.02950, -3.977
23.42, 0.02900, -4.049
23.43, 0.02850, -4.093
23.44, 0.02800, -4.120
23.45, 0.02750, -4.215
23.46, 0.02700, -4.284
23.47, 0.02650, -4.321
23.48, 0.02600, -4.395
23.49, 0.02550, -4.412
23.50, 0.02500, -4.457
23.51, 0.02450, -4.511
23.52, 0.02400, -4.569
23.53, 0.02350, -4.592
23.54, 0.02300, -4.658
23.55, 0.02250, -4.709
23.56, 0.02200, -4.752
23.57, 0.02150, -4.789
23.58, 0.02100, -4.814
23.59, 0.02050, -4.881
23.60, 0.02000, -4.925
23.61, 0.01950, -4.974
23.62, 0.01900, -5.039
23.63, 0.01850, -5.016
23.64, 0.01800, -5.136
23.65, 0.01750, -5.095
23.66, 0.01700, -5.154
23.67, 0.01650, -5.284
23.68, 0.01600, -5.328
23.69, 0.01550, -5.403
23.70, 0.01500, -5.436
23.71, 0.01450, -5.489
23.72, 0.01400, -5.551
23.73, 0.01350, -5.537
23.74, 0.01300, -5.669
23.75, 0.01250, -5.723
23.76, 0.01200, -5.776
23.77, 0.01150, -5.849
23.78, 0.01100, -5.820
23.79, 0.01050, -5.926
23.80, 0.01000, -6.011
23.81, 0.009500, -6.045
23.82, 0.009000, -6.126
23.83, 0.008500, -6.217
23.84, 0.008000, -6.304
23.85, 0.007500, -6.418
23.86, 0.007000, -6.491
23.87, 0.006500, -6.570
23.88, 0.006000, -6.589
23.89, 0.005500, -6.673
23.90, 0.005000, -6.761
23.91, 0.004500, -6.823
23.92, 0.004000, -6.933
23.93, 0.003500, -6.985
23.94, 0.003000, -7.011
23.95, 0.002500, -7.097
23.96, 0.002000, -7.134
23.97, 0.001500, -7.212
23.98, 0.001000, -7.247
23.99, 0.0005000, -7.370
24.00, 0.000, -7.430
24.01, -0.0005000, -7.510
24.02, -0.001000, -7.503
24.03, -0.001500, -7.526
24.04, -0.002000, -7.684
24.05, -0.002500, -7.764
24.06, -0.003000, -7.833
24.07, -0.003500, -7.920
24.08, -0.004000, -7.898
24.09, -0.004500, -8.050
24.10, -0.005000, -8.078
24.11, -0.005500, -8.179
24.12, -0.006000, -8.223
24.13, -0.006500, -8.261
24.14, -0.007000, -8.379
24.15, -0.007500, -8.475
24.16, -0.008000, -8.518
24.17, -0.008500, -8.544
24.18, -0.009000, -8.557
24.19, -0.009500, -8.703
24.20, -0.01000, -8.761
24.21, -0.01050, -8.847
24.22, -0.01100, -8.894
24.23, -0.01150, -8.947
24.24, -0.01200, -9.025
24.25, -0.01250, -9.176
24.26, -0.01300, -9.292
24.27, -0.01350, -9.320
24.28, -0.01400, -9.423
24.29, -0.01450, -9.483
24.30, -0.01500, -9.590
24.31, -0.01550, -9.688
24.32, -0.01600, -9.778
24.33, -0.01650, -9.743
24.34, -0.01700, -9.919
24.35, -0.01750, -10.02
24.36, -0.01800, -10.09
24.37, -0.01850, -10.18
24.38, -0.01900, -10.16
24.39, -0.01950, -10.32
24.40, -0.02000, -10.39
24.41, -0.02050, -10.46
24.42, -0.02100, -10.49
24.43, -0.02150, -10.49
24.44, -0.02200, -10.68
24.45, -0.02250, -10.74
24.46, -0.02300, -10.80
24.47, -0.02350, -10.82
24.48, -0.02400, -10.82
24.49, -0.02450, -11.02
24.50, -0.02500, -11.06
24.51, -0.02550, -11.16
24.52, -0.02600, -11.21
24.53, -0.02650, -11.25
24.54, -0.02700, -11.38
24.55, -0.02750, -11.42
24.56, -0.02800, -11.49
24.57, -0.02850, -11.58
24.58, -0.02900, -11.61
24.59, -0.02950, -11.70
24.60, -0.03000, -11.76
24.61, -0.03050, -11.85
24.62, -0.03100, -11.93
24.63, -0.03150, -11.94
24.64, -0.03200, -12.03
24.65, -0.03250, -12.14
24.66, -0.03300, -12.21
24.67, -0.03350, -12.31
24.68, -0.03400, -12.38
24.69, -0.03450, -12.50
24.70, -0.03500, -12.54
24.71, -0.03550, -12.69
24.72, -0.03600, -12.75
24.73, -0.03650, -12.79
24.74, -0.03700, -12.91
24.75, -0.03750, -12.90
24.76, -0.03800, -13.05
24.77, -0.03850, -13.15
24.78, -0.03900, -13.15
24.79, -0.03950, -13.26
24.80, -0.04000, -13.34
24.81, -0.04050, -13.38
24.82, -0.04100, -13.44
24.83, -0.04150, -13.49
24.84, -0.04200, -13.57
24.85, -0.04250, -13.63
24.86, -0.04300, -13.68
24.87, -0.04350, -13.77
24.88, -0.04400, -13.78
24.89, -0.04450, -13.86
24.90, -0.04500, -13.94
24.91, -0.04550, -14.02
24.92, -0.04600, -14.06
24.93, -0.04650, -14.08
24.94, -0.04700, -14.19
24.95, -0.04750, -14.21
24.96, -0.04800, -14.28
24.97, -0.04850, -14.37
24.98, -0.04900, -14.37
24.99, -0.04950, -14.48
25.00, -0.05000, -14.51
25.01, -0.05050, -14.56
25.02, -0.05100, -14.64
25.03, -0.05150, -14.67
25.04, -0.05200, -14.71
25.05, -0.05250, -14.78
25.06, -0.05300, -14.84
25.07, -0.05350, -14.91
25.08, -0.05400, -14.95
25.09, -0.05450, -15.02
25.10, -0.05500, -15.14
25.11, -0.05550, -15.19
25.12, -0.05600, -15.26
25.13, -0.05650, -15.33
25.14, -0.05700, -15.39
25.15, -0.05750, -15.44
25.16, -0.05800, -15.49
25.17, -0.05850, -15.52
25.18, -0.05900, -15.57
25.19, -0.05950, -15.67
25.20, -0.06000, -15.69
25.21, -0.06050, -15.76
25.22, -0.06100, -15.80
25.23, -0.06150, -15.83
25.24, -0.06200, -15.89
25.25, -0.06250, -15.91
25.26, -0.06300, -15.94
25.27, -0.06350, -15.98
25.28, -0.06400, -15.99
25.29, -0.06450, -16.05
25.30, -0.06500, -16.10
25.31, -0.06550, -16.06
25.32, -0.06600, -16.17
25.33, -0.06650, -16.17
25.34, -0.06700, -16.23
25.35, -0.06750, -16.25
25.36, -0.06800, -16.28
25.37, -0.06850, -16.30
25.38, -0.06900, -16.36
25.39, -0.06950, -16.41
25.40, -0.07000, -16.41
25.41, -0.07050, -16.42
25.42, -0.07100, -16.42
25.43, -0.07150, -16.48
25.44, -0.07200, -16.49
25.45, -0.07250, -16.51
25.46, -0.07300, -16.55
25.47, -0.07350, -16.53
25.48, -0.07400, -16.59
25.49, -0.07450, -16.58
25.50, -0.07500, -16.65
25.51, -0.07550, -16.64
25.52, -0.07600, -16.68
25.53, -0.07650, -16.73
25.54, -0.07700, -16.75
25.55, -0.07750, -16.77
25.56, -0.07800, -16.80
25.57, -0.07850, -16.81
25.58, -0.07900, -16.83
25.59, -0.07950, -16.88
25.60, -0.08000, -16.88
25.61, -0.08050, -16.86
25.62, -0.08100, -16.86
25.63, -0.08150, -16.87
25.64, -0.08200, -16.89
25.65, -0.08250, -16.88
25.66, -0.08300, -16.86
25.67, -0.08350, -16.85
25.68, -0.08400, -16.79
25.69, -0.08450, -16.84
25.70, -0.08500, -16.86
25.71, -0.08550, -16.84
25.72, -0.08600, -16.83
25.73, -0.08650, -16.77
25.74, -0.08700, -16.79
25.75, -0.08750, -16.77
25.76, -0.08800, -16.80
25.77, -0.08850, -16.76
25.78, -0.08900, -16.74
25.79, -0.08950, -16.77
25.80, -0.09000, -16.75
25.81, -0.09050, -16.74
25.82, -0.09100, -16.69
25.83, -0.09150, -16.70
25.84, -0.09200, -16.68
25.85, -0.09250, -16.63
25.86, -0.09300, -16.60
25.87, -0.09350, -16.60
25.88, -0.09400, -16.55
25.89, -0.09450, -16.56
25.90, -0.09500, -16.53
25.91, -0.09550, -16.50
25.92, -0.09600, -16.50
25.93, -0.09650, -16.47
25.94, -0.09700, -16.46
25.95, -0.09750, -16.52
25.96, -0.09800, -16.46
25.97, -0.09850, -16.44
25.98, -0.09900, -16.46
25.99, -0.09950, -16.45
26.00, -0.1000, -16.45
26.01, -0.1005, -16.39
26.02, -0.1010, -16.34
26.03, -0.1015, -16.33
26.04, -0.1020, -16.31
26.05, -0.1025, -16.27
26.06, -0.1030, -16.23
26.07, -0.1035, -16.20
26.08, -0.1040, -16.18
26.09, -0.1045, -16.16
26.10, -0.1050, -16.12
26.11, -0.1055, -16.09
26.12, -0.1060, -16.02
26.13, -0.1065, -16.01
26.14, -0.1070, -15.98
26.15, -0.1075, -15.91
26.16, -0.1080, -15.89
26.17, -0.1085, -15.84
26.18, -0.1090, -15.82
26.19, -0.1095, -15.77
26.20, -0.1100, -15.72
26.21, -0.1105, -15.72
26.22, -0.1110, -15.65
26.23, -0.1115, -15.58
26.24, -0.1120, -15.60
26.25, -0.1125, -15.56
26.26, -0.1130, -15.53
26.27, -0.1135, -15.48
26.28, -0.1140, -15.42
26.29, -0.1145, -15.40
26.30, -0.1150, -15.33
26.31, -0.1155, -15.30
26.32, -0.1160, -15.27
26.33, -0.1165, -15.22
26.34, -0.1170, -15.19
26.35, -0.1175, -15.14
26.36, -0.1180, -15.18
26.37, -0.1185, -15.16
26.38, -0.1190, -15.07
26.39, -0.1195, -15.08
26.40, -0.1200, -15.04
26.41, -0.1205, -15.03
26.42, -0.1210, -15.02
26.43, -0.1215, -14.93
26.44, -0.1220, -14.92
26.45, -0.1225, -14.92
26.46, -0.1230, -14.84
26.47, -0.1235, -14.82
26.48, -0.1240, -14.78
26.49, -0.1245, -14.74
26.50, -0.1250, -14.73
26.51, -0.1255, -14.68
26.52, -0.1260, -14.62
26.53, -0.1265, -14.60
26.54, -0.1270, -14.54
26.55, -0.1275, -14.40
26.56, -0.1280, -14.37
26.57, -0.1285, -14.47
26.58, -0.1290, -14.39
26.59, -0.1295, -14.38
26.60, -0.1300, -14.21
26.61, -0.1305, -14.23
26.62, -0.1310, -14.24
26.63, -0.1315, -14.21
26.64, -0.1320, -14.19
26.65, -0.1325, -14.17
26.66, -0.1330, -14.13
26.67, -0.1335, -14.06
26.68, -0.1340, -14.03
26.69, -0.1345, -14.00
26.70, -0.1350, -13.97
26.71, -0.1355, -13.92
26.72, -0.1360, -13.90
26.73, -0.1365, -13.86
26.74, -0.1370, -13.81
26.75, -0.1375, -13.78
26.76, -0.1380, -13.71
26.77, -0.1385, -13.76
26.78, -0.1390, -13.73
26.79, -0.1395, -13.69
26.80, -0.1400, -13.66
26.81, -0.1405, -13.64
26.82, -0.1410, -13.63
26.83, -0.1415, -13.62
26.84, -0.1420, -13.64
26.85, -0.1425, -13.61
26.86, -0.1430, -13.56
26.87, -0.1435, -13.53
26.88, -0.1440, -13.52
26.89, -0.1445, -13.50
26.90, -0.1450, -13.45
26.91, -0.1455, -13.39
26.92, -0.1460, -13.38
26.93, -0.1465, -13.33
26.94, -0.1470, -13.33
26.95, -0.1475, -13.30
26.96, -0.1480, -13.25
26.97, -0.1485, -13.25
26.98, -0.1490, -13.16
26.99, -0.1495, -13.16
27.00, -0.1500, -13.10
27.01, -0.1505, -13.08
27.02, -0.1510, -13.05
27.03, -0.1515, -13.02
27.04, -0.1520, -13.03
27.05, -0.1525, -12.99
27.06, -0.1530, -12.97
27.07, -0.1535, -12.94
27.08, -0.1540, -12.93
27.09, -0.1545, -12.89
27.10, -0.1550, -12.85
27.11, -0.1555, -12.81
27.12, -0.1560, -12.80
27.13, -0.1565, -12.74
27.14, -0.1570, -12.74
27.15, -0.1575, -12.72
27.16, -0.1580, -12.66
27.17, -0.1585, -12.63
27.18, -0.1590, -12.60
27.19, -0.1595, -12.63
27.20, -0.1600, -12.64
27.21, -0.1605, -12.62
27.22, -0.1610, -12.61
27.23, -0.1615, -12.63
27.24, -0.1620, -12.60
27.25, -0.1625, -12.62
27.26, -0.1630, -12.59
27.27, -0.1635, -12.57
27.28, -0.1640, -12.52
27.29, -0.1645, -12.55
27.30, -0.1650, -12.50
27.31, -0.1655, -12.49
27.32, -0.1660, -12.48
27.33, -0.1665, -12.45
27.34, -0.1670, -12.40
27.35, -0.1675, -12.40
27.36, -0.1680, -12.40
27.37, -0.1685, -12.36
27.38, -0.1690, -12.31
27.39, -0.1695, -12.30
27.40, -0.1700, -12.27
27.41, -0.1705, -12.27
27.42, -0.1710, -12.25
27.43, -0.1715, -12.17
27.44, -0.1720, -12.21
27.45, -0.1725, -12.22
27.46, -0.1730, -12.20
27.47, -0.1735, -12.15
27.48, -0.1740, -12.10
27.49, -0.1745, -12.17
27.50, -0.1750, -12.11
27.51, -0.1755, -12.10
27.52, -0.1760, -12.08
27.53, -0.1765, -12.08
27.54, -0.1770, -12.06
27.55, -0.1775, -12.05
27.56, -0.1780, -12.00
27.57, -0.1785, -12.04
27.58, -0.1790, -11.97
27.59, -0.1795, -11.97
27.60, -0.1800, -11.93
27.61, -0.1805, -11.96
27.62, -0.1810, -11.97
27.63, -0.1815, -11.95
27.64, -0.1820, -11.98
27.65, -0.1825, -12.01
27.66, -0.1830, -11.98
27.67, -0.1835, -12.00
27.68, -0.1840, -11.98
27.69, -0.1845, -11.99
27.70, -0.1850, -11.94
27.71, -0.1855, -11.86
27.72, -0.1860, -11.99
27.73, -0.1865, -11.95
27.74, -0.1870, -11.95
27.75, -0.1875, -11.90
27.76, -0.1880, -11.92
27.77, -0.1885, -11.92
27.78, -0.1890, -11.88
27.79, -0.1895, -11.88
27.80, -0.1900, -11.84
27.81, -0.1905, -11.85
27.82, -0.1910, -11.83
27.83, -0.1915, -11.83
27.84, -0.1920, -11.83
27.85, -0.1925, -11.83
27.86, -0.1930, -11.80
27.87, -0.1935, -11.81
27.88, -0.1940, -11.83
27.89, -0.1945, -11.78
27.90, -0.1950, -11.77
27.91, -0.1955, -11.73
27.92, -0.1960, -11.78
27.93, -0.1965, -11.75
27.94, -0.1970, -11.77
27.95, -0.1975, -11.71
27.96, -0.1980, -11.70
27.97, -0.1985, -11.73
27.98, -0.1990, -11.72
27.99, -0.1995, -11.72
28.00, -0.2000, -11.71
28.01, -0.2005, -11.68
28.02, -0.2010, -11.70
28.03, -0.2015, -11.73
28.04, -0.2020, -11.73
28.05, -0.2025, -11.72
28.06, -0.2030, -11.74
28.07, -0.2035, -11.78
28.08, -0.2040, -11.78
28.09, -0.2045, -11.83
28.10, -0.2050, -11.79
28.11, -0.2055, -11.77
28.12, -0.2060, -11.81
28.13, -0.2065, -11.79
28.14, -0.2070, -11.83
28.15, -0.2075, -11.79
28.16, -0.2080, -11.80
28.17, -0.2085, -11.80
28.18, -0.2090, -11.79
28.19, -0.2095, -11.81
28.20, -0.2100, -11.80
28.21, -0.2105, -11.77
28.22, -0.2110, -11.78
28.23, -0.2115, -11.80
28.24, -0.2120, -11.81
28.25, -0.2125, -11.78
28.26, -0.2130, -11.75
28.27, -0.2135, -11.75
28.28, -0.2140, -11.77
28.29, -0.2145, -11.78
28.30, -0.2150, -11.78
28.31, -0.2155, -11.77
28.32, -0.2160, -11.76
28.33, -0.2165, -11.63
28.34, -0.2170, -11.73
28.35, -0.2175, -11.79
28.36, -0.2180, -11.77
28.37, -0.2185, -11.74
28.38, -0.2190, -11.76
28.39, -0.2195, -11.76
28.40, -0.2200, -11.78
28.41, -0.2205, -11.74
28.42, -0.2210, -11.75
28.43, -0.2215, -11.74
28.44, -0.2220, -11.77
28.45, -0.2225, -11.74
28.46, -0.2230, -11.73
28.47, -0.2235, -11.79
28.48, -0.2240, -11.82
28.49, -0.2245, -11.83
28.50, -0.2250, -11.88
28.51, -0.2255, -11.84
28.52, -0.2260, -11.85
28.53, -0.2265, -11.87
28.54, -0.2270, -11.89
28.55, -0.2275, -11.87
28.56, -0.2280, -11.89
28.57, -0.2285, -11.89
28.58, -0.2290, -11.87
28.59, -0.2295, -11.92
28.60, -0.2300, -11.91
28.61, -0.2305, -11.86
28.62, -0.2310, -11.89
28.63, -0.2315, -11.86
28.64, -0.2320, -11.89
28.65, -0.2325, -11.88
28.66, -0.2330, -11.91
28.67, -0.2335, -11.86
28.68, -0.2340, -11.86
28.69, -0.2345, -11.88
28.70, -0.2350, -11.87
28.71, -0.2355, -11.87
28.72, -0.2360, -11.86
28.73, -0.2365, -11.83
28.74, -0.2370, -11.86
28.75, -0.2375, -11.89
28.76, -0.2380, -11.87
28.77, -0.2385, -11.86
28.78, -0.2390, -11.88
28.79, -0.2395, -11.88
28.80, -0.2400, -11.87
28.81, -0.2405, -11.87
28.82, -0.2410, -11.87
28.83, -0.2415, -11.86
28.84, -0.2420, -11.86
28.85, -0.2425, -11.85
28.86, -0.2430, -11.86
28.87, -0.2435, -11.89
28.88, -0.2440, -11.80
28.89, -0.2445, -11.89
28.90, -0.2450, -11.94
28.91, -0.2455, -11.95
28.92, -0.2460, -11.99
28.93, -0.2465, -11.95
28.94, -0.2470, -11.99
28.95, -0.2475, -12.00
28.96, -0.2480, -12.04
28.97, -0.2485, -12.04
28.98, -0.2490, -12.02
28.99, -0.2495, -12.01
29.00, -0.2500, -12.02
29.01, -0.2505, -12.03
29.02, -0.2510, -12.01
29.03, -0.2515, -11.99
29.04, -0.2520, -12.00
29.05, -0.2525, -12.00
29.06, -0.2530, -11.99
29.07, -0.2535, -12.02
29.08, -0.2540, -11.99
29.09, -0.2545, -12.02
29.10, -0.2550, -12.00
29.11, -0.2555, -12.01
29.12, -0.2560, -12.00
29.13, -0.2565, -11.99
29.14, -0.2570, -11.98
29.15, -0.2575, -11.98
29.16, -0.2580, -11.91
29.17, -0.2585, -11.97
29.18, -0.2590, -11.99
29.19, -0.2595, -11.97
29.20, -0.2600, -11.98
29.21, -0.2605, -11.96
29.22, -0.2610, -11.99
29.23, -0.2615, -11.99
29.24, -0.2620, -11.97
29.25, -0.2625, -11.94
29.26, -0.2630, -11.92
29.27, -0.2635, -11.98
29.28, -0.2640, -11.99
29.29, -0.2645, -12.02
29.30, -0.2650, -12.02
29.31, -0.2655, -11.98
29.32, -0.2660, -12.07
29.33, -0.2665, -12.03
29.34, -0.2670, -12.02
29.35, -0.2675, -12.13
29.36, -0.2680, -12.12
29.37, -0.2685, -12.12
29.38, -0.2690, -12.11
29.39, -0.2695, -12.12
29.40, -0.2700, -12.11
29.41, -0.2705, -12.12
29.42, -0.2710, -12.12
29.43, -0.2715, -12.14
29.44, -0.2720, -12.17
29.45, -0.2725, -12.14
29.46, -0.2730, -12.12
29.47, -0.2735, -12.12
29.48, -0.2740, -12.09
29.49, -0.2745, -12.14
29.50, -0.2750, -12.15
29.51, -0.2755, -12.15
29.52, -0.2760, -12.14
29.53, -0.2765, -12.12
29.54, -0.2770, -12.14
29.55, -0.2775, -12.16
29.56, -0.2780, -12.12
29.57, -0.2785, -12.14
29.58, -0.2790, -12.13
29.59, -0.2795, -12.16
29.60, -0.2800, -12.12
29.61, -0.2805, -12.08
29.62, -0.2810, -12.15
29.63, -0.2815, -12.14
29.64, -0.2820, -12.13
29.65, -0.2825, -12.13
29.66, -0.2830, -12.10
29.67, -0.2835, -12.12
29.68, -0.2840, -12.14
29.69, -0.2845, -12.16
29.70, -0.2850, -12.15
29.71, -0.2855, -12.17
29.72, -0.2860, -12.15
29.73, -0.2865, -12.18
29.74, -0.2870, -12.23
29.75, -0.2875, -12.24
29.76, -0.2880, -12.24
29.77, -0.2885, -12.27
29.78, -0.2890, -12.25
29.79, -0.2895, -12.28
29.80, -0.2900, -12.30
29.81, -0.2905, -12.25
29.82, -0.2910, -12.29
29.83, -0.2915, -12.30
29.84, -0.2920, -12.33
29.85, -0.2925, -12.33
29.86, -0.2930, -12.33
29.87, -0.2935, -12.35
29.88, -0.2940, -12.36
29.89, -0.2945, -12.36
29.90, -0.2950, -12.40
29.91, -0.2955, -12.34
29.92, -0.2960, -12.34
29.93, -0.2965, -12.35
29.94, -0.2970, -12.37
29.95, -0.2975, -12.37
29.96, -0.2980, -12.34
29.97, -0.2985, -12.35
29.98, -0.2990, -12.36
29.99, -0.2995, -12.35
30.00, -0.3000, -12.38
30.01, -0.3005, -12.38
30.02, -0.3010, -12.37
30.03, -0.3015, -12.24
30.04, -0.3020, -12.37
30.05, -0.3025, -12.41
30.06, -0.3030, -12.36
30.07, -0.3035, -12.39
30.08, -0.3040, -12.39
30.09, -0.3045, -12.39
30.10, -0.3050, -12.41
30.11, -0.3055, -12.39
30.12, -0.3060, -12.43
30.13, -0.3065, -12.44
30.14, -0.3070, -12.45
30.15, -0.3075, -12.50
30.16, -0.3080, -12.52
30.17, -0.3085, -12.54
30.18, -0.3090, -12.56
30.19, -0.3095, -12.57
30.20, -0.3100, -12.63
30.21, -0.3105, -12.63
30.22, -0.3110, -12.63
30.23, -0.3115, -12.63
30.24, -0.3120, -12.65
30.25, -0.3125, -12.64
30.26, -0.3130, -12.69
30.27, -0.3135, -12.67
30.28, -0.3140, -12.68
30.29, -0.3145, -12.63
30.30, -0.3150, -12.68
30.31, -0.3155, -12.62
30.32, -0.3160, -12.68
30.33, -0.3165, -12.68
30.34, -0.3170, -12.71
30.35, -0.3175, -12.73
30.36, -0.3180, -12.64
30.37, -0.3185, -12.73
30.38, -0.3190, -12.73
30.39, -0.3195, -12.74
30.40, -0.3200, -12.73
30.41, -0.3205, -12.75
30.42, -0.3210, -12.78
30.43, -0.3215, -12.76
30.44, -0.3220, -12.80
30.45, -0.3225, -12.76
30.46, -0.3230, -12.77
30.47, -0.3235, -12.78
30.48, -0.3240, -12.76
30.49, -0.3245, -12.81
30.50, -0.3250, -12.84
30.51, -0.3255, -12.78
30.52, -0.3260, -12.85
30.53, -0.3265, -12.86
30.54, -0.3270, -12.85
30.55, -0.3275, -12.87
30.56, -0.3280, -12.87
30.57, -0.3285, -12.93
30.58, -0.3290, -12.92
30.59, -0.3295, -12.94
30.60, -0.3300, -13.02
30.61, -0.3305, -12.98
30.62, -0.3310, -13.11
30.63, -0.3315, -13.13
30.64, -0.3320, -13.15
30.65, -0.3325, -13.13
30.66, -0.3330, -13.16
30.67, -0.3335, -13.19
30.68, -0.3340, -13.21
30.69, -0.3345, -13.22
30.70, -0.3350, -13.24
30.71, -0.3355, -13.21
30.72, -0.3360, -13.24
30.73, -0.3365, -13.25
30.74, -0.3370, -13.24
30.75, -0.3375, -13.29
30.76, -0.3380, -13.26
30.77, -0.3385, -13.30
30.78, -0.3390, -13.28
30.79, -0.3395, -13.32
30.80, -0.3400, -13.30
30.81, -0.3405, -13.31
30.82, -0.3410, -13.39
30.83, -0.3415, -13.42
30.84, -0.3420, -13.42
30.85, -0.3425, -13.40
30.86, -0.3430, -13.37
30.87, -0.3435, -13.45
30.88, -0.3440, -13.46
30.89, -0.3445, -13.50
30.90, -0.3450, -13.49
30.91, -0.3455, -13.49
30.92, -0.3460, -13.52
30.93, -0.3465, -13.56
30.94, -0.3470, -13.57
30.95, -0.3475, -13.62
30.96, -0.3480, -13.62
30.97, -0.3485, -13.66
30.98, -0.3490, -13.68
30.99, -0.3495, -13.72
31.00, -0.3500, -13.77
31.01, -0.3505, -13.82
31.02, -0.3510, -13.83
31.03, -0.3515, -13.90
31.04, -0.3520, -13.91
31.05, -0.3525, -13.94
31.06, -0.3530, -13.94
31.07, -0.3535, -14.00
31.08, -0.3540, -14.00
31.09, -0.3545, -14.04
31.10, -0.3550, -14.05
31.11, -0.3555, -14.09
31.12, -0.3560, -14.09
31.13, -0.3565, -14.13
31.14, -0.3570, -14.15
31.15, -0.3575, -14.16
31.16, -0.3580, -14.11
31.17, -0.3585, -14.18
31.18, -0.3590, -14.21
31.19, -0.3595, -14.25
31.20, -0.3600, -14.27
31.21, -0.3605, -14.30
31.22, -0.3610, -14.32
31.23, -0.3615, -14.34
31.24, -0.3620, -14.35
31.25, -0.3625, -14.41
31.26, -0.3630, -14.39
31.27, -0.3635, -14.42
31.28, -0.3640, -14.42
31.29, -0.3645, -14.48
31.30, -0.3650, -14.44
31.31, -0.3655, -14.54
31.32, -0.3660, -14.55
31.33, -0.3665, -14.59
31.34, -0.3670, -14.64
31.35, -0.3675, -14.66
31.36, -0.3680, -14.67
31.37, -0.3685, -14.68
31.38, -0.3690, -14.72
31.39, -0.3695, -14.77
31.40, -0.3700, -14.83
31.41, -0.3705, -14.81
31.42, -0.3710, -14.87
31.43, -0.3715, -14.93
31.44, -0.3720, -14.99
31.45, -0.3725, -15.05
31.46, -0.3730, -15.10
31.47, -0.3735, -15.12
31.48, -0.3740, -15.14
31.49, -0.3745, -15.17
31.50, -0.3750, -15.21
31.51, -0.3755, -15.23
31.52, -0.3760, -15.27
31.53, -0.3765, -15.29
31.54, -0.3770, -15.32
31.55, -0.3775, -15.36
31.56, -0.3780, -15.38
31.57, -0.3785, -15.35
31.58, -0.3790, -15.41
31.59, -0.3795, -15.50
31.60, -0.3800, -15.49
31.61, -0.3805, -15.51
31.62, -0.3810, -15.54
31.63, -0.3815, -15.58
31.64, -0.3820, -15.59
31.65, -0.3825, -15.64
31.66, -0.3830, -15.62
31.67, -0.3835, -15.69
31.68, -0.3840, -15.73
31.69, -0.3845, -15.75
31.70, -0.3850, -15.80
31.71, -0.3855, -15.84
31.72, -0.3860, -15.84
31.73, -0.3865, -15.88
31.74, -0.3870, -15.88
31.75, -0.3875, -15.94
31.76, -0.3880, -15.94
31.77, -0.3885, -15.96
31.78, -0.3890, -16.00
31.79, -0.3895, -16.03
31.80, -0.3900, -16.09
31.81, -0.3905, -16.14
31.82, -0.3910, -16.13
31.83, -0.3915, -16.20
31.84, -0.3920, -16.27
31.85, -0.3925, -16.33
31.86, -0.3930, -16.29
31.87, -0.3935, -16.41
31.88, -0.3940, -16.43
31.89, -0.3945, -16.46
31.90, -0.3950, -16.51
31.91, -0.3955, -16.49
31.92, -0.3960, -16.62
31.93, -0.3965, -16.62
31.94, -0.3970, -16.69
31.95, -0.3975, -16.71
31.96, -0.3980, -16.73
31.97, -0.3985, -16.76
31.98, -0.3990, -16.79
31.99, -0.3995, -16.83
32.00, -0.4000, -16.87
