0.01000, -0.3995, -23.74
0.02000, -0.3990, -9.268
0.03000, -0.3985, -5.581
0.04000, -0.3980, -4.194
0.05000, -0.3975, -3.343
0.06000, -0.3970, -2.874
0.07000, -0.3965, -2.549
0.08000, -0.3960, -2.260
0.09000, -0.3955, -2.160
0.1000, -0.3950, -1.911
0.1100, -0.3945, -1.855
0.1200, -0.3940, -1.741
0.1300, -0.3935, -1.578
0.1400, -0.3930, -1.591
0.1500, -0.3925, -1.464
0.1600, -0.3920, -1.473
0.1700, -0.3915, -1.370
0.1800, -0.3910, -1.262
0.1900, -0.3905, -1.331
0.2000, -0.3900, -1.183
0.2100, -0.3895, -1.187
0.2200, -0.3890, -1.138
0.2300, -0.3885, -1.040
0.2400, -0.3880, -1.105
0.2500, -0.3875, -0.9645
0.2600, -0.3870, -0.9609
0.2700, -0.3865, -0.9728
0.2800, -0.3860, -0.8924
0.2900, -0.3855, -0.9027
0.3000, -0.3850, -0.8173
0.3100, -0.3845, -0.8376
0.3200, -0.3840, -0.8176
0.3300, -0.3835, -0.7382
0.3400, -0.3830, -0.8474
0.3500, -0.3825, -0.7558
0.3600, -0.3820, -0.7496
0.3700, -0.3815, -0.7710
0.3800, -0.3810, -0.6489
0.3900, -0.3805, -0.7355
0.4000, -0.3800, -0.6809
0.4100, -0.3795, -0.7634
0.4200, -0.3790, -0.7178
0.4300, -0.3785, -0.6512
0.4400, -0.3780, -0.6957
0.4500, -0.3775, -0.6767
0.4600, -0.3770, -0.6574
0.4700, -0.3765, -0.6932
0.4800, -0.3760, -0.6078
0.4900, -0.3755, -0.7090
0.5000, -0.3750, -0.6237
0.5100, -0.3745, -0.6473
0.5200, -0.3740, -0.6530
0.5300, -0.3735, -0.6090
0.5400, -0.3730, -0.7139
0.5500, -0.3725, -0.5752
0.5600, -0.3720, -0.6025
0.5700, -0.3715, -0.6574
0.5800, -0.3710, -0.5906
0.5900, -0.3705, -0.6517
0.6000, -0.3700, -0.5546
0.6100, -0.3695, -0.5559
0.6200, -0.3690, -0.5879
0.6300, -0.3685, -0.5498
0.6400, -0.3680, -0.6450
0.6500, -0.3675, -0.5147
0.6600, -0.3670, -0.5260
0.6700, -0.3665, -0.5219
0.6800, -0.3660, -0.5344
0.6900, -0.3655, -0.5654
0.7000, -0.3650, -0.4704
0.7100, -0.3645, -0.4475
0.7200, -0.3640, -0.4445
0.7300, -0.3635, -0.4427
0.7400, -0.3630, -0.5241
0.7500, -0.3625, -0.4148
0.7600, -0.3620, -0.4804
0.7700, -0.3615, -0.4682
0.7800, -0.3610, -0.4348
0.7900, -0.3605, -0.5071
0.8000, -0.3600, -0.4074
0.8100, -0.3595, -0.4238
0.8200, -0.3590, -0.4565
0.8300, -0.3585, -0.4124
0.8400, -0.3580, -0.5059
0.8500, -0.3575, -0.4016
0.8600, -0.3570, -0.4355
0.8700, -0.3565, -0.4344
0.8800, -0.3560, -0.4137
0.8900, -0.3555, -0.5384
0.9000, -0.3550, -0.3828
0.9100, -0.3545, -0.4153
0.9200, -0.3540, -0.4310
0.9300, -0.3535, -0.4097
0.9400, -0.3530, -0.4826
0.9500, -0.3525, -0.4350
0.9600, -0.3520, -0.4315
0.9700, -0.3515, -0.4103
0.9800, -0.3510, -0.4171
0.9900, -0.3505, -0.4692
1.000, -0.3500, -0.4076
1.010, -0.3495, -0.3922
1.020, -0.3490, -0.4148
1.030, -0.3485, -0.3848
1.040, -0.3480, -0.4638
1.050, -0.3475, -0.3758
1.060, -0.3470, -0.4194
1.070, -0.3465, -0.4162
1.080, -0.3460, -0.3655
1.090, -0.3455, -0.4155
1.100, -0.3450, -0.3372
1.110, -0.3445, -0.3655
1.120, -0.3440, -0.3611
1.130, -0.3435, -0.2786
1.140, -0.3430, -0.4023
1.150, -0.3425, -0.2899
1.160, -0.3420, -0.3510
1.170, -0.3415, -0.3794
1.180, -0.3410, -0.2696
1.190, -0.3405, -0.3581
1.200, -0.3400, -0.2601
1.210, -0.3395, -0.3326
1.220, -0.3390, -0.3577
1.230, -0.3385, -0.2951
1.240, -0.3380, -0.3833
1.250, -0.3375, -0.3573
1.260, -0.3370, -0.3176
1.270, -0.3365, -0.3993
1.280, -0.3360, -0.3092
1.290, -0.3355, -0.3969
1.300, -0.3350, -0.2668
1.310, -0.3345, -0.3412
1.320, -0.3340, -0.3149
1.330, -0.3335, -0.2919
1.340, -0.3330, -0.3398
1.350, -0.3325, -0.3000
1.360, -0.3320, -0.3351
1.370, -0.3315, -0.3835
1.380, -0.3310, -0.2552
1.390, -0.3305, -0.3706
1.400, -0.3300, -0.2804
1.410, -0.3295, -0.3668
1.420, -0.3290, -0.3836
1.430, -0.3285, -0.2759
1.440, -0.3280, -0.3576
1.450, -0.3275, -0.3095
1.460, -0.3270, -0.3797
1.470, -0.3265, -0.3425
1.480, -0.3260, -0.3057
1.490, -0.3255, -0.3768
1.500, -0.3250, -0.2560
1.510, -0.3245, -0.2930
1.520, -0.3240, -0.2642
1.530, -0.3235, -0.2742
1.540, -0.3230, -0.2788
1.550, -0.3225, -0.2071
1.560, -0.3220, -0.2179
1.570, -0.3215, -0.3034
1.580, -0.3210, -0.1835
1.590, -0.3205, -0.2690
1.600, -0.3200, -0.1874
1.610, -0.3195, -0.2114
1.620, -0.3190, -0.2714
1.630, -0.3185, -0.2145
1.640, -0.3180, -0.3168
1.650, -0.3175, -0.2326
1.660, -0.3170, -0.2884
1.670, -0.3165, -0.3251
1.680, -0.3160, -0.2138
1.690, -0.3155, -0.2896
1.700, -0.3150, -0.2408
1.710, -0.3145, -0.2647
1.720, -0.3140, -0.2994
1.730, -0.3135, -0.2030
1.740, -0.3130, -0.3505
1.750, -0.3125, -0.2547
1.760, -0.3120, -0.2518
1.770, -0.3115, -0.2878
1.780, -0.3110, -0.2331
1.790, -0.3105, -0.3419
1.800, -0.3100, -0.2433
1.810, -0.3095, -0.2517
1.820, -0.3090, -0.2557
1.830, -0.3085, -0.2798
1.840, -0.3080, -0.3410
1.850, -0.3075, -0.2347
1.860, -0.3070, -0.2620
1.870, -0.3065, -0.3157
1.880, -0.3060, -0.2402
1.890, -0.3055, -0.3345
1.900, -0.3050, -0.2951
1.910, -0.3045, -0.2583
1.920, -0.3040, -0.2888
1.930, -0.3035, -0.2269
1.940, -0.3030, -0.3206
1.950, -0.3025, -0.2342
1.960, -0.3020, -0.1822
1.970, -0.3015, -0.2283
1.980, -0.3010, -0.1980
1.990, -0.3005, -0.2741
2.000, -0.3000, -0.2020
2.010, -0.2995, -0.1699
2.020, -0.2990, -0.2471
2.030, -0.2985, -0.2236
2.040, -0.2980, -0.2321
2.050, -0.2975, -0.1594
2.060, -0.2970, -0.1493
2.070, -0.2965, -0.2259
2.080, -0.2960, -0.1876
2.090, -0.2955, -0.2790
2.100, -0.2950, -0.2189
2.110, -0.2945, -0.2153
2.120, -0.2940, -0.2143
2.130, -0.2935, -0.2011
2.140, -0.2930, -0.2847
2.150, -0.2925, -0.2077
2.160, -0.2920, -0.1384
2.170, -0.2915, -0.2689
2.180, -0.2910, -0.2401
2.190, -0.2905, -0.3234
2.200, -0.2900, -0.2272
2.210, -0.2895, -0.2525
2.220, -0.2890, -0.2631
2.230, -0.2885, -0.2232
2.240, -0.2880, -0.3266
2.250, -0.2875, -0.2387
2.260, -0.2870, -0.2391
2.270, -0.2865, -0.2502
2.280, -0.2860, -0.2040
2.290, -0.2855, -0.3326
2.300, -0.2850, -0.2084
2.310, -0.2845, -0.2458
2.320, -0.2840, -0.3003
2.330, -0.2835, -0.1939
2.340, -0.2830, -0.2707
2.350, -0.2825, -0.2397
2.360, -0.2820, -0.1869
2.370, -0.2815, -0.1868
2.380, -0.2810, -0.2038
2.390, -0.2805, -0.2665
2.400, -0.2800, -0.1218
2.410, -0.2795, -0.1528
2.420, -0.2790, -0.1930
2.430, -0.2785, -0.1145
2.440, -0.2780, -0.2437
2.450, -0.2775, -0.1621
2.460, -0.2770, -0.2086
2.470, -0.2765, -0.2077
2.480, -0.2760, -0.1621
2.490, -0.2755, -0.2298
2.500, -0.2750, -0.1640
2.510, -0.2745, -0.1758
2.520, -0.2740, -0.2213
2.530, -0.2735, -0.1519
2.540, -0.2730, -0.2984
2.550, -0.2725, -0.1890
2.560, -0.2720, -0.2862
2.570, -0.2715, -0.2592
2.580, -0.2710, -0.1665
2.590, -0.2705, -0.2493
2.600, -0.2700, -0.2404
2.610, -0.2695, -0.2345
2.620, -0.2690, -0.2815
2.630, -0.2685, -0.2008
2.640, -0.2680, -0.2160
2.650, -0.2675, -0.2161
2.660, -0.2670, -0.2547
2.670, -0.2665, -0.2935
2.680, -0.2660, -0.2131
2.690, -0.2655, -0.2858
2.700, -0.2650, -0.2033
2.710, -0.2645, -0.2121
2.720, -0.2640, -0.2719
2.730, -0.2635, -0.1880
2.740, -0.2630, -0.3012
2.750, -0.2625, -0.1873
2.760, -0.2620, -0.2358
2.770, -0.2615, -0.2386
2.780, -0.2610, -0.1518
2.790, -0.2605, -0.2485
2.800, -0.2600, -0.1494
2.810, -0.2595, -0.1538
2.820, -0.2590, -0.1839
2.830, -0.2585, -0.1563
2.840, -0.2580, -0.1722
2.850, -0.2575, -0.1296
2.860, -0.2570, -0.1843
2.870, -0.2565, -0.1932
2.880, -0.2560, -0.1472
2.890, -0.2555, -0.1941
2.900, -0.2550, -0.1596
2.910, -0.2545, -0.1601
2.920, -0.2540, -0.2369
2.930, -0.2535, -0.1650
2.940, -0.2530, -0.2299
2.950, -0.2525, -0.1853
2.960, -0.2520, -0.1636
2.970, -0.2515, -0.2003
2.980, -0.2510, -0.1582
2.990, -0.2505, -0.2599
3.000, -0.2500, -0.1812
3.010, -0.2495, -0.1627
3.020, -0.2490, -0.2260
3.030, -0.2485, -0.1782
3.040, -0.2480, -0.2790
3.050, -0.2475, -0.1930
3.060, -0.2470, -0.1843
3.070, -0.2465, -0.2123
3.080, -0.2460, -0.1940
3.090, -0.2455, -0.2682
3.100, -0.2450, -0.2037
3.110, -0.2445, -0.1708
3.120, -0.2440, -0.2352
3.130, -0.2435, -0.1338
3.140, -0.2430, -0.2746
3.150, -0.2425, -0.1629
3.160, -0.2420, -0.2467
3.170, -0.2415, -0.2420
3.180, -0.2410, -0.2087
3.190, -0.2405, -0.2687
3.200, -0.2400, -0.2066
3.210, -0.2395, -0.1310
3.220, -0.2390, -0.1581
3.230, -0.2385, -0.1676
3.240, -0.2380, -0.1716
3.250, -0.2375, -0.1392
3.260, -0.2370, -0.1214
3.270, -0.2365, -0.2009
3.280, -0.2360, -0.1153
3.290, -0.2355, -0.1949
3.300, -0.2350, -0.1049
3.310, -0.2345, -0.1355
3.320, -0.2340, -0.1731
3.330, -0.2335, -0.1295
3.340, -0.2330, -0.2121
3.350, -0.2325, -0.1211
3.360, -0.2320, -0.1540
3.370, -0.2315, -0.1974
3.380, -0.2310, -0.1309
3.390, -0.2305, -0.2361
3.400, -0.2300, -0.1478
3.410, -0.2295, -0.1673
3.420, -0.2290, -0.2363
3.430, -0.2285, -0.1427
3.440, -0.2280, -0.2650
3.450, -0.2275, -0.1374
3.460, -0.2270, -0.1909
3.470, -0.2265, -0.1508
3.480, -0.2260, -0.1148
3.490, -0.2255, -0.2765
3.500, -0.2250, -0.1871
3.510, -0.2245, -0.2241
3.520, -0.2240, -0.2279
3.530, -0.2235, -0.1639
3.540, -0.2230, -0.2768
3.550, -0.2225, -0.2029
3.560, -0.2220, -0.1898
3.570, -0.2215, -0.2360
3.580, -0.2210, -0.1569
3.590, -0.2205, -0.3101
3.600, -0.2200, -0.2011
3.610, -0.2195, -0.1659
3.620, -0.2190, -0.2272
3.630, -0.2185, -0.1954
3.640, -0.2180, -0.2173
3.650, -0.2175, -0.1557
3.660, -0.2170, -0.1057
3.670, -0.2165, -0.1829
3.680, -0.2160, -0.1199
3.690, -0.2155, -0.2597
3.700, -0.2150, -0.1339
3.710, -0.2145, -0.1349
3.720, -0.2140, -0.1794
3.730, -0.2135, -0.1305
3.740, -0.2130, -0.1865
3.750, -0.2125, -0.1129
3.760, -0.2120, -0.1072
3.770, -0.2115, -0.1827
3.780, -0.2110, -0.1120
3.790, -0.2105, -0.1840
3.800, -0.2100, -0.1536
3.810, -0.2095, -0.2408
3.820, -0.2090, -0.1964
3.830, -0.2085, -0.08883
3.840, -0.2080, -0.2067
3.850, -0.2075, -0.1478
3.860, -0.2070, -0.1884
3.870, -0.2065, -0.2329
3.880, -0.2060, -0.1402
3.890, -0.2055, -0.2526
3.900, -0.2050, -0.2132
3.910, -0.2045, -0.2050
3.920, -0.2040, -0.2084
3.930, -0.2035, -0.1662
3.940, -0.2030, -0.2344
3.950, -0.2025, -0.2157
3.960, -0.2020, -0.1856
3.970, -0.2015, -0.2164
3.980, -0.2010, -0.1561
3.990, -0.2005, -0.2403
4.000, -0.2000, -0.2141
4.010, -0.1995, -0.2130
4.020, -0.1990, -0.2518
4.030, -0.1985, -0.1545
4.040, -0.1980, -0.1644
4.050, -0.1975, -0.1881
4.060, -0.1970, -0.1943
4.070, -0.1965, -0.1579
4.080, -0.1960, -0.08576
4.090, -0.1955, -0.1820
4.100, -0.1950, -0.1245
4.110, -0.1945, -0.1076
4.120, -0.1940, -0.1867
4.130, -0.1935, -0.04352
4.140, -0.1930, -0.1622
4.150, -0.1925, -0.1588
4.160, -0.1920, -0.1433
4.170, -0.1915, -0.1662
4.180, -0.1910, -0.1056
4.190, -0.1905, -0.2029
4.200, -0.1900, -0.1536
4.210, -0.1895, -0.1525
4.220, -0.1890, -0.2208
4.230, -0.1885, -0.1098
4.240, -0.1880, -0.2338
4.250, -0.1875, -0.1627
4.260, -0.1870, -0.1587
4.270, -0.1865, -0.2160
4.280, -0.1860, -0.1354
4.290, -0.1855, -0.2486
4.300, -0.1850, -0.1919
4.310, -0.1845, -0.1862
4.320, -0.1840, -0.2000
4.330, -0.1835, -0.1474
4.340, -0.1830, -0.2432
4.350, -0.1825, -0.2165
4.360, -0.1820, -0.1410
4.370, -0.1815, -0.2582
4.380, -0.1810, -0.1781
4.390, -0.1805, -0.2867
4.400, -0.1800, -0.1933
4.410, -0.1795, -0.1856
4.420, -0.1790, -0.2281
4.430, -0.1785, -0.1011
4.440, -0.1780, -0.2383
4.450, -0.1775, -0.1814
4.460, -0.1770, -0.1666
4.470, -0.1765, -0.1466
4.480, -0.1760, -0.09301
4.490, -0.1755, -0.2046
4.500, -0.1750, -0.08663
4.510, -0.1745, -0.09015
4.520, -0.1740, -0.1594
4.530, -0.1735, -0.09210
4.540, -0.1730, -0.1899
4.550, -0.1725, -0.06518
4.560, -0.1720, -0.08938
4.570, -0.1715, -0.1394
4.580, -0.1710, -0.1269
4.590, -0.1705, -0.1615
4.600, -0.1700, -0.1398
4.610, -0.1695, -0.09745
4.620, -0.1690, -0.1755
4.630, -0.1685, -0.1408
4.640, -0.1680, -0.2685
4.650, -0.1675, -0.1421
4.660, -0.1670, -0.1722
4.670, -0.1665, -0.1656
4.680, -0.1660, -0.1432
4.690, -0.1655, -0.2420
4.700, -0.1650, -0.1446
4.710, -0.1645, -0.1271
4.720, -0.1640, -0.1941
4.730, -0.1635, -0.1152
4.740, -0.1630, -0.2286
4.750, -0.1625, -0.1800
4.760, -0.1620, -0.1780
4.770, -0.1615, -0.1785
4.780, -0.1610, -0.1753
4.790, -0.1605, -0.2507
4.800, -0.1600, -0.1709
4.810, -0.1595, -0.1664
4.820, -0.1590, -0.2216
4.830, -0.1585, -0.1416
4.840, -0.1580, -0.2207
4.850, -0.1575, -0.1902
4.860, -0.1570, -0.1979
4.870, -0.1565, -0.1947
4.880, -0.1560, -0.1096
4.890, -0.1555, -0.1857
4.900, -0.1550, -0.1352
4.910, -0.1545, -0.1352
4.920, -0.1540, -0.1843
4.930, -0.1535, -0.07713
4.940, -0.1530, -0.1582
4.950, -0.1525, -0.08376
4.960, -0.1520, -0.1570
4.970, -0.1515, -0.1716
4.980, -0.1510, -0.07615
4.990, -0.1505, -0.1434
5.000, -0.1500, -0.1163
5.010, -0.1495, -0.07318
5.020, -0.1490, -0.1528
5.030, -0.1485, -0.09347
5.040, -0.1480, -0.1862
5.050, -0.1475, -0.1893
5.060, -0.1470, -0.1590
5.070, -0.1465, -0.2124
5.080, -0.1460, -0.09233
5.090, -0.1455, -0.2015
5.100, -0.1450, -0.1363
5.110, -0.1445, -0.1506
5.120, -0.1440, -0.1986
5.130, -0.1435, -0.08806
5.140, -0.1430, -0.2201
5.150, -0.1425, -0.1343
5.160, -0.1420, -0.1645
5.170, -0.1415, -0.1576
5.180, -0.1410, -0.1390
5.190, -0.1405, -0.1900
5.200, -0.1400, -0.1680
5.210, -0.1395, -0.2143
5.220, -0.1390, -0.2340
5.230, -0.1385, -0.1408
5.240, -0.1380, -0.1898
5.250, -0.1375, -0.1778
5.260, -0.1370, -0.1819
5.270, -0.1365, -0.2383
5.280, -0.1360, -0.1780
5.290, -0.1355, -0.2448
5.300, -0.1350, -0.1581
5.310, -0.1345, -0.1388
5.320, -0.1340, -0.1616
5.330, -0.1335, -0.06298
5.340, -0.1330, -0.1737
5.350, -0.1325, -0.1318
5.360, -0.1320, -0.1551
5.370, -0.1315, -0.09688
5.380, -0.1310, -0.06165
5.390, -0.1305, -0.1787
5.400, -0.1300, -0.1180
5.410, -0.1295, -0.1251
5.420, -0.1290, -0.1398
5.430, -0.1285, -0.08215
5.440, -0.1280, -0.1816
5.450, -0.1275, -0.1281
5.460, -0.1270, -0.1209
5.470, -0.1265, -0.2131
5.480, -0.1260, -0.1028
5.490, -0.1255, -0.2081
5.500, -0.1250, -0.1682
5.510, -0.1245, -0.1509
5.520, -0.1240, -0.1894
5.530, -0.1235, -0.1705
5.540, -0.1230, -0.2556
5.550, -0.1225, -0.2065
5.560, -0.1220, -0.2141
5.570, -0.1215, -0.2136
5.580, -0.1210, -0.1399
5.590, -0.1205, -0.2228
5.600, -0.1200, -0.1713
5.610, -0.1195, -0.1597
5.620, -0.1190, -0.1960
5.630, -0.1185, -0.1646
5.640, -0.1180, -0.2543
5.650, -0.1175, -0.1580
5.660, -0.1170, -0.1772
5.670, -0.1165, -0.2190
5.680, -0.1160, -0.1289
5.690, -0.1155, -0.2931
5.700, -0.1150, -0.2070
5.710, -0.1145, -0.1702
5.720, -0.1140, -0.1967
5.730, -0.1135, -0.1331
5.740, -0.1130, -0.1789
5.750, -0.1125, -0.1269
5.760, -0.1120, -0.1420
5.770, -0.1115, -0.1291
5.780, -0.1110, -0.06186
5.790, -0.1105, -0.2007
5.800, -0.1100, -0.1485
5.810, -0.1095, -0.05275
5.820, -0.1090, -0.1290
5.830, -0.1085, -0.07930
5.840, -0.1080, -0.1554
5.850, -0.1075, -0.09776
5.860, -0.1070, -0.08115
5.870, -0.1065, -0.1617
5.880, -0.1060, -0.09437
5.890, -0.1055, -0.2208
5.900, -0.1050, -0.1488
5.910, -0.1045, -0.1249
5.920, -0.1040, -0.1795
5.930, -0.1035, -0.1596
5.940, -0.1030, -0.2586
5.950, -0.1025, -0.1329
5.960, -0.1020, -0.1123
5.970, -0.1015, -0.1863
5.980, -0.1010, -0.1285
5.990, -0.1005, -0.2177
6.000, -0.1000, -0.1563
6.010, -0.09950, -0.1976
6.020, -0.09900, -0.2041
6.030, -0.09850, -0.1258
6.040, -0.09800, -0.2122
6.050, -0.09750, -0.1623
6.060, -0.09700, -0.1551
6.070, -0.09650, -0.1924
6.080, -0.09600, -0.1354
6.090, -0.09550, -0.2297
6.100, -0.09500, -0.1566
6.110, -0.09450, -0.1496
6.120, -0.09400, -0.2125
6.130, -0.09350, -0.1321
6.140, -0.09300, -0.2025
6.150, -0.09250, -0.1437
6.160, -0.09200, -0.1137
6.170, -0.09150, -0.1791
6.180, -0.09100, -0.07224
6.190, -0.09050, -0.1746
6.200, -0.09000, -0.08980
6.210, -0.08950, -0.07751
6.220, -0.08900, -0.1160
6.230, -0.08850, -0.02113
6.240, -0.08800, -0.2091
6.250, -0.08750, -0.09518
6.260, -0.08700, -0.1065
6.270, -0.08650, -0.1625
6.280, -0.08600, -0.05873
6.290, -0.08550, -0.1769
6.300, -0.08500, -0.1283
6.310, -0.08450, -0.1253
6.320, -0.08400, -0.1942
6.330, -0.08350, -0.07954
6.340, -0.08300, -0.2106
6.350, -0.08250, -0.1345
6.360, -0.08200, -0.1402
6.370, -0.08150, -0.1723
6.380, -0.08100, -0.05672
6.390, -0.08050, -0.1581
6.400, -0.08000, -0.1296
6.410, -0.07950, -0.1747
6.420, -0.07900, -0.1957
6.430, -0.07850, -0.08471
6.440, -0.07800, -0.1913
6.450, -0.07750, -0.1170
6.460, -0.07700, -0.1765
6.470, -0.07650, -0.1985
6.480, -0.07600, -0.1023
6.490, -0.07550, -0.1933
6.500, -0.07500, -0.1986
6.510, -0.07450, -0.1606
6.520, -0.07400, -0.2344
6.530, -0.07350, -0.1437
6.540, -0.07300, -0.2593
6.550, -0.07250, -0.1906
6.560, -0.07200, -0.1568
6.570, -0.07150, -0.1621
6.580, -0.07100, -0.06604
6.590, -0.07050, -0.1566
6.600, -0.07000, -0.1151
6.610, -0.06950, -0.1145
6.620, -0.06900, -0.08684
6.630, -0.06850, -0.04886
6.640, -0.06800, -0.1268
6.650, -0.06750, -0.1125
6.660, -0.06700, -0.08045
6.670, -0.06650, -0.1172
6.680, -0.06600, -0.06323
6.690, -0.06550, -0.1549
6.700, -0.06500, -0.1512
6.710, -0.06450, -0.1280
6.720, -0.06400, -0.1604
6.730, -0.06350, -0.06050
6.740, -0.06300, -0.1829
6.750, -0.06250, -0.08874
6.760, -0.06200, -0.1376
6.770, -0.06150, -0.1628
6.780, -0.06100, -0.1096
6.790, -0.06050, -0.1950
6.800, -0.06000, -0.1216
6.810, -0.05950, -0.1388
6.820, -0.05900, -0.1995
6.830, -0.05850, -0.1116
6.840, -0.05800, -0.2006
6.850, -0.05750, -0.1202
6.860, -0.05700, -0.1155
6.870, -0.05650, -0.1637
6.880, -0.05600, -0.1293
6.890, -0.05550, -0.2430
6.900, -0.05500, -0.1467
6.910, -0.05450, -0.1323
6.920, -0.05400, -0.1798
6.930, -0.05350, -0.08588
6.940, -0.05300, -0.2222
6.950, -0.05250, -0.1914
6.960, -0.05200, -0.1174
6.970, -0.05150, -0.1622
6.980, -0.05100, -0.1067
6.990, -0.05050, -0.1918
7.000, -0.05000, -0.1256
7.010, -0.04950, -0.06378
7.020, -0.04900, -0.1493
7.030, -0.04850, -0.02093
7.040, -0.04800, -0.1064
7.050, -0.04750, -0.04987
7.060, -0.04700, -0.05204
7.070, -0.04650, -0.1065
7.080, -0.04600, -0.03675
7.090, -0.04550, -0.1399
7.100, -0.04500, -0.05851
7.110, -0.04450, -0.08124
7.120, -0.04400, -0.1431
7.130, -0.04350, -0.05075
7.140, -0.04300, -0.1264
7.150, -0.04250, -0.1322
7.160, -0.04200, -0.07246
7.170, -0.04150, -0.1236
7.180, -0.04100, -0.06825
7.190, -0.04050, -0.1567
7.200, -0.04000, -0.1558
7.210, -0.03950, -0.1121
7.220, -0.03900, -0.1540
7.230, -0.03850, -0.07397
7.240, -0.03800, -0.1726
7.250, -0.03750, -0.09898
7.260, -0.03700, -0.08855
7.270, -0.03650, -0.1454
7.280, -0.03600, -0.05284
7.290, -0.03550, -0.1960
7.300, -0.03500, -0.1096
7.310, -0.03450, -0.1340
7.320, -0.03400, -0.1621
7.330, -0.03350, -0.07481
7.340, -0.03300, -0.1333
7.350, -0.03250, -0.1024
7.360, -0.03200, -0.1442
7.370, -0.03150, -0.1716
7.380, -0.03100, -0.06646
7.390, -0.03050, -0.1719
7.400, -0.03000, -0.1298
7.410, -0.02950, -0.09360
7.420, -0.02900, -0.1848
7.430, -0.02850, 0.01070
7.440, -0.02800, -0.04903
7.450, -0.02750, -0.04510
7.460, -0.02700, -0.003307
7.470, -0.02650, -0.1343
7.480, -0.02600, -0.02442
7.490, -0.02550, -0.08408
7.500, -0.02500, -0.05892
7.510, -0.02450, -0.03474
7.520, -0.02400, -0.08754
7.530, -0.02350, 0.01325
7.540, -0.02300, -0.1022
7.550, -0.02250, -0.04704
7.560, -0.02200, -0.06964
7.570, -0.02150, -0.08749
7.580, -0.02100, 0.01492
7.590, -0.02050, -0.1086
7.600, -0.02000, -0.05285
7.610, -0.01950, -0.09244
7.620, -0.01900, -0.1499
7.630, -0.01850, -0.03654
7.640, -0.01800, -0.06037
7.650, -0.01750, -0.05605
7.660, -0.01700, -0.06215
7.670, -0.01650, -0.09818
7.680, -0.01600, 0.02571
7.690, -0.01550, -0.1189
7.700, -0.01500, -0.06214
7.710, -0.01450, -0.07460
7.720, -0.01400, -0.1139
7.730, -0.01350, -0.01391
7.740, -0.01300, -0.08170
7.750, -0.01250, -0.01403
7.760, -0.01200, -0.06417
7.770, -0.01150, -0.1309
7.780, -0.01100, -0.08163
7.790, -0.01050, -0.1234
7.800, -0.01000, -0.07902
7.810, -0.009500, -0.02746
7.820, -0.009000, -0.09528
7.830, -0.008500, -0.01253
7.840, -0.008000, -0.03415
7.850, -0.007500, -0.0008340
7.860, -0.007000, 0.003843
7.870, -0.006500, -0.02747
7.880, -0.006000, 0.04141
7.890, -0.005500, -0.004338
7.900, -0.005000, -0.002587
7.910, -0.004500, 0.05509
7.920, -0.004000, -0.001031
7.930, -0.003500, 0.1092
7.940, -0.003000, 0.01722
7.950, -0.002500, 0.01440
7.960, -0.002000, 0.02077
7.970, -0.001500, 0.01382
7.980, -0.001000, 0.05738
7.990, -0.0005000, -0.007630
8.000, 0.000, -0.03809
8.010, 0.0005000, 0.02274
8.020, 0.001000, -0.008939
8.030, 0.001500, 0.04303
8.040, 0.002000, -0.03453
8.050, 0.002500, 0.01658
8.060, 0.003000, 0.02678
8.070, 0.003500, -0.004357
8.080, 0.004000, 0.02720
8.090, 0.004500, -0.06614
8.100, 0.005000, 0.006512
8.110, 0.005500, 0.02736
8.120, 0.006000, 0.008889
8.130, 0.006500, 0.09238
8.140, 0.007000, -0.02971
8.150, 0.007500, 0.02002
8.160, 0.008000, 0.03573
8.170, 0.008500, 0.0008860
8.180, 0.009000, 0.05364
8.190, 0.009500, -0.03336
8.200, 0.01000, 0.05789
8.210, 0.01050, 0.05540
8.220, 0.01100, 0.01413
8.230, 0.01150, 0.1108
8.240, 0.01200, -0.01430
8.250, 0.01250, 0.07458
8.260, 0.01300, 0.1181
8.270, 0.01350, 0.05550
8.280, 0.01400, 0.1705
8.290, 0.01450, 0.03670
8.300, 0.01500, 0.1562
8.310, 0.01550, 0.1302
8.320, 0.01600, 0.1129
8.330, 0.01650, 0.1880
8.340, 0.01700, 0.1076
8.350, 0.01750, 0.1464
8.360, 0.01800, 0.1686
8.370, 0.01850, 0.1228
8.380, 0.01900, 0.1967
8.390, 0.01950, 0.07148
8.400, 0.02000, 0.1902
8.410, 0.02050, 0.1736
8.420, 0.02100, 0.1056
8.430, 0.02150, 0.2083
8.440, 0.02200, 0.1288
8.450, 0.02250, 0.1150
8.460, 0.02300, 0.1809
8.470, 0.02350, 0.1267
8.480, 0.02400, 0.1859
8.490, 0.02450, 0.08606
8.500, 0.02500, 0.1512
8.510, 0.02550, 0.1489
8.520, 0.02600, 0.1284
8.530, 0.02650, 0.1585
8.540, 0.02700, 0.1323
8.550, 0.02750, 0.1747
8.560, 0.02800, 0.1786
8.570, 0.02850, 0.1297
8.580, 0.02900, 0.2438
8.590, 0.02950, 0.1929
8.600, 0.03000, 0.1970
8.610, 0.03050, 0.1964
8.620, 0.03100, 0.1775
8.630, 0.03150, 0.2575
8.640, 0.03200, 0.2141
8.650, 0.03250, 0.2963
8.660, 0.03300, 0.2372
8.670, 0.03350, 0.1789
8.680, 0.03400, 0.2801
8.690, 0.03450, 0.2517
8.700, 0.03500, 0.4624
8.710, 0.03550, 0.3184
8.720, 0.03600, 0.2308
8.730, 0.03650, 0.3389
8.740, 0.03700, 0.2600
8.750, 0.03750, 0.2850
8.760, 0.03800, 0.3947
8.770, 0.03850, 0.2796
8.780, 0.03900, 0.3547
8.790, 0.03950, 0.3588
8.800, 0.04000, 0.4086
8.810, 0.04050, 0.3315
8.820, 0.04100, 0.3577
8.830, 0.04150, 0.4018
8.840, 0.04200, 0.3225
8.850, 0.04250, 0.4177
8.860, 0.04300, 0.3673
8.870, 0.04350, 0.3208
8.880, 0.04400, 0.3748
8.890, 0.04450, 0.3642
8.900, 0.04500, 0.6443
8.910, 0.04550, 0.3766
8.920, 0.04600, 0.2958
8.930, 0.04650, 0.4356
8.940, 0.04700, 0.3749
8.950, 0.04750, 0.5532
8.960, 0.04800, 0.4183
8.970, 0.04850, 0.3301
8.980, 0.04900, 0.4575
8.990, 0.04950, 0.4429
9.000, 0.05000, 0.6668
9.010, 0.05050, 0.4486
9.020, 0.05100, 0.3698
9.030, 0.05150, 0.4324
9.040, 0.05200, 0.4619
9.050, 0.05250, 0.5263
9.060, 0.05300, 0.4792
9.070, 0.05350, 0.4342
9.080, 0.05400, 0.5071
9.090, 0.05450, 0.5424
9.100, 0.05500, 0.5609
9.110, 0.05550, 0.5335
9.120, 0.05600, 0.5527
9.130, 0.05650, 0.6263
9.140, 0.05700, 0.5714
9.150, 0.05750, 0.5742
9.160, 0.05800, 0.6300
9.170, 0.05850, 0.5641
9.180, 0.05900, 0.6433
9.190, 0.05950, 0.6137
9.200, 0.06000, 0.5481
9.210, 0.06050, 0.6502
9.220, 0.06100, 0.5866
9.230, 0.06150, 0.6839
9.240, 0.06200, 0.6013
9.250, 0.06250, 0.8658
9.260, 0.06300, 0.6369
9.270, 0.06350, 0.5941
9.280, 0.06400, 0.7187
9.290, 0.06450, 0.7768
9.300, 0.06500, 0.8398
9.310, 0.06550, 0.7344
9.320, 0.06600, 0.6203
9.330, 0.06650, 0.7668
9.340, 0.06700, 0.6951
9.350, 0.06750, 0.8328
9.360, 0.06800, 0.7186
9.370, 0.06850, 0.6823
9.380, 0.06900, 0.7775
9.390, 0.06950, 0.7119
9.400, 0.07000, 1.015
9.410, 0.07050, 0.7607
9.420, 0.07100, 0.7118
9.430, 0.07150, 0.8516
9.440, 0.07200, 0.9223
9.450, 0.07250, 0.8592
9.460, 0.07300, 0.8200
9.470, 0.07350, 0.7397
9.480, 0.07400, 0.8333
9.490, 0.07450, 0.8558
9.500, 0.07500, 0.9719
9.510, 0.07550, 0.8517
9.520, 0.07600, 0.8078
9.530, 0.07650, 0.9209
9.540, 0.07700, 0.9854
9.550, 0.07750, 1.162
9.560, 0.07800, 0.9166
9.570, 0.07850, 0.9377
9.580, 0.07900, 0.9993
9.590, 0.07950, 1.044
9.600, 0.08000, 1.131
9.610, 0.08050, 0.9612
9.620, 0.08100, 0.9545
9.630, 0.08150, 1.065
9.640, 0.08200, 1.011
9.650, 0.08250, 1.372
9.660, 0.08300, 1.017
9.670, 0.08350, 0.9681
9.680, 0.08400, 1.060
9.690, 0.08450, 1.042
9.700, 0.08500, 1.262
9.710, 0.08550, 1.097
9.720, 0.08600, 0.9834
9.730, 0.08650, 1.119
9.740, 0.08700, 1.096
9.750, 0.08750, 1.186
9.760, 0.08800, 1.136
9.770, 0.08850, 1.014
9.780, 0.08900, 1.216
9.790, 0.08950, 1.150
9.800, 0.09000, 1.331
9.810, 0.09050, 1.216
9.820, 0.09100, 1.078
9.830, 0.09150, 1.243
9.840, 0.09200, 1.506
9.850, 0.09250, 1.426
9.860, 0.09300, 1.216
9.870, 0.09350, 1.131
9.880, 0.09400, 1.262
9.890, 0.09450, 1.309
9.900, 0.09500, 1.803
9.910, 0.09550, 1.277
9.920, 0.09600, 1.176
9.930, 0.09650, 1.373
9.940, 0.09700, 1.556
9.950, 0.09750, 1.559
9.960, 0.09800, 1.517
9.970, 0.09850, 1.308
9.980, 0.09900, 1.436
9.990, 0.09950, 1.519
10.00, 0.1000, 1.553
10.01, 0.1005, 1.520
10.02, 0.1010, 1.381
10.03, 0.1015, 1.512
10.04, 0.1020, 1.604
10.05, 0.1025, 2.051
10.06, 0.1030, 1.579
10.07, 0.1035, 1.479
10.08, 0.1040, 1.653
10.09, 0.1045, 1.775
10.10, 0.1050, 1.980
10.11, 0.1055, 1.596
10.12, 0.1060, 1.525
10.13, 0.1065, 1.609
10.14, 0.1070, 1.873
10.15, 0.1075, 1.673
10.16, 0.1080, 1.724
10.17, 0.1085, 1.541
10.18, 0.1090, 1.747
10.19, 0.1095, 1.797
10.20, 0.1100, 2.066
10.21, 0.1105, 1.686
10.22, 0.1110, 1.601
10.23, 0.1115, 1.743
10.24, 0.1120, 1.895
10.25, 0.1125, 2.180
10.26, 0.1130, 1.719
10.27, 0.1135, 1.712
10.28, 0.1140, 1.880
10.29, 0.1145, 1.977
10.30, 0.1150, 2.324
10.31, 0.1155, 1.869
10.32, 0.1160, 1.810
10.33, 0.1165, 1.897
10.34, 0.1170, 2.002
10.35, 0.1175, 2.196
10.36, 0.1180, 1.944
10.37, 0.1185, 1.878
10.38, 0.1190, 2.132
10.39, 0.1195, 2.125
10.40, 0.1200, 2.567
10.41, 0.1205, 2.087
10.42, 0.1210, 2.038
10.43, 0.1215, 2.150
10.44, 0.1220, 2.321
10.45, 0.1225, 2.518
10.46, 0.1230, 2.109
10.47, 0.1235, 2.013
10.48, 0.1240, 2.315
10.49, 0.1245, 2.629
10.50, 0.1250, 2.501
10.51, 0.1255, 2.231
10.52, 0.1260, 2.165
10.53, 0.1265, 2.378
10.54, 0.1270, 2.632
10.55, 0.1275, 2.759
10.56, 0.1280, 2.416
10.57, 0.1285, 2.193
10.58, 0.1290, 2.510
10.59, 0.1295, 2.465
10.60, 0.1300, 2.867
10.61, 0.1305, 2.380
10.62, 0.1310, 2.310
10.63, 0.1315, 2.439
10.64, 0.1320, 2.841
10.65, 0.1325, 2.699
10.66, 0.1330, 2.415
10.67, 0.1335, 2.275
10.68, 0.1340, 2.578
10.69, 0.1345, 2.871
10.70, 0.1350, 3.229
10.71, 0.1355, 2.605
10.72, 0.1360, 2.505
10.73, 0.1365, 2.644
10.74, 0.1370, 3.321
10.75, 0.1375, 2.737
10.76, 0.1380, 2.626
10.77, 0.1385, 2.523
10.78, 0.1390, 2.914
10.79, 0.1395, 2.763
10.80, 0.1400, 3.198
10.81, 0.1405, 2.768
10.82, 0.1410, 2.670
10.83, 0.1415, 2.959
10.84, 0.1420, 2.914
10.85, 0.1425, 3.548
10.86, 0.1430, 2.919
10.87, 0.1435, 2.819
10.88, 0.1440, 3.076
10.89, 0.1445, 3.186
10.90, 0.1450, 3.932
10.91, 0.1455, 3.018
10.92, 0.1460, 2.901
10.93, 0.1465, 3.171
10.94, 0.1470, 3.117
10.95, 0.1475, 3.642
10.96, 0.1480, 3.268
10.97, 0.1485, 2.940
10.98, 0.1490, 3.251
10.99, 0.1495, 3.926
11.00, 0.1500, 3.290
11.01, 0.1505, 3.260
11.02, 0.1510, 2.991
11.03, 0.1515, 3.245
11.04, 0.1520, 3.989
11.05, 0.1525, 3.410
11.06, 0.1530, 3.213
11.07, 0.1535, 3.118
11.08, 0.1540, 3.357
11.09, 0.1545, 4.020
11.10, 0.1550, 3.846
11.11, 0.1555, 3.467
11.12, 0.1560, 3.201
11.13, 0.1565, 3.466
11.14, 0.1570, 3.700
11.15, 0.1575, 4.288
11.16, 0.1580, 3.394
11.17, 0.1585, 3.313
11.18, 0.1590, 3.657
11.19, 0.1595, 4.218
11.20, 0.1600, 3.804
11.21, 0.1605, 3.538
11.22, 0.1610, 3.455
11.23, 0.1615, 3.633
11.24, 0.1620, 4.263
11.25, 0.1625, 3.777
11.26, 0.1630, 3.676
11.27, 0.1635, 3.515
11.28, 0.1640, 3.816
11.29, 0.1645, 4.511
11.30, 0.1650, 3.944
11.31, 0.1655, 4.229
11.32, 0.1660, 3.613
11.33, 0.1665, 3.900
11.34, 0.1670, 4.717
11.35, 0.1675, 4.068
11.36, 0.1680, 3.981
11.37, 0.1685, 3.732
11.38, 0.1690, 4.179
11.39, 0.1695, 5.370
11.40, 0.1700, 4.544
11.41, 0.1705, 4.096
11.42, 0.1710, 3.809
11.43, 0.1715, 4.065
11.44, 0.1720, 4.442
11.45, 0.1725, 4.947
11.46, 0.1730, 4.005
11.47, 0.1735, 3.858
11.48, 0.1740, 4.434
11.49, 0.1745, 4.752
11.50, 0.1750, 4.783
11.51, 0.1755, 4.185
11.52, 0.1760, 3.995
11.53, 0.1765, 4.302
11.54, 0.1770, 5.088
11.55, 0.1775, 5.047
11.56, 0.1780, 4.388
11.57, 0.1785, 4.127
11.58, 0.1790, 4.614
11.59, 0.1795, 5.660
11.60, 0.1800, 4.710
11.61, 0.1805, 4.454
11.62, 0.1810, 4.240
11.63, 0.1815, 4.694
11.64, 0.1820, 4.785
11.65, 0.1825, 5.227
11.66, 0.1830, 4.588
11.67, 0.1835, 4.362
11.68, 0.1840, 5.169
11.69, 0.1845, 5.029
11.70, 0.1850, 5.537
11.71, 0.1855, 4.541
11.72, 0.1860, 4.417
11.73, 0.1865, 4.942
11.74, 0.1870, 6.474
11.75, 0.1875, 6.016
11.76, 0.1880, 4.792
11.77, 0.1885, 4.645
11.78, 0.1890, 5.398
11.79, 0.1895, 5.157
11.80, 0.1900, 5.365
11.81, 0.1905, 4.891
11.82, 0.1910, 4.683
11.83, 0.1915, 5.305
11.84, 0.1920, 5.493
11.85, 0.1925, 5.309
11.86, 0.1930, 4.932
11.87, 0.1935, 4.785
11.88, 0.1940, 5.406
11.89, 0.1945, 6.140
11.90, 0.1950, 6.125
11.91, 0.1955, 5.187
11.92, 0.1960, 4.882
11.93, 0.1965, 5.582
11.94, 0.1970, 6.325
11.95, 0.1975, 7.388
11.96, 0.1980, 5.423
11.97, 0.1985, 5.167
11.98, 0.1990, 5.883
11.99, 0.1995, 6.313
12.00, 0.2000, 6.619
12.01, 0.2005, 5.394
12.02, 0.2010, 5.263
12.03, 0.2015, 5.949
12.04, 0.2020, 6.611
12.05, 0.2025, 6.534
12.06, 0.2030, 6.002
12.07, 0.2035, 5.401
12.08, 0.2040, 6.301
12.09, 0.2045, 6.603
12.10, 0.2050, 6.497
12.11, 0.2055, 5.709
12.12, 0.2060, 5.643
12.13, 0.2065, 6.559
12.14, 0.2070, 7.425
12.15, 0.2075, 6.936
12.16, 0.2080, 6.200
12.17, 0.2085, 5.843
12.18, 0.2090, 6.533
12.19, 0.2095, 7.757
12.20, 0.2100, 7.088
12.21, 0.2105, 6.330
12.22, 0.2110, 5.941
12.23, 0.2115, 7.493
12.24, 0.2120, 7.848
12.25, 0.2125, 7.241
12.26, 0.2130, 6.518
12.27, 0.2135, 6.036
12.28, 0.2140, 6.952
12.29, 0.2145, 7.213
12.30, 0.2150, 7.747
12.31, 0.2155, 6.615
12.32, 0.2160, 6.371
12.33, 0.2165, 7.364
12.34, 0.2170, 7.538
12.35, 0.2175, 8.110
12.36, 0.2180, 6.844
12.37, 0.2185, 6.577
12.38, 0.2190, 7.961
12.39, 0.2195, 8.524
12.40, 0.2200, 8.750
12.41, 0.2205, 7.371
12.42, 0.2210, 6.803
12.43, 0.2215, 7.314
12.44, 0.2220, 9.175
12.45, 0.2225, 8.377
12.46, 0.2230, 7.487
12.47, 0.2235, 7.027
12.48, 0.2240, 7.801
12.49, 0.2245, 8.350
12.50, 0.2250, 9.550
12.51, 0.2255, 7.514
12.52, 0.2260, 7.365
12.53, 0.2265, 8.194
12.54, 0.2270, 10.12
12.55, 0.2275, 8.898
12.56, 0.2280, 8.012
12.57, 0.2285, 7.450
12.58, 0.2290, 8.705
12.59, 0.2295, 9.868
12.60, 0.2300, 8.906
12.61, 0.2305, 8.094
12.62, 0.2310, 7.865
12.63, 0.2315, 8.502
12.64, 0.2320, 10.29
12.65, 0.2325, 9.951
12.66, 0.2330, 8.361
12.67, 0.2335, 7.867
12.68, 0.2340, 8.877
12.69, 0.2345, 10.66
12.70, 0.2350, 9.159
12.71, 0.2355, 8.971
12.72, 0.2360, 8.188
12.73, 0.2365, 9.244
12.74, 0.2370, 10.10
12.75, 0.2375, 10.15
12.76, 0.2380, 8.734
12.77, 0.2385, 8.334
12.78, 0.2390, 10.38
12.79, 0.2395, 10.91
12.80, 0.2400, 10.98
12.81, 0.2405, 8.991
12.82, 0.2410, 8.515
12.83, 0.2415, 10.04
12.84, 0.2420, 11.34
12.85, 0.2425, 9.609
12.86, 0.2430, 9.228
12.87, 0.2435, 8.677
12.88, 0.2440, 10.30
12.89, 0.2445, 11.83
12.90, 0.2450, 10.58
12.91, 0.2455, 9.401
12.92, 0.2460, 9.118
12.93, 0.2465, 10.61
12.94, 0.2470, 12.72
12.95, 0.2475, 11.68
12.96, 0.2480, 9.958
12.97, 0.2485, 9.412
12.98, 0.2490, 11.25
12.99, 0.2495, 11.26
13.00, 0.2500, 12.85
13.01, 0.2505, 9.724
13.02, 0.2510, 9.440
13.03, 0.2515, 11.18
13.04, 0.2520, 13.20
13.05, 0.2525, 11.49
13.06, 0.2530, 10.45
13.07, 0.2535, 9.863
13.08, 0.2540, 11.32
13.09, 0.2545, 12.36
13.10, 0.2550, 12.33
13.11, 0.2555, 10.33
13.12, 0.2560, 10.17
13.13, 0.2565, 11.81
13.14, 0.2570, 12.17
13.15, 0.2575, 12.62
13.16, 0.2580, 10.55
13.17, 0.2585, 10.11
13.18, 0.2590, 11.88
13.19, 0.2595, 13.16
13.20, 0.2600, 13.52
13.21, 0.2605, 10.93
13.22, 0.2610, 10.30
13.23, 0.2615, 11.79
13.24, 0.2620, 13.91
13.25, 0.2625, 12.17
13.26, 0.2630, 11.46
13.27, 0.2635, 10.50
13.28, 0.2640, 12.46
13.29, 0.2645, 12.56
13.30, 0.2650, 12.96
13.31, 0.2655, 11.61
13.32, 0.2660, 10.56
13.33, 0.2665, 11.40
13.34, 0.2670, 13.04
13.35, 0.2675, 13.58
13.36, 0.2680, 11.69
13.37, 0.2685, 10.91
13.38, 0.2690, 13.46
13.39, 0.2695, 14.58
13.40, 0.2700, 11.82
13.41, 0.2705, 12.75
13.42, 0.2710, 10.98
13.43, 0.2715, 12.45
13.44, 0.2720, 15.94
13.45, 0.2725, 12.60
13.46, 0.2730, 11.43
13.47, 0.2735, 11.24
13.48, 0.2740, 13.63
13.49, 0.2745, 16.32
13.50, 0.2750, 15.10
13.51, 0.2755, 13.02
13.52, 0.2760, 11.89
13.53, 0.2765, 13.92
13.54, 0.2770, 15.13
13.55, 0.2775, 14.84
13.56, 0.2780, 12.32
13.57, 0.2785, 11.95
13.58, 0.2790, 15.19
13.59, 0.2795, 16.13
13.60, 0.2800, 16.33
13.61, 0.2805, 12.78
13.62, 0.2810, 12.29
13.63, 0.2815, 13.89
13.64, 0.2820, 16.00
13.65, 0.2825, 15.64
13.66, 0.2830, 12.74
13.67, 0.2835, 12.30
13.68, 0.2840, 15.12
13.69, 0.2845, 17.61
13.70, 0.2850, 14.36
13.71, 0.2855, 13.29
13.72, 0.2860, 11.97
13.73, 0.2865, 13.46
13.74, 0.2870, 15.29
13.75, 0.2875, 15.30
13.76, 0.2880, 13.27
13.77, 0.2885, 12.66
13.78, 0.2890, 14.31
13.79, 0.2895, 16.64
13.80, 0.2900, 15.17
13.81, 0.2905, 13.67
13.82, 0.2910, 12.82
13.83, 0.2915, 15.15
13.84, 0.2920, 18.25
13.85, 0.2925, 14.36
13.86, 0.2930, 13.50
13.87, 0.2935, 12.52
13.88, 0.2940, 17.15
13.89, 0.2945, 16.84
13.90, 0.2950, 15.93
13.91, 0.2955, 14.02
13.92, 0.2960, 12.97
13.93, 0.2965, 15.63
13.94, 0.2970, 16.31
13.95, 0.2975, 16.78
13.96, 0.2980, 14.11
13.97, 0.2985, 13.45
13.98, 0.2990, 15.66
13.99, 0.2995, 17.67
14.00, 0.3000, 18.28
14.01, 0.3005, 14.69
14.02, 0.3010, 13.59
14.03, 0.3015, 17.07
14.04, 0.3020, 17.73
14.05, 0.3025, 17.07
14.06, 0.3030, 14.22
14.07, 0.3035, 13.53
14.08, 0.3040, 16.87
14.09, 0.3045, 19.11
14.10, 0.3050, 18.72
14.11, 0.3055, 14.66
14.12, 0.3060, 13.57
14.13, 0.3065, 16.14
14.14, 0.3070, 18.92
14.15, 0.3075, 15.72
14.16, 0.3080, 14.25
14.17, 0.3085, 13.69
14.18, 0.3090, 16.52
14.19, 0.3095, 19.52
14.20, 0.3100, 19.15
14.21, 0.3105, 15.57
14.22, 0.3110, 14.57
14.23, 0.3115, 18.06
14.24, 0.3120, 20.58
14.25, 0.3125, 17.13
14.26, 0.3130, 15.10
14.27, 0.3135, 14.19
14.28, 0.3140, 18.26
14.29, 0.3145, 20.77
14.30, 0.3150, 18.59
14.31, 0.3155, 14.59
14.32, 0.3160, 13.12
14.33, 0.3165, 18.69
14.34, 0.3170, 17.39
14.35, 0.3175, 17.61
14.36, 0.3180, 15.04
14.37, 0.3185, 13.74
14.38, 0.3190, 18.14
14.39, 0.3195, 19.45
14.40, 0.3200, 18.03
14.41, 0.3205, 16.46
14.42, 0.3210, 15.19
14.43, 0.3215, 17.78
14.44, 0.3220, 21.06
14.45, 0.3225, 18.23
14.46, 0.3230, 15.66
14.47, 0.3235, 14.88
14.48, 0.3240, 19.32
14.49, 0.3245, 20.59
14.50, 0.3250, 20.89
14.51, 0.3255, 15.80
14.52, 0.3260, 15.06
14.53, 0.3265, 17.40
14.54, 0.3270, 20.98
14.55, 0.3275, 18.69
14.56, 0.3280, 16.32
14.57, 0.3285, 15.37
14.58, 0.3290, 20.17
14.59, 0.3295, 20.07
14.60, 0.3300, 20.14
14.61, 0.3305, 16.72
14.62, 0.3310, 15.54
14.63, 0.3315, 18.27
14.64, 0.3320, 22.64
14.65, 0.3325, 19.13
14.66, 0.3330, 16.40
14.67, 0.3335, 15.61
14.68, 0.3340, 20.52
14.69, 0.3345, 20.97
14.70, 0.3350, 21.43
14.71, 0.3355, 15.77
14.72, 0.3360, 15.52
14.73, 0.3365, 18.59
14.74, 0.3370, 22.72
14.75, 0.3375, 19.85
14.76, 0.3380, 16.32
14.77, 0.3385, 15.01
14.78, 0.3390, 19.65
14.79, 0.3395, 20.14
14.80, 0.3400, 19.46
14.81, 0.3405, 15.91
14.82, 0.3410, 15.75
14.83, 0.3415, 18.17
14.84, 0.3420, 21.80
14.85, 0.3425, 21.26
14.86, 0.3430, 17.16
14.87, 0.3435, 16.06
14.88, 0.3440, 22.85
14.89, 0.3445, 20.41
14.90, 0.3450, 19.24
14.91, 0.3455, 17.26
14.92, 0.3460, 15.13
14.93, 0.3465, 20.22
14.94, 0.3470, 22.17
14.95, 0.3475, 18.19
14.96, 0.3480, 16.19
14.97, 0.3485, 15.01
14.98, 0.3490, 20.35
14.99, 0.3495, 20.70
15.00, 0.3500, 21.40
15.01, 0.3505, 17.09
15.02, 0.3510, 15.76
15.03, 0.3515, 19.83
15.04, 0.3520, 23.93
15.05, 0.3525, 20.63
15.06, 0.3530, 17.61
15.07, 0.3535, 16.15
15.08, 0.3540, 20.71
15.09, 0.3545, 21.10
15.10, 0.3550, 21.85
15.11, 0.3555, 16.77
15.12, 0.3560, 14.68
15.13, 0.3565, 21.64
15.14, 0.3570, 22.01
15.15, 0.3575, 21.85
15.16, 0.3580, 16.85
15.17, 0.3585, 15.24
15.18, 0.3590, 19.86
15.19, 0.3595, 23.56
15.20, 0.3600, 21.33
15.21, 0.3605, 16.43
15.22, 0.3610, 15.12
15.23, 0.3615, 20.36
15.24, 0.3620, 23.50
15.25, 0.3625, 22.59
15.26, 0.3630, 17.48
15.27, 0.3635, 16.42
15.28, 0.3640, 21.32
15.29, 0.3645, 23.63
15.30, 0.3650, 21.00
15.31, 0.3655, 17.64
15.32, 0.3660, 16.08
15.33, 0.3665, 18.80
15.34, 0.3670, 23.48
15.35, 0.3675, 19.60
15.36, 0.3680, 17.67
15.37, 0.3685, 15.09
15.38, 0.3690, 21.27
15.39, 0.3695, 21.64
15.40, 0.3700, 21.83
15.41, 0.3705, 18.87
15.42, 0.3710, 16.36
15.43, 0.3715, 19.73
15.44, 0.3720, 25.46
15.45, 0.3725, 21.46
15.46, 0.3730, 17.19
15.47, 0.3735, 16.53
15.48, 0.3740, 23.41
15.49, 0.3745, 23.52
15.50, 0.3750, 24.33
15.51, 0.3755, 17.22
15.52, 0.3760, 16.83
15.53, 0.3765, 22.08
15.54, 0.3770, 23.90
15.55, 0.3775, 21.47
15.56, 0.3780, 17.78
15.57, 0.3785, 16.81
15.58, 0.3790, 22.78
15.59, 0.3795, 24.90
15.60, 0.3800, 20.50
15.61, 0.3805, 17.26
15.62, 0.3810, 16.59
15.63, 0.3815, 20.77
15.64, 0.3820, 25.11
15.65, 0.3825, 21.21
15.66, 0.3830, 17.73
15.67, 0.3835, 16.70
15.68, 0.3840, 23.73
15.69, 0.3845, 24.41
15.70, 0.3850, 23.39
15.71, 0.3855, 16.86
15.72, 0.3860, 16.77
15.73, 0.3865, 22.29
15.74, 0.3870, 26.02
15.75, 0.3875, 22.04
15.76, 0.3880, 18.10
15.77, 0.3885, 16.93
15.78, 0.3890, 23.71
15.79, 0.3895, 25.34
15.80, 0.3900, 22.15
15.81, 0.3905, 17.15
15.82, 0.3910, 17.36
15.83, 0.3915, 19.56
15.84, 0.3920, 23.74
15.85, 0.3925, 21.80
15.86, 0.3930, 17.14
15.87, 0.3935, 16.36
15.88, 0.3940, 20.89
15.89, 0.3945, 24.90
15.90, 0.3950, 23.04
15.91, 0.3955, 18.61
15.92, 0.3960, 17.34
15.93, 0.3965, 21.11
15.94, 0.3970, 24.28
15.95, 0.3975, 21.08
15.96, 0.3980, 18.01
15.97, 0.3985, 16.35
15.98, 0.3990, 22.84
15.99, 0.3995, 23.50
16.00, 0.4000, 22.18
16.01, 0.3995, 16.52
16.02, 0.3990, 15.51
16.03, 0.3985, 23.02
16.04, 0.3980, 23.34
16.05, 0.3975, 23.26
16.06, 0.3970, 17.65
16.07, 0.3965, 16.74
16.08, 0.3960, 22.69
16.09, 0.3955, 23.58
16.10, 0.3950, 20.83
16.11, 0.3945, 16.60
16.12, 0.3940, 15.68
16.13, 0.3935, 21.95
16.14, 0.3930, 24.55
16.15, 0.3925, 21.26
16.16, 0.3920, 16.04
16.17, 0.3915, 15.39
16.18, 0.3910, 20.57
16.19, 0.3905, 22.58
16.20, 0.3900, 20.14
16.21, 0.3895, 16.77
16.22, 0.3890, 14.31
16.23, 0.3885, 21.13
16.24, 0.3880, 19.91
16.25, 0.3875, 19.07
16.26, 0.3870, 13.78
16.27, 0.3865, 14.25
16.28, 0.3860, 21.66
16.29, 0.3855, 24.30
16.30, 0.3850, 22.07
16.31, 0.3845, 14.81
16.32, 0.3840, 14.40
16.33, 0.3835, 19.54
16.34, 0.3830, 22.31
16.35, 0.3825, 15.92
16.36, 0.3820, 15.32
16.37, 0.3815, 14.10
16.38, 0.3810, 19.74
16.39, 0.3805, 19.80
16.40, 0.3800, 16.29
16.41, 0.3795, 14.44
16.42, 0.3790, 13.07
16.43, 0.3785, 15.53
16.44, 0.3780, 17.05
16.45, 0.3775, 17.34
16.46, 0.3770, 14.72
16.47, 0.3765, 13.10
16.48, 0.3760, 19.17
16.49, 0.3755, 21.01
16.50, 0.3750, 19.03
16.51, 0.3745, 14.92
16.52, 0.3740, 14.76
16.53, 0.3735, 16.57
16.54, 0.3730, 22.25
16.55, 0.3725, 17.15
16.56, 0.3720, 13.54
16.57, 0.3715, 13.44
16.58, 0.3710, 18.68
16.59, 0.3705, 18.67
16.60, 0.3700, 18.43
16.61, 0.3695, 13.85
16.62, 0.3690, 13.67
16.63, 0.3685, 16.73
16.64, 0.3680, 19.72
16.65, 0.3675, 18.62
16.66, 0.3670, 13.01
16.67, 0.3665, 13.20
16.68, 0.3660, 18.65
16.69, 0.3655, 18.18
16.70, 0.3650, 18.18
16.71, 0.3645, 12.74
16.72, 0.3640, 12.90
16.73, 0.3635, 16.81
16.74, 0.3630, 18.57
16.75, 0.3625, 17.20
16.76, 0.3620, 12.18
16.77, 0.3615, 12.51
16.78, 0.3610, 17.46
16.79, 0.3605, 19.29
16.80, 0.3600, 15.84
16.81, 0.3595, 12.52
16.82, 0.3590, 12.72
16.83, 0.3585, 15.53
16.84, 0.3580, 17.68
16.85, 0.3575, 15.37
16.86, 0.3570, 11.61
16.87, 0.3565, 11.63
16.88, 0.3560, 15.41
16.89, 0.3555, 18.33
16.90, 0.3550, 15.36
16.91, 0.3545, 11.45
16.92, 0.3540, 11.40
16.93, 0.3535, 14.32
16.94, 0.3530, 19.18
16.95, 0.3525, 15.69
16.96, 0.3520, 11.08
16.97, 0.3515, 11.58
16.98, 0.3510, 15.87
16.99, 0.3505, 16.78
17.00, 0.3500, 13.12
17.01, 0.3495, 10.88
17.02, 0.3490, 10.84
17.03, 0.3485, 15.94
17.04, 0.3480, 17.29
17.05, 0.3475, 14.61
17.06, 0.3470, 10.90
17.07, 0.3465, 11.06
17.08, 0.3460, 15.29
17.09, 0.3455, 16.99
17.10, 0.3450, 15.82
17.11, 0.3445, 11.20
17.12, 0.3440, 11.37
17.13, 0.3435, 13.41
17.14, 0.3430, 15.62
17.15, 0.3425, 15.42
17.16, 0.3420, 9.882
17.17, 0.3415, 10.55
17.18, 0.3410, 15.03
17.19, 0.3405, 17.12
17.20, 0.3400, 14.29
17.21, 0.3395, 11.04
17.22, 0.3390, 10.69
17.23, 0.3385, 13.89
17.24, 0.3380, 14.63
17.25, 0.3375, 14.14
17.26, 0.3370, 10.29
17.27, 0.3365, 10.62
17.28, 0.3360, 12.55
17.29, 0.3355, 15.08
17.30, 0.3350, 13.40
17.31, 0.3345, 9.730
17.32, 0.3340, 10.50
17.33, 0.3335, 13.60
17.34, 0.3330, 17.34
17.35, 0.3325, 13.57
17.36, 0.3320, 10.21
17.37, 0.3315, 10.21
17.38, 0.3310, 12.05
17.39, 0.3305, 13.43
17.40, 0.3300, 12.19
17.41, 0.3295, 10.27
17.42, 0.3290, 8.907
17.43, 0.3285, 12.79
17.44, 0.3280, 13.14
17.45, 0.3275, 11.98
17.46, 0.3270, 9.719
17.47, 0.3265, 9.894
17.48, 0.3260, 13.39
17.49, 0.3255, 14.98
17.50, 0.3250, 12.10
17.51, 0.3245, 9.129
17.52, 0.3240, 9.934
17.53, 0.3235, 11.49
17.54, 0.3230, 14.70
17.55, 0.3225, 13.99
17.56, 0.3220, 9.309
17.57, 0.3215, 9.685
17.58, 0.3210, 12.57
17.59, 0.3205, 14.77
17.60, 0.3200, 11.97
17.61, 0.3195, 9.086
17.62, 0.3190, 8.967
17.63, 0.3185, 11.53
17.64, 0.3180, 15.23
17.65, 0.3175, 11.14
17.66, 0.3170, 8.853
17.67, 0.3165, 9.324
17.68, 0.3160, 13.19
17.69, 0.3155, 13.27
17.70, 0.3150, 11.80
17.71, 0.3145, 8.749
17.72, 0.3140, 9.157
17.73, 0.3135, 10.73
17.74, 0.3130, 14.38
17.75, 0.3125, 11.77
17.76, 0.3120, 8.656
17.77, 0.3115, 9.149
17.78, 0.3110, 12.15
17.79, 0.3105, 14.47
17.80, 0.3100, 10.56
17.81, 0.3095, 8.204
17.82, 0.3090, 9.158
17.83, 0.3085, 11.64
17.84, 0.3080, 11.56
17.85, 0.3075, 12.01
17.86, 0.3070, 8.084
17.87, 0.3065, 8.591
17.88, 0.3060, 11.15
17.89, 0.3055, 12.86
17.90, 0.3050, 9.808
17.91, 0.3045, 8.368
17.92, 0.3040, 8.194
17.93, 0.3035, 10.30
17.94, 0.3030, 11.41
17.95, 0.3025, 10.24
17.96, 0.3020, 7.451
17.97, 0.3015, 8.250
17.98, 0.3010, 12.69
17.99, 0.3005, 12.04
18.00, 0.3000, 10.24
18.01, 0.2995, 8.462
18.02, 0.2990, 8.467
18.03, 0.2985, 10.60
18.04, 0.2980, 10.89
18.05, 0.2975, 8.478
18.06, 0.2970, 7.546
18.07, 0.2965, 7.935
18.08, 0.2960, 11.75
18.09, 0.2955, 11.76
18.10, 0.2950, 10.59
18.11, 0.2945, 7.749
18.12, 0.2940, 7.738
18.13, 0.2935, 9.909
18.14, 0.2930, 12.38
18.15, 0.2925, 10.45
18.16, 0.2920, 7.496
18.17, 0.2915, 7.669
18.18, 0.2910, 10.19
18.19, 0.2905, 10.29
18.20, 0.2900, 10.91
18.21, 0.2895, 7.151
18.22, 0.2890, 7.383
18.23, 0.2885, 9.800
18.24, 0.2880, 10.39
18.25, 0.2875, 9.654
18.26, 0.2870, 7.408
18.27, 0.2865, 7.024
18.28, 0.2860, 9.162
18.29, 0.2855, 10.81
18.30, 0.2850, 9.387
18.31, 0.2845, 7.210
18.32, 0.2840, 7.041
18.33, 0.2835, 9.249
18.34, 0.2830, 10.15
18.35, 0.2825, 8.704
18.36, 0.2820, 6.889
18.37, 0.2815, 7.220
18.38, 0.2810, 9.418
18.39, 0.2805, 11.69
18.40, 0.2800, 8.887
18.41, 0.2795, 6.599
18.42, 0.2790, 6.029
18.43, 0.2785, 7.649
18.44, 0.2780, 8.520
18.45, 0.2775, 7.665
18.46, 0.2770, 6.845
18.47, 0.2765, 6.112
18.48, 0.2760, 7.526
18.49, 0.2755, 9.053
18.50, 0.2750, 8.601
18.51, 0.2745, 6.828
18.52, 0.2740, 6.267
18.53, 0.2735, 8.228
18.54, 0.2730, 10.23
18.55, 0.2725, 8.345
18.56, 0.2720, 6.093
18.57, 0.2715, 6.461
18.58, 0.2710, 9.187
18.59, 0.2705, 9.981
18.60, 0.2700, 9.852
18.61, 0.2695, 6.495
18.62, 0.2690, 6.579
18.63, 0.2685, 7.375
18.64, 0.2680, 10.69
18.65, 0.2675, 7.926
18.66, 0.2670, 6.238
18.67, 0.2665, 6.327
18.68, 0.2660, 9.183
18.69, 0.2655, 8.387
18.70, 0.2650, 9.242
18.71, 0.2645, 6.244
18.72, 0.2640, 6.355
18.73, 0.2635, 7.995
18.74, 0.2630, 9.641
18.75, 0.2625, 7.878
18.76, 0.2620, 6.287
18.77, 0.2615, 6.171
18.78, 0.2610, 7.977
18.79, 0.2605, 9.366
18.80, 0.2600, 8.372
18.81, 0.2595, 5.522
18.82, 0.2590, 5.727
18.83, 0.2585, 7.356
18.84, 0.2580, 9.050
18.85, 0.2575, 7.793
18.86, 0.2570, 5.715
18.87, 0.2565, 5.910
18.88, 0.2560, 7.330
18.89, 0.2555, 9.084
18.90, 0.2550, 7.312
18.91, 0.2545, 5.680
18.92, 0.2540, 5.730
18.93, 0.2535, 6.841
18.94, 0.2530, 7.655
18.95, 0.2525, 6.726
18.96, 0.2520, 5.570
18.97, 0.2515, 5.398
18.98, 0.2510, 7.879
18.99, 0.2505, 6.830
19.00, 0.2500, 6.757
19.01, 0.2495, 5.505
19.02, 0.2490, 5.627
19.03, 0.2485, 6.811
19.04, 0.2480, 8.609
19.05, 0.2475, 6.464
19.06, 0.2470, 5.524
19.07, 0.2465, 5.209
19.08, 0.2460, 6.866
19.09, 0.2455, 6.997
19.10, 0.2450, 6.475
19.11, 0.2445, 5.271
19.12, 0.2440, 5.681
19.13, 0.2435, 7.430
19.14, 0.2430, 6.991
19.15, 0.2425, 6.878
19.16, 0.2420, 5.058
19.17, 0.2415, 5.274
19.18, 0.2410, 6.589
19.19, 0.2405, 8.247
19.20, 0.2400, 6.795
19.21, 0.2395, 5.142
19.22, 0.2390, 5.086
19.23, 0.2385, 6.526
19.24, 0.2380, 6.697
19.25, 0.2375, 7.458
19.26, 0.2370, 4.876
19.27, 0.2365, 4.940
19.28, 0.2360, 6.244
19.29, 0.2355, 7.384
19.30, 0.2350, 6.286
19.31, 0.2345, 4.820
19.32, 0.2340, 4.773
19.33, 0.2335, 5.918
19.34, 0.2330, 7.351
19.35, 0.2325, 5.689
19.36, 0.2320, 4.685
19.37, 0.2315, 4.651
19.38, 0.2310, 5.859
19.39, 0.2305, 7.700
19.40, 0.2300, 6.172
19.41, 0.2295, 4.822
19.42, 0.2290, 4.711
19.43, 0.2285, 5.749
19.44, 0.2280, 5.285
19.45, 0.2275, 5.855
19.46, 0.2270, 4.524
19.47, 0.2265, 4.394
19.48, 0.2260, 5.705
19.49, 0.2255, 6.510
19.50, 0.2250, 5.171
19.51, 0.2245, 4.647
19.52, 0.2240, 4.383
19.53, 0.2235, 4.652
19.54, 0.2230, 6.484
19.55, 0.2225, 5.131
19.56, 0.2220, 4.372
19.57, 0.2215, 4.378
19.58, 0.2210, 5.333
19.59, 0.2205, 7.126
19.60, 0.2200, 5.255
19.61, 0.2195, 4.413
19.62, 0.2190, 4.459
19.63, 0.2185, 5.260
19.64, 0.2180, 5.931
19.65, 0.2175, 5.438
19.66, 0.2170, 4.154
19.67, 0.2165, 4.240
19.68, 0.2160, 5.415
19.69, 0.2155, 6.191
19.70, 0.2150, 4.761
19.71, 0.2145, 4.085
19.72, 0.2140, 4.266
19.73, 0.2135, 4.974
19.74, 0.2130, 6.746
19.75, 0.2125, 4.756
19.76, 0.2120, 4.027
19.77, 0.2115, 4.070
19.78, 0.2110, 4.988
19.79, 0.2105, 6.380
19.80, 0.2100, 4.507
19.81, 0.2095, 4.015
19.82, 0.2090, 3.985
19.83, 0.2085, 4.629
19.84, 0.2080, 5.510
19.85, 0.2075, 5.301
19.86, 0.2070, 3.818
19.87, 0.2065, 3.987
19.88, 0.2060, 5.249
19.89, 0.2055, 5.372
19.90, 0.2050, 4.689
19.91, 0.2045, 3.883
19.92, 0.2040, 3.881
19.93, 0.2035, 4.490
19.94, 0.2030, 5.061
19.95, 0.2025, 4.501
19.96, 0.2020, 3.856
19.97, 0.2015, 3.835
19.98, 0.2010, 4.580
19.99, 0.2005, 5.118
20.00, 0.2000, 4.247
20.01, 0.1995, 3.688
20.02, 0.1990, 3.704
20.03, 0.1985, 4.043
20.04, 0.1980, 4.403
20.05, 0.1975, 4.208
20.06, 0.1970, 3.530
20.07, 0.1965, 3.535
20.08, 0.1960, 4.296
20.09, 0.1955, 4.384
20.10, 0.1950, 3.880
20.11, 0.1945, 3.298
20.12, 0.1940, 3.365
20.13, 0.1935, 4.081
20.14, 0.1930, 3.898
20.15, 0.1925, 4.568
20.16, 0.1920, 3.398
20.17, 0.1915, 3.392
20.18, 0.1910, 4.105
20.19, 0.1905, 5.154
20.20, 0.1900, 3.783
20.21, 0.1895, 3.312
20.22, 0.1890, 3.265
20.23, 0.1885, 3.917
20.24, 0.1880, 4.965
20.25, 0.1875, 4.072
20.26, 0.1870, 3.114
20.27, 0.1865, 3.253
20.28, 0.1860, 4.125
20.29, 0.1855, 4.057
20.30, 0.1850, 4.551
20.31, 0.1845, 3.096
20.32, 0.1840, 3.158
20.33, 0.1835, 3.686
20.34, 0.1830, 3.966
20.35, 0.1825, 3.692
20.36, 0.1820, 3.190
20.37, 0.1815, 3.121
20.38, 0.1810, 3.712
20.39, 0.1805, 3.732
20.40, 0.1800, 3.770
20.41, 0.1795, 2.823
20.42, 0.1790, 2.946
20.43, 0.1785, 3.485
20.44, 0.1780, 4.011
20.45, 0.1775, 3.804
20.46, 0.1770, 2.896
20.47, 0.1765, 2.779
20.48, 0.1760, 3.751
20.49, 0.1755, 3.729
20.50, 0.1750, 3.122
20.51, 0.1745, 2.750
20.52, 0.1740, 2.710
20.53, 0.1735, 3.333
20.54, 0.1730, 3.731
20.55, 0.1725, 2.881
20.56, 0.1720, 2.764
20.57, 0.1715, 2.691
20.58, 0.1710, 3.370
20.59, 0.1705, 3.094
20.60, 0.1700, 3.401
20.61, 0.1695, 2.690
20.62, 0.1690, 2.755
20.63, 0.1685, 3.030
20.64, 0.1680, 3.951
20.65, 0.1675, 3.202
20.66, 0.1670, 2.497
20.67, 0.1665, 2.618
20.68, 0.1660, 3.209
20.69, 0.1655, 3.744
20.70, 0.1650, 3.010
20.71, 0.1645, 2.538
20.72, 0.1640, 2.512
20.73, 0.1635, 2.855
20.74, 0.1630, 3.915
20.75, 0.1625, 2.852
20.76, 0.1620, 2.408
20.77, 0.1615, 2.490
20.78, 0.1610, 3.178
20.79, 0.1605, 3.062
20.80, 0.1600, 3.011
20.81, 0.1595, 2.347
20.82, 0.1590, 2.449
20.83, 0.1585, 2.921
20.84, 0.1580, 2.971
20.85, 0.1575, 3.149
20.86, 0.1570, 2.215
20.87, 0.1565, 2.300
20.88, 0.1560, 2.914
20.89, 0.1555, 2.979
20.90, 0.1550, 2.698
20.91, 0.1545, 2.233
20.92, 0.1540, 2.258
20.93, 0.1535, 2.630
20.94, 0.1530, 2.939
20.95, 0.1525, 2.556
20.96, 0.1520, 2.053
20.97, 0.1515, 2.141
20.98, 0.1510, 2.756
20.99, 0.1505, 2.824
21.00, 0.1500, 2.682
21.01, 0.1495, 1.995
21.02, 0.1490, 1.976
21.03, 0.1485, 2.282
21.04, 0.1480, 3.068
21.05, 0.1475, 2.190
21.06, 0.1470, 1.981
21.07, 0.1465, 1.945
21.08, 0.1460, 2.454
21.09, 0.1455, 2.400
21.10, 0.1450, 2.261
21.11, 0.1445, 1.916
21.12, 0.1440, 2.005
21.13, 0.1435, 2.551
21.14, 0.1430, 2.932
21.15, 0.1425, 2.075
21.16, 0.1420, 1.806
21.17, 0.1415, 1.906
21.18, 0.1410, 2.458
21.19, 0.1405, 2.478
21.20, 0.1400, 2.223
21.21, 0.1395, 1.856
21.22, 0.1390, 1.877
21.23, 0.1385, 2.394
21.24, 0.1380, 2.448
21.25, 0.1375, 2.042
21.26, 0.1370, 1.754
21.27, 0.1365, 1.801
21.28, 0.1360, 2.137
21.29, 0.1355, 2.742
21.30, 0.1350, 2.003
21.31, 0.1345, 1.668
21.32, 0.1340, 1.642
21.33, 0.1335, 2.115
21.34, 0.1330, 2.492
21.35, 0.1325, 1.849
21.36, 0.1320, 1.626
21.37, 0.1315, 1.537
21.38, 0.1310, 1.965
21.39, 0.1305, 2.138
21.40, 0.1300, 1.791
21.41, 0.1295, 1.495
21.42, 0.1290, 1.544
21.43, 0.1285, 1.730
21.44, 0.1280, 2.047
21.45, 0.1275, 1.731
21.46, 0.1270, 1.470
21.47, 0.1265, 1.504
21.48, 0.1260, 1.951
21.49, 0.1255, 1.738
21.50, 0.1250, 1.668
21.51, 0.1245, 1.446
21.52, 0.1240, 1.391
21.53, 0.1235, 1.725
21.54, 0.1230, 1.938
21.55, 0.1225, 1.599
21.56, 0.1220, 1.336
21.57, 0.1215, 1.335
21.58, 0.1210, 1.958
21.59, 0.1205, 1.627
21.60, 0.1200, 1.663
21.61, 0.1195, 1.396
21.62, 0.1190, 1.338
21.63, 0.1185, 1.646
21.64, 0.1180, 1.605
21.65, 0.1175, 1.662
21.66, 0.1170, 1.320
21.67, 0.1165, 1.294
21.68, 0.1160, 1.678
21.69, 0.1155, 2.071
21.70, 0.1150, 1.437
21.71, 0.1145, 1.311
21.72, 0.1140, 1.238
21.73, 0.1135, 1.530
21.74, 0.1130, 1.757
21.75, 0.1125, 1.509
21.76, 0.1120, 1.099
21.77, 0.1115, 1.112
21.78, 0.1110, 1.433
21.79, 0.1105, 1.539
21.80, 0.1100, 1.582
21.81, 0.1095, 1.060
21.82, 0.1090, 1.041
21.83, 0.1085, 1.387
21.84, 0.1080, 1.413
21.85, 0.1075, 1.237
21.86, 0.1070, 1.009
21.87, 0.1065, 0.9719
21.88, 0.1060, 1.483
21.89, 0.1055, 1.537
21.90, 0.1050, 1.156
21.91, 0.1045, 0.9572
21.92, 0.1040, 1.003
21.93, 0.1035, 1.162
21.94, 0.1030, 1.693
21.95, 0.1025, 1.207
21.96, 0.1020, 0.9335
21.97, 0.1015, 0.9657
21.98, 0.1010, 1.277
21.99, 0.1005, 1.527
22.00, 0.1000, 1.067
22.01, 0.09950, 0.8734
22.02, 0.09900, 0.9209
22.03, 0.09850, 1.177
22.04, 0.09800, 1.175
22.05, 0.09750, 1.087
22.06, 0.09700, 0.8872
22.07, 0.09650, 0.8758
22.08, 0.09600, 1.274
22.09, 0.09550, 1.098
22.10, 0.09500, 0.9009
22.11, 0.09450, 0.8470
22.12, 0.09400, 0.7306
22.13, 0.09350, 0.9684
22.14, 0.09300, 1.156
22.15, 0.09250, 0.8295
22.16, 0.09200, 0.7675
22.17, 0.09150, 0.7135
22.18, 0.09100, 0.9036
22.19, 0.09050, 0.8973
22.20, 0.09000, 0.7599
22.21, 0.08950, 0.6373
22.22, 0.08900, 0.6348
22.23, 0.08850, 0.8233
22.24, 0.08800, 0.9431
22.25, 0.08750, 0.8442
22.26, 0.08700, 0.6627
22.27, 0.08650, 0.6042
22.28, 0.08600, 0.8582
22.29, 0.08550, 0.7974
22.30, 0.08500, 0.7161
22.31, 0.08450, 0.5728
22.32, 0.08400, 0.6122
22.33, 0.08350, 0.8721
22.34, 0.08300, 0.9680
22.35, 0.08250, 0.6715
22.36, 0.08200, 0.5574
22.37, 0.08150, 0.5239
22.38, 0.08100, 0.7830
22.39, 0.08050, 0.9766
22.40, 0.08000, 0.6239
22.41, 0.07950, 0.5617
22.42, 0.07900, 0.4781
22.43, 0.07850, 0.6933
22.44, 0.07800, 0.6516
22.45, 0.07750, 0.6232
22.46, 0.07700, 0.4882
22.47, 0.07650, 0.4826
22.48, 0.07600, 0.6731
22.49, 0.07550, 0.7247
22.50, 0.07500, 0.5666
22.51, 0.07450, 0.4779
22.52, 0.07400, 0.4755
22.53, 0.07350, 0.5804
22.54, 0.07300, 0.9278
22.55, 0.07250, 0.4959
22.56, 0.07200, 0.4142
22.57, 0.07150, 0.3903
22.58, 0.07100, 0.6139
22.59, 0.07050, 0.3485
22.60, 0.07000, 0.3063
22.61, 0.06950, 0.3025
22.62, 0.06900, 0.2636
22.63, 0.06850, 0.4435
22.64, 0.06800, 0.3176
22.65, 0.06750, 0.2996
22.66, 0.06700, 0.2559
22.67, 0.06650, 0.1850
22.68, 0.06600, 0.4204
22.69, 0.06550, 0.4749
22.70, 0.06500, 0.2635
22.71, 0.06450, 0.2838
22.72, 0.06400, 0.1735
22.73, 0.06350, 0.4160
22.74, 0.06300, 0.3480
22.75, 0.06250, 0.2747
22.76, 0.06200, 0.2009
22.77, 0.06150, 0.1633
22.78, 0.06100, 0.3729
22.79, 0.06050, 0.3408
22.80, 0.06000, 0.3344
22.81, 0.05950, 0.2304
22.82, 0.05900, 0.2068
22.83, 0.05850, 0.3175
22.84, 0.05800, 0.3511
22.85, 0.05750, 0.1782
22.86, 0.05700, 0.1325
22.87, 0.05650, 0.07616
22.88, 0.05600, 0.3726
22.89, 0.05550, 0.2101
22.90, 0.05500, 0.1643
22.91, 0.05450, 0.1441
22.92, 0.05400, 0.1518
22.93, 0.05350, 0.3489
22.94, 0.05300, 0.2758
22.95, 0.05250, 0.2318
22.96, 0.05200, 0.1295
22.97, 0.05150, 0.05970
22.98, 0.05100, 0.2201
22.99, 0.05050, 0.3203
23.00, 0.05000, 0.05094
23.01, 0.04950, 0.03177
23.02, 0.04900, -0.04763
23.03, 0.04850, 0.1997
23.04, 0.04800, 0.1350
23.05, 0.04750, 0.05647
23.06, 0.04700, 0.01270
23.07, 0.04650, -0.1219
23.08, 0.04600, 0.01181
23.09, 0.04550, 0.05034
23.10, 0.04500, -0.05100
23.11, 0.04450, -0.02540
23.12, 0.04400, -0.1878
23.13, 0.04350, -0.08067
23.14, 0.04300, -0.0002800
23.15, 0.04250, -0.05665
23.16, 0.04200, -0.08217
23.17, 0.04150, -0.1437
23.18, 0.04100, -0.07530
23.19, 0.04050, -0.04810
23.20, 0.04000, -0.07707
23.21, 0.03950, -0.1234
23.22, 0.03900, -0.1981
23.23, 0.03850, -0.08728
23.24, 0.03800, -0.03647
23.25, 0.03750, -0.1238
23.26, 0.03700, -0.1103
23.27, 0.03650, -0.2634
23.28, 0.03600, -0.06624
23.29, 0.03550, -0.01764
23.30, 0.03500, -0.1130
23.31, 0.03450, -0.1904
23.32, 0.03400, -0.2151
23.33, 0.03350, -0.05970
23.34, 0.03300, -0.09516
23.35, 0.03250, -0.1964
23.36, 0.03200, -0.2300
23.37, 0.03150, -0.2482
23.38, 0.03100, -0.09115
23.39, 0.03050, -0.2188
23.40, 0.03000, -0.2069
23.41, 0.02950, -0.3176
23.42, 0.02900, -0.3557
23.43, 0.02850, -0.2422
23.44, 0.02800, -0.2590
23.45, 0.02750, -0.2702
23.46, 0.02700, -0.3624
23.47, 0.02650, -0.5022
23.48, 0.02600, -0.2303
23.49, 0.02550, -0.2359
23.50, 0.02500, -0.3490
23.51, 0.02450, -0.3825
23.52, 0.02400, -0.5286
23.53, 0.02350, -0.3059
23.54, 0.02300, -0.3165
23.55, 0.02250, -0.3975
23.56, 0.02200, -0.4084
23.57, 0.02150, -0.4648
23.58, 0.02100, -0.2603
23.59, 0.02050, -0.3731
23.60, 0.02000, -0.4056
23.61, 0.01950, -0.4386
23.62, 0.01900, -0.5563
23.63, 0.01850, -0.3507
23.64, 0.01800, -0.3208
23.65, 0.01750, -0.4813
23.66, 0.01700, -0.5130
23.67, 0.01650, -0.5511
23.68, 0.01600, -0.4245
23.69, 0.01550, -0.4586
23.70, 0.01500, -0.5222
23.71, 0.01450, -0.5278
23.72, 0.01400, -0.5432
23.73, 0.01350, -0.3929
23.74, 0.01300, -0.4949
23.75, 0.01250, -0.4857
23.76, 0.01200, -0.5560
23.77, 0.01150, -0.6219
23.78, 0.01100, -0.4369
23.79, 0.01050, -0.4180
23.80, 0.01000, -0.5622
23.81, 0.009500, -0.6215
23.82, 0.009000, -0.6519
23.83, 0.008500, -0.5136
23.84, 0.008000, -0.5083
23.85, 0.007500, -0.7206
23.86, 0.007000, -0.7287
23.87, 0.006500, -0.7043
23.88, 0.006000, -0.5863
23.89, 0.005500, -0.6625
23.90, 0.005000, -0.7057
23.91, 0.004500, -0.7532
23.92, 0.004000, -0.7877
23.93, 0.003500, -0.6489
23.94, 0.003000, -0.7028
23.95, 0.002500, -0.7870
23.96, 0.002000, -0.8090
23.97, 0.001500, -0.8167
23.98, 0.001000, -0.6749
23.99, 0.0005000, -0.7001
24.00, 0.000, -0.8208
24.01, -0.0005000, -0.7668
24.02, -0.001000, -0.8729
24.03, -0.001500, -0.7295
24.04, -0.002000, -0.7172
24.05, -0.002500, -0.7679
24.06, -0.003000, -0.8125
24.07, -0.003500, -0.8584
24.08, -0.004000, -0.6813
24.09, -0.004500, -0.7659
24.10, -0.005000, -0.8203
24.11, -0.005500, -0.7791
24.12, -0.006000, -0.8722
24.13, -0.006500, -0.7397
24.14, -0.007000, -0.7851
24.15, -0.007500, -0.8582
24.16, -0.008000, -0.8323
24.17, -0.008500, -0.8983
24.18, -0.009000, -0.8128
24.19, -0.009500, -0.8741
24.20, -0.01000, -0.9107
24.21, -0.01050, -0.8540
24.22, -0.01100, -0.9612
24.23, -0.01150, -0.8382
24.24, -0.01200, -0.9605
24.25, -0.01250, -0.9500
24.26, -0.01300, -0.9767
24.27, -0.01350, -1.090
24.28, -0.01400, -0.9689
24.29, -0.01450, -0.9696
24.30, -0.01500, -1.047
24.31, -0.01550, -1.018
24.32, -0.01600, -1.135
24.33, -0.01650, -1.051
24.34, -0.01700, -1.028
24.35, -0.01750, -1.048
24.36, -0.01800, -1.066
24.37, -0.01850, -1.180
24.38, -0.01900, -1.075
24.39, -0.01950, -1.010
24.40, -0.02000, -1.091
24.41, -0.02050, -1.094
24.42, -0.02100, -1.200
24.43, -0.02150, -1.070
24.44, -0.02200, -1.112
24.45, -0.02250, -1.122
24.46, -0.02300, -1.121
24.47, -0.02350, -1.206
24.48, -0.02400, -1.103
24.49, -0.02450, -1.102
24.50, -0.02500, -1.106
24.51, -0.02550, -1.170
24.52, -0.02600, -1.269
24.53, -0.02650, -1.106
24.54, -0.02700, -1.171
24.55, -0.02750, -1.198
24.56, -0.02800, -1.162
24.57, -0.02850, -1.261
24.58, -0.02900, -1.145
24.59, -0.02950, -1.198
24.60, -0.03000, -1.211
24.61, -0.03050, -1.204
24.62, -0.03100, -1.286
24.63, -0.03150, -1.183
24.64, -0.03200, -1.219
24.65, -0.03250, -1.289
24.66, -0.03300, -1.236
24.67, -0.03350, -1.371
24.68, -0.03400, -1.232
24.69, -0.03450, -1.310
24.70, -0.03500, -1.364
24.71, -0.03550, -1.346
24.72, -0.03600, -1.467
24.73, -0.03650, -1.321
24.74, -0.03700, -1.428
24.75, -0.03750, -1.409
24.76, -0.03800, -1.371
24.77, -0.03850, -1.465
24.78, -0.03900, -1.386
24.79, -0.03950, -1.406
24.80, -0.04000, -1.490
24.81, -0.04050, -1.463
24.82, -0.04100, -1.500
24.83, -0.04150, -1.387
24.84, -0.04200, -1.462
24.85, -0.04250, -1.513
24.86, -0.04300, -1.469
24.87, -0.04350, -1.498
24.88, -0.04400, -1.400
24.89, -0.04450, -1.487
24.90, -0.04500, -1.545
24.91, -0.04550, -1.469
24.92, -0.04600, -1.538
24.93, -0.04650, -1.451
24.94, -0.04700, -1.517
24.95, -0.04750, -1.491
24.96, -0.04800, -1.550
24.97, -0.04850, -1.574
24.98, -0.04900, -1.463
24.99, -0.04950, -1.543
25.00, -0.05000, -1.571
25.01, -0.05050, -1.535
25.02, -0.05100, -1.626
25.03, -0.05150, -1.477
25.04, -0.05200, -1.604
25.05, -0.05250, -1.608
25.06, -0.05300, -1.573
25.07, -0.05350, -1.627
25.08, -0.05400, -1.604
25.09, -0.05450, -1.618
25.10, -0.05500, -1.670
25.11, -0.05550, -1.619
25.12, -0.05600, -1.737
25.13, -0.05650, -1.675
25.14, -0.05700, -1.729
25.15, -0.05750, -1.803
25.16, -0.05800, -1.669
25.17, -0.05850, -1.800
25.18, -0.05900, -1.709
25.19, -0.05950, -1.768
25.20, -0.06000, -1.810
25.21, -0.06050, -1.711
25.22, -0.06100, -1.852
25.23, -0.06150, -1.704
25.24, -0.06200, -1.845
25.25, -0.06250, -1.833
25.26, -0.06300, -1.811
25.27, -0.06350, -1.843
25.28, -0.06400, -1.769
25.29, -0.06450, -1.786
25.30, -0.06500, -1.861
25.31, -0.06550, -1.773
25.32, -0.06600, -1.863
25.33, -0.06650, -1.797
25.34, -0.06700, -1.823
25.35, -0.06750, -1.883
25.36, -0.06800, -1.838
25.37, -0.06850, -1.951
25.38, -0.06900, -1.826
25.39, -0.06950, -1.891
25.40, -0.07000, -1.912
25.41, -0.07050, -1.854
25.42, -0.07100, -1.933
25.43, -0.07150, -1.853
25.44, -0.07200, -1.925
25.45, -0.07250, -1.930
25.46, -0.07300, -1.878
25.47, -0.07350, -1.990
25.48, -0.07400, -1.894
25.49, -0.07450, -1.975
25.50, -0.07500, -1.947
25.51, -0.07550, -1.966
25.52, -0.07600, -2.023
25.53, -0.07650, -2.019
25.54, -0.07700, -2.070
25.55, -0.07750, -2.075
25.56, -0.07800, -2.066
25.57, -0.07850, -2.054
25.58, -0.07900, -2.067
25.59, -0.07950, -2.116
25.60, -0.08000, -2.094
25.61, -0.08050, -2.061
25.62, -0.08100, -2.164
25.63, -0.08150, -2.051
25.64, -0.08200, -2.128
25.65, -0.08250, -2.118
25.66, -0.08300, -2.097
25.67, -0.08350, -2.197
25.68, -0.08400, -2.108
25.69, -0.08450, -2.153
25.70, -0.08500, -2.131
25.71, -0.08550, -2.095
25.72, -0.08600, -2.266
25.73, -0.08650, -2.152
25.74, -0.08700, -2.150
25.75, -0.08750, -2.187
25.76, -0.08800, -2.118
25.77, -0.08850, -2.208
25.78, -0.08900, -2.175
25.79, -0.08950, -2.196
25.80, -0.09000, -2.203
25.81, -0.09050, -2.145
25.82, -0.09100, -2.250
25.83, -0.09150, -2.159
25.84, -0.09200, -2.241
25.85, -0.09250, -2.237
25.86, -0.09300, -2.169
25.87, -0.09350, -2.326
25.88, -0.09400, -2.181
25.89, -0.09450, -2.304
25.90, -0.09500, -2.304
25.91, -0.09550, -2.246
25.92, -0.09600, -2.334
25.93, -0.09650, -2.296
25.94, -0.09700, -2.311
25.95, -0.09750, -2.338
25.96, -0.09800, -2.344
25.97, -0.09850, -2.399
25.98, -0.09900, -2.288
25.99, -0.09950, -2.411
26.00, -0.1000, -2.403
26.01, -0.1005, -2.384
26.02, -0.1010, -2.474
26.03, -0.1015, -2.365
26.04, -0.1020, -2.414
26.05, -0.1025, -2.463
26.06, -0.1030, -2.420
26.07, -0.1035, -2.489
26.08, -0.1040, -2.314
26.09, -0.1045, -2.429
26.10, -0.1050, -2.470
26.11, -0.1055, -2.411
26.12, -0.1060, -2.507
26.13, -0.1065, -2.376
26.14, -0.1070, -2.444
26.15, -0.1075, -2.492
26.16, -0.1080, -2.462
26.17, -0.1085, -2.505
26.18, -0.1090, -2.391
26.19, -0.1095, -2.475
26.20, -0.1100, -2.576
26.21, -0.1105, -2.480
26.22, -0.1110, -2.488
26.23, -0.1115, -2.427
26.24, -0.1120, -2.502
26.25, -0.1125, -2.550
26.26, -0.1130, -2.473
26.27, -0.1135, -2.553
26.28, -0.1140, -2.457
26.29, -0.1145, -2.534
26.30, -0.1150, -2.534
26.31, -0.1155, -2.534
26.32, -0.1160, -2.626
26.33, -0.1165, -2.509
26.34, -0.1170, -2.570
26.35, -0.1175, -2.623
26.36, -0.1180, -2.605
26.37, -0.1185, -2.689
26.38, -0.1190, -2.569
26.39, -0.1195, -2.663
26.40, -0.1200, -2.730
26.41, -0.1205, -2.661
26.42, -0.1210, -2.725
26.43, -0.1215, -2.640
26.44, -0.1220, -2.704
26.45, -0.1225, -2.733
26.46, -0.1230, -2.678
26.47, -0.1235, -2.751
26.48, -0.1240, -2.723
26.49, -0.1245, -2.723
26.50, -0.1250, -2.768
26.51, -0.1255, -2.680
26.52, -0.1260, -2.780
26.53, -0.1265, -2.673
26.54, -0.1270, -2.772
26.55, -0.1275, -2.800
26.56, -0.1280, -2.748
26.57, -0.1285, -2.802
26.58, -0.1290, -2.740
26.59, -0.1295, -2.751
26.60, -0.1300, -2.750
26.61, -0.1305, -2.707
26.62, -0.1310, -2.834
26.63, -0.1315, -2.723
26.64, -0.1320, -2.785
26.65, -0.1325, -2.803
26.66, -0.1330, -2.763
26.67, -0.1335, -2.858
26.68, -0.1340, -2.803
26.69, -0.1345, -2.761
26.70, -0.1350, -2.802
26.71, -0.1355, -2.804
26.72, -0.1360, -2.849
26.73, -0.1365, -2.805
26.74, -0.1370, -2.833
26.75, -0.1375, -2.829
26.76, -0.1380, -2.817
26.77, -0.1385, -2.935
26.78, -0.1390, -2.883
26.79, -0.1395, -2.919
26.80, -0.1400, -2.954
26.81, -0.1405, -2.875
26.82, -0.1410, -3.017
26.83, -0.1415, -2.907
26.84, -0.1420, -2.980
26.85, -0.1425, -2.997
26.86, -0.1430, -2.937
26.87, -0.1435, -3.008
26.88, -0.1440, -2.891
26.89, -0.1445, -3.012
26.90, -0.1450, -3.020
26.91, -0.1455, -2.972
26.92, -0.1460, -3.079
26.93, -0.1465, -2.926
26.94, -0.1470, -2.989
26.95, -0.1475, -2.978
26.96, -0.1480, -2.957
26.97, -0.1485, -3.022
26.98, -0.1490, -2.990
26.99, -0.1495, -3.063
27.00, -0.1500, -2.990
27.01, -0.1505, -3.009
27.02, -0.1510, -3.076
27.03, -0.1515, -3.017
27.04, -0.1520, -3.058
27.05, -0.1525, -3.027
27.06, -0.1530, -3.009
27.07, -0.1535, -3.089
27.08, -0.1540, -3.063
27.09, -0.1545, -3.030
27.10, -0.1550, -3.072
27.11, -0.1555, -3.023
27.12, -0.1560, -3.109
27.13, -0.1565, -3.010
27.14, -0.1570, -3.083
27.15, -0.1575, -3.073
27.16, -0.1580, -3.050
27.17, -0.1585, -3.117
27.18, -0.1590, -3.064
27.19, -0.1595, -3.114
27.20, -0.1600, -3.192
27.21, -0.1605, -3.106
27.22, -0.1610, -3.208
27.23, -0.1615, -3.126
27.24, -0.1620, -3.190
27.25, -0.1625, -3.222
27.26, -0.1630, -3.207
27.27, -0.1635, -3.284
27.28, -0.1640, -3.129
27.29, -0.1645, -3.244
27.30, -0.1650, -3.279
27.31, -0.1655, -3.189
27.32, -0.1660, -3.316
27.33, -0.1665, -3.173
27.34, -0.1670, -3.228
27.35, -0.1675, -3.213
27.36, -0.1680, -3.212
27.37, -0.1685, -3.297
27.38, -0.1690, -3.180
27.39, -0.1695, -3.246
27.40, -0.1700, -3.234
27.41, -0.1705, -3.195
27.42, -0.1710, -3.330
27.43, -0.1715, -3.190
27.44, -0.1720, -3.247
27.45, -0.1725, -3.295
27.46, -0.1730, -3.287
27.47, -0.1735, -3.329
27.48, -0.1740, -3.177
27.49, -0.1745, -3.298
27.50, -0.1750, -3.340
27.51, -0.1755, -3.301
27.52, -0.1760, -3.322
27.53, -0.1765, -3.287
27.54, -0.1770, -3.306
27.55, -0.1775, -3.302
27.56, -0.1780, -3.236
27.57, -0.1785, -3.342
27.58, -0.1790, -3.285
27.59, -0.1795, -3.294
27.60, -0.1800, -3.356
27.61, -0.1805, -3.345
27.62, -0.1810, -3.423
27.63, -0.1815, -3.301
27.64, -0.1820, -3.419
27.65, -0.1825, -3.405
27.66, -0.1830, -3.440
27.67, -0.1835, -3.451
27.68, -0.1840, -3.321
27.69, -0.1845, -3.396
27.70, -0.1850, -3.455
27.71, -0.1855, -3.396
27.72, -0.1860, -3.503
27.73, -0.1865, -3.388
27.74, -0.1870, -3.416
27.75, -0.1875, -3.483
27.76, -0.1880, -3.403
27.77, -0.1885, -3.456
27.78, -0.1890, -3.392
27.79, -0.1895, -3.441
27.80, -0.1900, -3.483
27.81, -0.1905, -3.425
27.82, -0.1910, -3.473
27.83, -0.1915, -3.439
27.84, -0.1920, -3.485
27.85, -0.1925, -3.463
27.86, -0.1930, -3.429
27.87, -0.1935, -3.554
27.88, -0.1940, -3.462
27.89, -0.1945, -3.477
27.90, -0.1950, -3.480
27.91, -0.1955, -3.446
27.92, -0.1960, -3.486
27.93, -0.1965, -3.419
27.94, -0.1970, -3.461
27.95, -0.1975, -3.471
27.96, -0.1980, -3.434
27.97, -0.1985, -3.493
27.98, -0.1990, -3.404
27.99, -0.1995, -3.492
28.00, -0.2000, -3.537
28.01, -0.2005, -3.504
28.02, -0.2010, -3.519
28.03, -0.2015, -3.474
28.04, -0.2020, -3.542
28.05, -0.2025, -3.554
28.06, -0.2030, -3.498
28.07, -0.2035, -3.634
28.08, -0.2040, -3.559
28.09, -0.2045, -3.622
28.10, -0.2050, -3.578
28.11, -0.2055, -3.599
28.12, -0.2060, -3.632
28.13, -0.2065, -3.588
28.14, -0.2070, -3.642
28.15, -0.2075, -3.641
28.16, -0.2080, -3.573
28.17, -0.2085, -3.649
28.18, -0.2090, -3.594
28.19, -0.2095, -3.617
28.20, -0.2100, -3.601
28.21, -0.2105, -3.621
28.22, -0.2110, -3.695
28.23, -0.2115, -3.567
28.24, -0.2120, -3.657
28.25, -0.2125, -3.638
28.26, -0.2130, -3.574
28.27, -0.2135, -3.687
28.28, -0.2140, -3.575
28.29, -0.2145, -3.643
28.30, -0.2150, -3.653
28.31, -0.2155, -3.630
28.32, -0.2160, -3.680
28.33, -0.2165, -3.597
28.34, -0.2170, -3.598
28.35, -0.2175, -3.640
28.36, -0.2180, -3.577
28.37, -0.2185, -3.706
28.38, -0.2190, -3.628
28.39, -0.2195, -3.653
28.40, -0.2200, -3.666
28.41, -0.2205, -3.620
28.42, -0.2210, -3.758
28.43, -0.2215, -3.628
28.44, -0.2220, -3.646
28.45, -0.2225, -3.682
28.46, -0.2230, -3.648
28.47, -0.2235, -3.771
28.48, -0.2240, -3.704
28.49, -0.2245, -3.719
28.50, -0.2250, -3.717
28.51, -0.2255, -3.748
28.52, -0.2260, -3.774
28.53, -0.2265, -3.713
28.54, -0.2270, -3.780
28.55, -0.2275, -3.746
28.56, -0.2280, -3.751
28.57, -0.2285, -3.853
28.58, -0.2290, -3.704
28.59, -0.2295, -3.693
28.60, -0.2300, -3.799
28.61, -0.2305, -3.748
28.62, -0.2310, -3.832
28.63, -0.2315, -3.689
28.64, -0.2320, -3.730
28.65, -0.2325, -3.788
28.66, -0.2330, -3.741
28.67, -0.2335, -3.843
28.68, -0.2340, -3.748
28.69, -0.2345, -3.738
28.70, -0.2350, -3.766
28.71, -0.2355, -3.708
28.72, -0.2360, -3.810
28.73, -0.2365, -3.710
28.74, -0.2370, -3.741
28.75, -0.2375, -3.780
28.76, -0.2380, -3.749
28.77, -0.2385, -3.800
28.78, -0.2390, -3.730
28.79, -0.2395, -3.757
28.80, -0.2400, -3.799
28.81, -0.2405, -3.803
28.82, -0.2410, -3.800
28.83, -0.2415, -3.728
28.84, -0.2420, -3.804
28.85, -0.2425, -3.781
28.86, -0.2430, -3.746
28.87, -0.2435, -3.821
28.88, -0.2440, -3.773
28.89, -0.2445, -3.787
28.90, -0.2450, -3.857
28.91, -0.2455, -3.826
28.92, -0.2460, -3.906
28.93, -0.2465, -3.807
28.94, -0.2470, -3.903
28.95, -0.2475, -3.841
28.96, -0.2480, -3.843
28.97, -0.2485, -3.946
28.98, -0.2490, -3.814
28.99, -0.2495, -3.872
29.00, -0.2500, -3.883
29.01, -0.2505, -3.842
29.02, -0.2510, -3.941
29.03, -0.2515, -3.819
29.04, -0.2520, -3.843
29.05, -0.2525, -3.901
29.06, -0.2530, -3.817
29.07, -0.2535, -3.922
29.08, -0.2540, -3.816
29.09, -0.2545, -3.847
29.10, -0.2550, -3.862
29.11, -0.2555, -3.842
29.12, -0.2560, -3.895
29.13, -0.2565, -3.836
29.14, -0.2570, -3.836
29.15, -0.2575, -3.854
29.16, -0.2580, -3.797
29.17, -0.2585, -3.915
29.18, -0.2590, -3.778
29.19, -0.2595, -3.860
29.20, -0.2600, -3.854
29.21, -0.2605, -3.831
29.22, -0.2610, -3.858
29.23, -0.2615, -3.756
29.24, -0.2620, -3.879
29.25, -0.2625, -3.856
29.26, -0.2630, -3.820
29.27, -0.2635, -3.892
29.28, -0.2640, -3.759
29.29, -0.2645, -3.877
29.30, -0.2650, -3.924
29.31, -0.2655, -3.869
29.32, -0.2660, -3.933
29.33, -0.2665, -3.837
29.34, -0.2670, -3.937
29.35, -0.2675, -3.921
29.36, -0.2680, -3.858
29.37, -0.2685, -3.916
29.38, -0.2690, -3.867
29.39, -0.2695, -3.897
29.40, -0.2700, -3.901
29.41, -0.2705, -3.872
29.42, -0.2710, -3.915
29.43, -0.2715, -3.876
29.44, -0.2720, -3.912
29.45, -0.2725, -3.938
29.46, -0.2730, -3.837
29.47, -0.2735, -3.866
29.48, -0.2740, -3.823
29.49, -0.2745, -3.881
29.50, -0.2750, -3.849
29.51, -0.2755, -3.773
29.52, -0.2760, -3.870
29.53, -0.2765, -3.791
29.54, -0.2770, -3.864
29.55, -0.2775, -3.826
29.56, -0.2780, -3.788
29.57, -0.2785, -3.876
29.58, -0.2790, -3.800
29.59, -0.2795, -3.845
29.60, -0.2800, -3.851
29.61, -0.2805, -3.744
29.62, -0.2810, -3.859
29.63, -0.2815, -3.772
29.64, -0.2820, -3.780
29.65, -0.2825, -3.796
29.66, -0.2830, -3.755
29.67, -0.2835, -3.846
29.68, -0.2840, -3.738
29.69, -0.2845, -3.822
29.70, -0.2850, -3.791
29.71, -0.2855, -3.747
29.72, -0.2860, -3.891
29.73, -0.2865, -3.802
29.74, -0.2870, -3.861
29.75, -0.2875, -3.792
29.76, -0.2880, -3.820
29.77, -0.2885, -3.940
29.78, -0.2890, -3.762
29.79, -0.2895, -3.827
29.80, -0.2900, -3.819
29.81, -0.2905, -3.801
29.82, -0.2910, -3.861
29.83, -0.2915, -3.685
29.84, -0.2920, -3.768
29.85, -0.2925, -3.753
29.86, -0.2930, -3.735
29.87, -0.2935, -3.855
29.88, -0.2940, -3.707
29.89, -0.2945, -3.739
29.90, -0.2950, -3.744
29.91, -0.2955, -3.694
29.92, -0.2960, -3.798
29.93, -0.2965, -3.711
29.94, -0.2970, -3.723
29.95, -0.2975, -3.661
29.96, -0.2980, -3.677
29.97, -0.2985, -3.727
29.98, -0.2990, -3.700
29.99, -0.2995, -3.650
30.00, -0.3000, -3.633
30.01, -0.3005, -3.658
30.02, -0.3010, -3.715
30.03, -0.3015, -3.606
30.04, -0.3020, -3.640
30.05, -0.3025, -3.627
30.06, -0.3030, -3.593
30.07, -0.3035, -3.679
30.08, -0.3040, -3.579
30.09, -0.3045, -3.579
30.10, -0.3050, -3.587
30.11, -0.3055, -3.545
30.12, -0.3060, -3.646
30.13, -0.3065, -3.534
30.14, -0.3070, -3.600
30.15, -0.3075, -3.632
30.16, -0.3080, -3.570
30.17, -0.3085, -3.647
30.18, -0.3090, -3.560
30.19, -0.3095, -3.612
30.20, -0.3100, -3.612
30.21, -0.3105, -3.606
30.22, -0.3110, -3.625
30.23, -0.3115, -3.504
30.24, -0.3120, -3.556
30.25, -0.3125, -3.587
30.26, -0.3130, -3.563
30.27, -0.3135, -3.584
30.28, -0.3140, -3.460
30.29, -0.3145, -3.543
30.30, -0.3150, -3.575
30.31, -0.3155, -3.463
30.32, -0.3160, -3.540
30.33, -0.3165, -3.409
30.34, -0.3170, -3.489
30.35, -0.3175, -3.474
30.36, -0.3180, -3.442
30.37, -0.3185, -3.485
30.38, -0.3190, -3.420
30.39, -0.3195, -3.413
30.40, -0.3200, -3.477
30.41, -0.3205, -3.381
30.42, -0.3210, -3.435
30.43, -0.3215, -3.382
30.44, -0.3220, -3.380
30.45, -0.3225, -3.381
30.46, -0.3230, -3.341
30.47, -0.3235, -3.423
30.48, -0.3240, -3.347
30.49, -0.3245, -3.443
30.50, -0.3250, -3.349
30.51, -0.3255, -3.238
30.52, -0.3260, -3.298
30.53, -0.3265, -3.284
30.54, -0.3270, -3.297
30.55, -0.3275, -3.335
30.56, -0.3280, -3.250
30.57, -0.3285, -3.342
30.58, -0.3290, -3.263
30.59, -0.3295, -3.369
30.60, -0.3300, -3.353
30.61, -0.3305, -3.340
30.62, -0.3310, -3.384
30.63, -0.3315, -3.269
30.64, -0.3320, -3.320
30.65, -0.3325, -3.337
30.66, -0.3330, -3.237
30.67, -0.3335, -3.322
30.68, -0.3340, -3.252
30.69, -0.3345, -3.255
30.70, -0.3350, -3.242
30.71, -0.3355, -3.184
30.72, -0.3360, -3.255
30.73, -0.3365, -3.128
30.74, -0.3370, -3.228
30.75, -0.3375, -3.237
30.76, -0.3380, -3.153
30.77, -0.3385, -3.243
30.78, -0.3390, -3.138
30.79, -0.3395, -3.155
30.80, -0.3400, -3.124
30.81, -0.3405, -3.096
30.82, -0.3410, -3.154
30.83, -0.3415, -3.084
30.84, -0.3420, -3.132
30.85, -0.3425, -3.152
30.86, -0.3430, -3.066
30.87, -0.3435, -3.123
30.88, -0.3440, -3.036
30.89, -0.3445, -3.127
30.90, -0.3450, -3.095
30.91, -0.3455, -3.006
30.92, -0.3460, -3.093
30.93, -0.3465, -3.015
30.94, -0.3470, -3.052
30.95, -0.3475, -3.037
30.96, -0.3480, -2.969
30.97, -0.3485, -3.097
30.98, -0.3490, -3.033
30.99, -0.3495, -3.045
31.00, -0.3500, -3.060
31.01, -0.3505, -2.989
31.02, -0.3510, -3.153
31.03, -0.3515, -3.026
31.04, -0.3520, -3.022
31.05, -0.3525, -3.047
31.06, -0.3530, -3.062
31.07, -0.3535, -3.101
31.08, -0.3540, -2.989
31.09, -0.3545, -3.045
31.10, -0.3550, -3.046
31.11, -0.3555, -2.921
31.12, -0.3560, -3.065
31.13, -0.3565, -2.987
31.14, -0.3570, -2.947
31.15, -0.3575, -2.969
31.16, -0.3580, -2.921
31.17, -0.3585, -3.023
31.18, -0.3590, -2.936
31.19, -0.3595, -2.903
31.20, -0.3600, -2.927
31.21, -0.3605, -2.888
31.22, -0.3610, -3.035
31.23, -0.3615, -2.860
31.24, -0.3620, -2.899
31.25, -0.3625, -2.898
31.26, -0.3630, -2.801
31.27, -0.3635, -2.933
31.28, -0.3640, -2.815
31.29, -0.3645, -2.878
31.30, -0.3650, -2.859
31.31, -0.3655, -2.816
31.32, -0.3660, -2.916
31.33, -0.3665, -2.806
31.34, -0.3670, -2.833
31.35, -0.3675, -2.838
31.36, -0.3680, -2.807
31.37, -0.3685, -2.895
31.38, -0.3690, -2.791
31.39, -0.3695, -2.804
31.40, -0.3700, -2.872
31.41, -0.3705, -2.784
31.42, -0.3710, -2.882
31.43, -0.3715, -2.813
31.44, -0.3720, -2.865
31.45, -0.3725, -2.888
31.46, -0.3730, -2.800
31.47, -0.3735, -2.873
31.48, -0.3740, -2.800
31.49, -0.3745, -2.889
31.50, -0.3750, -2.856
31.51, -0.3755, -2.832
31.52, -0.3760, -2.879
31.53, -0.3765, -2.735
31.54, -0.3770, -2.827
31.55, -0.3775, -2.846
31.56, -0.3780, -2.785
31.57, -0.3785, -2.872
31.58, -0.3790, -2.743
31.59, -0.3795, -2.795
31.60, -0.3800, -2.821
31.61, -0.3805, -2.763
31.62, -0.3810, -2.792
31.63, -0.3815, -2.701
31.64, -0.3820, -2.716
31.65, -0.3825, -2.773
31.66, -0.3830, -2.704
31.67, -0.3835, -2.808
31.68, -0.3840, -2.709
31.69, -0.3845, -2.734
31.70, -0.3850, -2.744
31.71, -0.3855, -2.689
31.72, -0.3860, -2.777
31.73, -0.3865, -2.628
31.74, -0.3870, -2.683
31.75, -0.3875, -2.695
31.76, -0.3880, -2.677
31.77, -0.3885, -2.664
31.78, -0.3890, -2.657
31.79, -0.3895, -2.742
31.80, -0.3900, -2.723
31.81, -0.3905, -2.653
31.82, -0.3910, -2.707
31.83, -0.3915, -2.643
31.84, -0.3920, -2.703
31.85, -0.3925, -2.795
31.86, -0.3930, -2.729
31.87, -0.3935, -2.757
31.88, -0.3940, -2.704
31.89, -0.3945, -2.754
31.90, -0.3950, -2.750
31.91, -0.3955, -2.685
31.92, -0.3960, -2.775
31.93, -0.3965, -2.674
31.94, -0.3970, -2.736
31.95, -0.3975, -2.722
31.96, -0.3980, -2.692
31.97, -0.3985, -2.755
31.98, -0.3990, -2.644
31.99, -0.3995, -2.682
32.00, -0.4000, -2.692
