0.01000, -0.3995, -48.07
0.02000, -0.3990, -27.12
0.03000, -0.3985, -18.01
0.04000, -0.3980, -13.15
0.05000, -0.3975, -10.38
0.06000, -0.3970, -8.651
0.07000, -0.3965, -7.387
0.08000, -0.3960, -6.630
0.09000, -0.3955, -5.919
0.1000, -0.3950, -5.422
0.1100, -0.3945, -4.995
0.1200, -0.3940, -4.599
0.1300, -0.3935, -4.404
0.1400, -0.3930, -4.024
0.1500, -0.3925, -3.828
0.1600, -0.3920, -3.658
0.1700, -0.3915, -3.444
0.1800, -0.3910, -3.414
0.1900, -0.3905, -3.183
0.2000, -0.3900, -3.038
0.2100, -0.3895, -2.957
0.2200, -0.3890, -2.805
0.2300, -0.3885, -2.794
0.2400, -0.3880, -2.638
0.2500, -0.3875, -2.505
0.2600, -0.3870, -2.467
0.2700, -0.3865, -2.340
0.2800, -0.3860, -2.335
0.2900, -0.3855, -2.226
0.3000, -0.3850, -2.119
0.3100, -0.3845, -2.075
0.3200, -0.3840, -1.961
0.3300, -0.3835, -2.001
0.3400, -0.3830, -1.943
0.3500, -0.3825, -1.893
0.3600, -0.3820, -1.856
0.3700, -0.3815, -1.789
0.3800, -0.3810, -1.839
0.3900, -0.3805, -1.713
0.4000, -0.3800, -1.660
0.4100, -0.3795, -1.681
0.4200, -0.3790, -1.578
0.4300, -0.3785, -1.654
0.4400, -0.3780, -1.586
0.4500, -0.3775, -1.547
0.4600, -0.3770, -1.533
0.4700, -0.3765, -1.480
0.4800, -0.3760, -1.523
0.4900, -0.3755, -1.407
0.5000, -0.3750, -1.438
0.5100, -0.3745, -1.440
0.5200, -0.3740, -1.399
0.5300, -0.3735, -1.433
0.5400, -0.3730, -1.323
0.5500, -0.3725, -1.336
0.5600, -0.3720, -1.318
0.5700, -0.3715, -1.253
0.5800, -0.3710, -1.356
0.5900, -0.3705, -1.281
0.6000, -0.3700, -1.246
0.6100, -0.3695, -1.228
0.6200, -0.3690, -1.189
0.6300, -0.3685, -1.305
0.6400, -0.3680, -1.165
0.6500, -0.3675, -1.150
0.6600, -0.3670, -1.175
0.6700, -0.3665, -1.077
0.6800, -0.3660, -1.147
0.6900, -0.3655, -1.062
0.7000, -0.3650, -1.018
0.7100, -0.3645, -1.075
0.7200, -0.3640, -0.9448
0.7300, -0.3635, -1.022
0.7400, -0.3630, -0.9528
0.7500, -0.3625, -0.9790
0.7600, -0.3620, -0.9715
0.7700, -0.3615, -0.9381
0.7800, -0.3610, -1.001
0.7900, -0.3605, -0.8994
0.8000, -0.3600, -0.8851
0.8100, -0.3595, -0.9479
0.8200, -0.3590, -0.8663
0.8300, -0.3585, -0.9414
0.8400, -0.3580, -0.8908
0.8500, -0.3575, -0.8962
0.8600, -0.3570, -0.9097
0.8700, -0.3565, -0.8172
0.8800, -0.3560, -0.9071
0.8900, -0.3555, -0.8205
0.9000, -0.3550, -0.8406
0.9100, -0.3545, -0.9087
0.9200, -0.3540, -0.8246
0.9300, -0.3535, -0.9109
0.9400, -0.3530, -0.7773
0.9500, -0.3525, -0.8063
0.9600, -0.3520, -0.8304
0.9700, -0.3515, -0.8300
0.9800, -0.3510, -0.8850
0.9900, -0.3505, -0.7551
1.000, -0.3500, -0.7881
1.010, -0.3495, -0.8597
1.020, -0.3490, -0.7951
1.030, -0.3485, -0.8050
1.040, -0.3480, -0.7383
1.050, -0.3475, -0.7806
1.060, -0.3470, -0.8338
1.070, -0.3465, -0.6828
1.080, -0.3460, -0.8243
1.090, -0.3455, -0.7228
1.100, -0.3450, -0.7471
1.110, -0.3445, -0.7137
1.120, -0.3440, -0.6474
1.130, -0.3435, -0.7012
1.140, -0.3430, -0.5889
1.150, -0.3425, -0.6434
1.160, -0.3420, -0.6536
1.170, -0.3415, -0.6119
1.180, -0.3410, -0.6670
1.190, -0.3405, -0.6144
1.200, -0.3400, -0.6318
1.210, -0.3395, -0.6662
1.220, -0.3390, -0.5549
1.230, -0.3385, -0.6696
1.240, -0.3380, -0.5808
1.250, -0.3375, -0.5694
1.260, -0.3370, -0.6101
1.270, -0.3365, -0.6069
1.280, -0.3360, -0.6580
1.290, -0.3355, -0.5728
1.300, -0.3350, -0.5901
1.310, -0.3345, -0.6439
1.320, -0.3340, -0.5567
1.330, -0.3335, -0.6543
1.340, -0.3330, -0.5837
1.350, -0.3325, -0.5693
1.360, -0.3320, -0.5643
1.370, -0.3315, -0.5300
1.380, -0.3310, -0.6246
1.390, -0.3305, -0.5823
1.400, -0.3300, -0.5661
1.410, -0.3295, -0.5961
1.420, -0.3290, -0.5301
1.430, -0.3285, -0.5953
1.440, -0.3280, -0.5994
1.450, -0.3275, -0.5661
1.460, -0.3270, -0.5972
1.470, -0.3265, -0.5224
1.480, -0.3260, -0.5937
1.490, -0.3255, -0.5193
1.500, -0.3250, -0.5033
1.510, -0.3245, -0.5256
1.520, -0.3240, -0.4891
1.530, -0.3235, -0.5535
1.540, -0.3230, -0.4277
1.550, -0.3225, -0.4644
1.560, -0.3220, -0.4984
1.570, -0.3215, -0.4130
1.580, -0.3210, -0.5091
1.590, -0.3205, -0.4412
1.600, -0.3200, -0.4268
1.610, -0.3195, -0.4134
1.620, -0.3190, -0.3652
1.630, -0.3185, -0.5034
1.640, -0.3180, -0.4385
1.650, -0.3175, -0.4357
1.660, -0.3170, -0.4720
1.670, -0.3165, -0.3690
1.680, -0.3160, -0.5139
1.690, -0.3155, -0.4094
1.700, -0.3150, -0.4496
1.710, -0.3145, -0.5068
1.720, -0.3140, -0.4317
1.730, -0.3135, -0.4903
1.740, -0.3130, -0.4373
1.750, -0.3125, -0.4446
1.760, -0.3120, -0.4371
1.770, -0.3115, -0.4075
1.780, -0.3110, -0.5166
1.790, -0.3105, -0.4598
1.800, -0.3100, -0.4085
1.810, -0.3095, -0.4392
1.820, -0.3090, -0.3826
1.830, -0.3085, -0.5003
1.840, -0.3080, -0.3964
1.850, -0.3075, -0.4594
1.860, -0.3070, -0.5154
1.870, -0.3065, -0.4258
1.880, -0.3060, -0.5137
1.890, -0.3055, -0.4287
1.900, -0.3050, -0.4182
1.910, -0.3045, -0.4789
1.920, -0.3040, -0.4238
1.930, -0.3035, -0.4668
1.940, -0.3030, -0.4026
1.950, -0.3025, -0.3518
1.960, -0.3020, -0.3796
1.970, -0.3015, -0.3361
1.980, -0.3010, -0.4007
1.990, -0.3005, -0.3352
2.000, -0.3000, -0.3542
2.010, -0.2995, -0.3408
2.020, -0.2990, -0.2781
2.030, -0.2985, -0.3686
2.040, -0.2980, -0.3374
2.050, -0.2975, -0.3361
2.060, -0.2970, -0.3152
2.070, -0.2965, -0.2886
2.080, -0.2960, -0.3999
2.090, -0.2955, -0.3374
2.100, -0.2950, -0.3126
2.110, -0.2945, -0.4045
2.120, -0.2940, -0.3193
2.130, -0.2935, -0.3772
2.140, -0.2930, -0.3025
2.150, -0.2925, -0.3423
2.160, -0.2920, -0.4058
2.170, -0.2915, -0.3128
2.180, -0.2910, -0.3995
2.190, -0.2905, -0.3444
2.200, -0.2900, -0.3468
2.210, -0.2895, -0.3772
2.220, -0.2890, -0.2906
2.230, -0.2885, -0.4445
2.240, -0.2880, -0.3628
2.250, -0.2875, -0.3395
2.260, -0.2870, -0.3803
2.270, -0.2865, -0.3164
2.280, -0.2860, -0.3981
2.290, -0.2855, -0.3845
2.300, -0.2850, -0.3742
2.310, -0.2845, -0.4004
2.320, -0.2840, -0.3171
2.330, -0.2835, -0.3945
2.340, -0.2830, -0.2965
2.350, -0.2825, -0.2998
2.360, -0.2820, -0.2971
2.370, -0.2815, -0.2445
2.380, -0.2810, -0.3296
2.390, -0.2805, -0.2849
2.400, -0.2800, -0.2596
2.410, -0.2795, -0.2707
2.420, -0.2790, -0.2990
2.430, -0.2785, -0.3045
2.440, -0.2780, -0.2751
2.450, -0.2775, -0.2554
2.460, -0.2770, -0.2930
2.470, -0.2765, -0.2235
2.480, -0.2760, -0.3011
2.490, -0.2755, -0.2693
2.500, -0.2750, -0.2772
2.510, -0.2745, -0.3161
2.520, -0.2740, -0.2550
2.530, -0.2735, -0.2830
2.540, -0.2730, -0.2805
2.550, -0.2725, -0.2956
2.560, -0.2720, -0.3485
2.570, -0.2715, -0.2436
2.580, -0.2710, -0.3528
2.590, -0.2705, -0.3448
2.600, -0.2700, -0.2849
2.610, -0.2695, -0.3124
2.620, -0.2690, -0.2691
2.630, -0.2685, -0.3437
2.640, -0.2680, -0.2686
2.650, -0.2675, -0.2660
2.660, -0.2670, -0.3273
2.670, -0.2665, -0.2733
2.680, -0.2660, -0.3521
2.690, -0.2655, -0.2994
2.700, -0.2650, -0.2892
2.710, -0.2645, -0.3313
2.720, -0.2640, -0.2358
2.730, -0.2635, -0.4333
2.740, -0.2630, -0.3135
2.750, -0.2625, -0.3087
2.760, -0.2620, -0.3193
2.770, -0.2615, -0.2233
2.780, -0.2610, -0.2945
2.790, -0.2605, -0.2454
2.800, -0.2600, -0.2312
2.810, -0.2595, -0.2533
2.820, -0.2590, -0.1437
2.830, -0.2585, -0.2793
2.840, -0.2580, -0.1847
2.850, -0.2575, -0.1660
2.860, -0.2570, -0.2482
2.870, -0.2565, -0.2132
2.880, -0.2560, -0.2538
2.890, -0.2555, -0.2160
2.900, -0.2550, -0.1908
2.910, -0.2545, -0.2175
2.920, -0.2540, -0.1979
2.930, -0.2535, -0.2946
2.940, -0.2530, -0.1995
2.950, -0.2525, -0.2159
2.960, -0.2520, -0.3013
2.970, -0.2515, -0.1681
2.980, -0.2510, -0.2765
2.990, -0.2505, -0.2233
3.000, -0.2500, -0.2001
3.010, -0.2495, -0.2783
3.020, -0.2490, -0.2396
3.030, -0.2485, -0.2885
3.040, -0.2480, -0.2260
3.050, -0.2475, -0.2329
3.060, -0.2470, -0.3167
3.070, -0.2465, -0.2271
3.080, -0.2460, -0.3099
3.090, -0.2455, -0.2038
3.100, -0.2450, -0.2280
3.110, -0.2445, -0.2952
3.120, -0.2440, -0.2328
3.130, -0.2435, -0.2686
3.140, -0.2430, -0.2759
3.150, -0.2425, -0.2644
3.160, -0.2420, -0.3032
3.170, -0.2415, -0.2542
3.180, -0.2410, -0.2800
3.190, -0.2405, -0.2500
3.200, -0.2400, -0.2967
3.210, -0.2395, -0.2298
3.220, -0.2390, -0.1586
3.230, -0.2385, -0.2409
3.240, -0.2380, -0.2236
3.250, -0.2375, -0.1619
3.260, -0.2370, -0.2517
3.270, -0.2365, -0.1224
3.280, -0.2360, -0.2429
3.290, -0.2355, -0.1679
3.300, -0.2350, -0.1451
3.310, -0.2345, -0.2001
3.320, -0.2340, -0.1387
3.330, -0.2335, -0.2356
3.340, -0.2330, -0.1674
3.350, -0.2325, -0.2486
3.360, -0.2320, -0.2117
3.370, -0.2315, -0.1041
3.380, -0.2310, -0.2445
3.390, -0.2305, -0.2083
3.400, -0.2300, -0.2155
3.410, -0.2295, -0.2424
3.420, -0.2290, -0.1479
3.430, -0.2285, -0.2732
3.440, -0.2280, -0.2525
3.450, -0.2275, -0.2461
3.460, -0.2270, -0.2490
3.470, -0.2265, -0.1725
3.480, -0.2260, -0.2537
3.490, -0.2255, -0.2225
3.500, -0.2250, -0.1979
3.510, -0.2245, -0.2888
3.520, -0.2240, -0.1370
3.530, -0.2235, -0.2725
3.540, -0.2230, -0.2552
3.550, -0.2225, -0.2452
3.560, -0.2220, -0.2322
3.570, -0.2215, -0.1619
3.580, -0.2210, -0.3218
3.590, -0.2205, -0.2384
3.600, -0.2200, -0.2146
3.610, -0.2195, -0.2523
3.620, -0.2190, -0.1642
3.630, -0.2185, -0.2231
3.640, -0.2180, -0.2091
3.650, -0.2175, -0.1396
3.660, -0.2170, -0.1895
3.670, -0.2165, -0.08618
3.680, -0.2160, -0.2288
3.690, -0.2155, -0.1391
3.700, -0.2150, -0.1638
3.710, -0.2145, -0.1879
3.720, -0.2140, -0.1069
3.730, -0.2135, -0.1933
3.740, -0.2130, -0.1826
3.750, -0.2125, -0.1338
3.760, -0.2120, -0.1912
3.770, -0.2115, -0.1046
3.780, -0.2110, -0.2012
3.790, -0.2105, -0.1560
3.800, -0.2100, -0.1944
3.810, -0.2095, -0.1696
3.820, -0.2090, -0.1135
3.830, -0.2085, -0.2098
3.840, -0.2080, -0.1821
3.850, -0.2075, -0.1674
3.860, -0.2070, -0.2396
3.870, -0.2065, -0.1565
3.880, -0.2060, -0.2294
3.890, -0.2055, -0.1889
3.900, -0.2050, -0.1843
3.910, -0.2045, -0.2704
3.920, -0.2040, -0.1209
3.930, -0.2035, -0.2462
3.940, -0.2030, -0.1932
3.950, -0.2025, -0.1860
3.960, -0.2020, -0.2306
3.970, -0.2015, -0.1523
3.980, -0.2010, -0.3727
3.990, -0.2005, -0.2112
4.000, -0.2000, -0.1818
4.010, -0.1995, -0.2255
4.020, -0.1990, -0.1956
4.030, -0.1985, -0.2398
4.040, -0.1980, -0.1970
4.050, -0.1975, -0.1801
4.060, -0.1970, -0.2018
4.070, -0.1965, -0.1371
4.080, -0.1960, -0.2378
4.090, -0.1955, -0.1469
4.100, -0.1950, -0.08271
4.110, -0.1945, -0.1563
4.120, -0.1940, -0.07779
4.130, -0.1935, -0.1307
4.140, -0.1930, -0.1171
4.150, -0.1925, -0.08344
4.160, -0.1920, -0.1360
4.170, -0.1915, -0.09847
4.180, -0.1910, -0.1597
4.190, -0.1905, -0.09641
4.200, -0.1900, -0.1316
4.210, -0.1895, -0.1760
4.220, -0.1890, -0.08887
4.230, -0.1885, -0.2088
4.240, -0.1880, -0.1212
4.250, -0.1875, -0.1794
4.260, -0.1870, -0.2609
4.270, -0.1865, -0.1265
4.280, -0.1860, -0.2006
4.290, -0.1855, -0.1623
4.300, -0.1850, -0.1350
4.310, -0.1845, -0.2058
4.320, -0.1840, -0.1378
4.330, -0.1835, -0.2149
4.340, -0.1830, -0.1409
4.350, -0.1825, -0.1482
4.360, -0.1820, -0.2268
4.370, -0.1815, -0.1300
4.380, -0.1810, -0.2030
4.390, -0.1805, -0.1916
4.400, -0.1800, -0.1834
4.410, -0.1795, -0.1953
4.420, -0.1790, -0.1684
4.430, -0.1785, -0.2244
4.440, -0.1780, -0.1537
4.450, -0.1775, -0.1655
4.460, -0.1770, -0.1765
4.470, -0.1765, -0.1247
4.480, -0.1760, -0.1778
4.490, -0.1755, -0.1203
4.500, -0.1750, -0.1254
4.510, -0.1745, -0.1682
4.520, -0.1740, -0.04020
4.530, -0.1735, -0.1345
4.540, -0.1730, -0.09253
4.550, -0.1725, -0.07908
4.560, -0.1720, -0.06948
4.570, -0.1715, -0.07533
4.580, -0.1710, -0.1688
4.590, -0.1705, -0.1059
4.600, -0.1700, -0.1314
4.610, -0.1695, -0.09816
4.620, -0.1690, -0.04305
4.630, -0.1685, -0.1838
4.640, -0.1680, -0.1236
4.650, -0.1675, -0.1070
4.660, -0.1670, -0.1556
4.670, -0.1665, -0.06918
4.680, -0.1660, -0.1216
4.690, -0.1655, -0.1250
4.700, -0.1650, -0.1025
4.710, -0.1645, -0.1759
4.720, -0.1640, -0.06384
4.730, -0.1635, -0.1979
4.740, -0.1630, -0.1874
4.750, -0.1625, -0.1347
4.760, -0.1620, -0.1277
4.770, -0.1615, -0.08977
4.780, -0.1610, -0.1977
4.790, -0.1605, -0.1349
4.800, -0.1600, -0.1083
4.810, -0.1595, -0.1450
4.820, -0.1590, -0.07957
4.830, -0.1585, -0.2167
4.840, -0.1580, -0.1394
4.850, -0.1575, -0.1662
4.860, -0.1570, -0.1631
4.870, -0.1565, -0.1126
4.880, -0.1560, -0.2014
4.890, -0.1555, -0.1375
4.900, -0.1550, -0.09097
4.910, -0.1545, -0.08196
4.920, -0.1540, 0.01712
4.930, -0.1535, -0.1523
4.940, -0.1530, -0.09459
4.950, -0.1525, -0.01699
4.960, -0.1520, -0.1010
4.970, -0.1515, -0.006555
4.980, -0.1510, -0.1337
4.990, -0.1505, -0.07537
5.000, -0.1500, -0.08942
5.010, -0.1495, -0.1220
5.020, -0.1490, 0.02940
5.030, -0.1485, -0.1154
5.040, -0.1480, -0.06726
5.050, -0.1475, -0.07891
5.060, -0.1470, -0.1338
5.070, -0.1465, -0.06505
5.080, -0.1460, -0.1362
5.090, -0.1455, -0.1150
5.100, -0.1450, -0.06405
5.110, -0.1445, -0.09812
5.120, -0.1440, -0.06116
5.130, -0.1435, -0.1467
5.140, -0.1430, -0.1029
5.150, -0.1425, -0.06908
5.160, -0.1420, -0.1161
5.170, -0.1415, -0.01068
5.180, -0.1410, -0.1591
5.190, -0.1405, -0.09263
5.200, -0.1400, -0.09134
5.210, -0.1395, -0.1796
5.220, -0.1390, -0.05772
5.230, -0.1385, -0.1465
5.240, -0.1380, -0.06519
5.250, -0.1375, -0.05119
5.260, -0.1370, -0.1553
5.270, -0.1365, -0.04851
5.280, -0.1360, -0.1196
5.290, -0.1355, -0.05743
5.300, -0.1350, -0.08824
5.310, -0.1345, -0.1382
5.320, -0.1340, -0.04327
5.330, -0.1335, -0.1017
5.340, -0.1330, -0.01144
5.350, -0.1325, -0.01782
5.360, -0.1320, -0.07459
5.370, -0.1315, 0.03242
5.380, -0.1310, -0.07697
5.390, -0.1305, -0.03569
5.400, -0.1300, 0.004530
5.410, -0.1295, -0.03223
5.420, -0.1290, 0.02247
5.430, -0.1285, -0.01163
5.440, -0.1280, -0.03710
5.450, -0.1275, -0.02102
5.460, -0.1270, -0.09458
5.470, -0.1265, -0.02346
5.480, -0.1260, -0.1085
5.490, -0.1255, -0.07906
5.500, -0.1250, -0.07039
5.510, -0.1245, -0.1289
5.520, -0.1240, -0.06525
5.530, -0.1235, -0.1483
5.540, -0.1230, -0.05653
5.550, -0.1225, -0.06731
5.560, -0.1220, -0.1404
5.570, -0.1215, 0.002559
5.580, -0.1210, -0.1984
5.590, -0.1205, -0.1054
5.600, -0.1200, -0.09560
5.610, -0.1195, -0.1344
5.620, -0.1190, -0.03820
5.630, -0.1185, -0.1541
5.640, -0.1180, -0.09029
5.650, -0.1175, -0.1089
5.660, -0.1170, -0.1837
5.670, -0.1165, -0.07385
5.680, -0.1160, -0.1562
5.690, -0.1155, -0.07595
5.700, -0.1150, -0.09563
5.710, -0.1145, -0.1406
5.720, -0.1140, -0.06680
5.730, -0.1135, -0.1461
5.740, -0.1130, -0.07905
5.750, -0.1125, -0.02952
5.760, -0.1120, -0.08456
5.770, -0.1115, 0.004182
5.780, -0.1110, -0.06068
5.790, -0.1105, -0.06196
5.800, -0.1100, -0.03106
5.810, -0.1095, -0.04500
5.820, -0.1090, 0.02372
5.830, -0.1085, -0.06227
5.840, -0.1080, -0.05141
5.850, -0.1075, -0.05215
5.860, -0.1070, -0.08411
5.870, -0.1065, 0.01334
5.880, -0.1060, -0.1061
5.890, -0.1055, -0.05683
5.900, -0.1050, -0.04096
5.910, -0.1045, -0.08392
5.920, -0.1040, -0.01849
5.930, -0.1035, -0.1566
5.940, -0.1030, -0.06347
5.950, -0.1025, -0.04612
5.960, -0.1020, -0.05678
5.970, -0.1015, -0.007473
5.980, -0.1010, -0.07763
5.990, -0.1005, -0.06215
6.000, -0.1000, -0.06347
6.010, -0.09950, -0.09917
6.020, -0.09900, 0.01351
6.030, -0.09850, -0.1162
6.040, -0.09800, -0.1255
6.050, -0.09750, -0.06953
6.060, -0.09700, -0.1345
6.070, -0.09650, -0.03450
6.080, -0.09600, -0.1482
6.090, -0.09550, -0.09493
6.100, -0.09500, -0.1059
6.110, -0.09450, -0.1309
6.120, -0.09400, -0.03843
6.130, -0.09350, -0.1464
6.140, -0.09300, -0.08612
6.150, -0.09250, -0.003855
6.160, -0.09200, -0.05515
6.170, -0.09150, 0.02053
6.180, -0.09100, -0.09676
6.190, -0.09050, -0.01427
6.200, -0.09000, 0.04949
6.210, -0.08950, -0.01468
6.220, -0.08900, 0.02482
6.230, -0.08850, -0.06122
6.240, -0.08800, -0.03662
6.250, -0.08750, 0.01404
6.260, -0.08700, -0.02780
6.270, -0.08650, 0.02438
6.280, -0.08600, -0.04489
6.290, -0.08550, -0.02138
6.300, -0.08500, -0.01076
6.310, -0.08450, -0.03041
6.320, -0.08400, 0.01075
6.330, -0.08350, -0.01650
6.340, -0.08300, -0.05773
6.350, -0.08250, -0.02638
6.360, -0.08200, -0.1207
6.370, -0.08150, 0.0009660
6.380, -0.08100, -0.02594
6.390, -0.08050, -0.04995
6.400, -0.08000, -0.02266
6.410, -0.07950, -0.07243
6.420, -0.07900, -0.02844
6.430, -0.07850, -0.08154
6.440, -0.07800, -0.05012
6.450, -0.07750, -0.03107
6.460, -0.07700, -0.09971
6.470, -0.07650, 0.007674
6.480, -0.07600, -0.1432
6.490, -0.07550, -0.06508
6.500, -0.07500, -0.02505
6.510, -0.07450, -0.1107
6.520, -0.07400, 0.01128
6.530, -0.07350, -0.1088
6.540, -0.07300, -0.08355
6.550, -0.07250, -0.03947
6.560, -0.07200, -0.1023
6.570, -0.07150, -0.006660
6.580, -0.07100, -0.06711
6.590, -0.07050, -0.01475
6.600, -0.07000, 0.01160
6.610, -0.06950, -0.06421
6.620, -0.06900, 0.05575
6.630, -0.06850, 0.003740
6.640, -0.06800, 0.04551
6.650, -0.06750, 0.07880
6.660, -0.06700, -0.008427
6.670, -0.06650, 0.03082
6.680, -0.06600, 0.008056
6.690, -0.06550, 0.01079
6.700, -0.06500, 0.02384
6.710, -0.06450, -0.06472
6.720, -0.06400, 0.01728
6.730, -0.06350, 0.004028
6.740, -0.06300, 0.02736
6.750, -0.06250, 0.02281
6.760, -0.06200, -0.07741
6.770, -0.06150, 0.05992
6.780, -0.06100, -0.003935
6.790, -0.06050, -0.03239
6.800, -0.06000, -0.009131
6.810, -0.05950, -0.02536
6.820, -0.05900, 0.09918
6.830, -0.05850, 0.04000
6.840, -0.05800, 0.007168
6.850, -0.05750, 0.02978
6.860, -0.05700, -0.07112
6.870, -0.05650, 0.04656
6.880, -0.05600, 0.005547
6.890, -0.05550, -0.06206
6.900, -0.05500, 0.02208
6.910, -0.05450, -0.05785
6.920, -0.05400, -0.02707
6.930, -0.05350, -0.05161
6.940, -0.05300, -0.04224
6.950, -0.05250, 0.01379
6.960, -0.05200, -0.05139
6.970, -0.05150, 0.06238
6.980, -0.05100, -0.04712
6.990, -0.05050, 0.01150
7.000, -0.05000, 0.03190
7.010, -0.04950, 0.003043
7.020, -0.04900, 0.1116
7.030, -0.04850, 0.05449
7.040, -0.04800, 0.05503
7.050, -0.04750, 0.08293
7.060, -0.04700, 0.03191
7.070, -0.04650, 0.1238
7.080, -0.04600, 0.1023
7.090, -0.04550, 0.1127
7.100, -0.04500, 0.08635
7.110, -0.04450, 0.03711
7.120, -0.04400, 0.1061
7.130, -0.04350, 0.04743
7.140, -0.04300, 0.08865
7.150, -0.04250, 0.09689
7.160, -0.04200, 0.06594
7.170, -0.04150, 0.1273
7.180, -0.04100, 0.03518
7.190, -0.04050, 0.06092
7.200, -0.04000, 0.09299
7.210, -0.03950, 0.001530
7.220, -0.03900, 0.08493
7.230, -0.03850, 0.01930
7.240, -0.03800, 0.04525
7.250, -0.03750, 0.06856
7.260, -0.03700, 0.06322
7.270, -0.03650, 0.08098
7.280, -0.03600, 0.09094
7.290, -0.03550, 0.06350
7.300, -0.03500, 0.06929
7.310, -0.03450, -0.0009990
7.320, -0.03400, 0.1082
7.330, -0.03350, 0.06374
7.340, -0.03300, 0.05127
7.350, -0.03250, 0.1178
7.360, -0.03200, 0.02208
7.370, -0.03150, 0.1038
7.380, -0.03100, 0.04589
7.390, -0.03050, 0.03356
7.400, -0.03000, 0.1533
7.410, -0.02950, 0.03189
7.420, -0.02900, 0.1888
7.430, -0.02850, 0.1343
7.440, -0.02800, 0.1707
7.450, -0.02750, 0.1583
7.460, -0.02700, 0.1490
7.470, -0.02650, 0.2465
7.480, -0.02600, 0.1791
7.490, -0.02550, 0.1837
7.500, -0.02500, 0.2559
7.510, -0.02450, 0.2027
7.520, -0.02400, 0.2446
7.530, -0.02350, 0.1838
7.540, -0.02300, 0.2291
7.550, -0.02250, 0.2284
7.560, -0.02200, 0.1911
7.570, -0.02150, 0.2525
7.580, -0.02100, 0.1695
7.590, -0.02050, 0.1775
7.600, -0.02000, 0.2149
7.610, -0.01950, 0.1634
7.620, -0.01900, 0.2549
7.630, -0.01850, 0.09307
7.640, -0.01800, 0.1826
7.650, -0.01750, 0.2349
7.660, -0.01700, 0.1496
7.670, -0.01650, 0.2618
7.680, -0.01600, 0.1618
7.690, -0.01550, 0.2281
7.700, -0.01500, 0.2423
7.710, -0.01450, 0.1969
7.720, -0.01400, 0.2688
7.730, -0.01350, 0.1689
7.740, -0.01300, 0.2451
7.750, -0.01250, 0.2739
7.760, -0.01200, 0.1942
7.770, -0.01150, 0.2799
7.780, -0.01100, 0.2275
7.790, -0.01050, 0.2317
7.800, -0.01000, 0.2262
7.810, -0.009500, 0.2577
7.820, -0.009000, 0.3297
7.830, -0.008500, 0.2613
7.840, -0.008000, 0.2871
7.850, -0.007500, 0.3332
7.860, -0.007000, 0.2606
7.870, -0.006500, 0.3775
7.880, -0.006000, 0.3915
7.890, -0.005500, 0.3853
7.900, -0.005000, 0.4131
7.910, -0.004500, 0.2988
7.920, -0.004000, 0.4470
7.930, -0.003500, 0.4090
7.940, -0.003000, 0.4192
7.950, -0.002500, 0.4076
7.960, -0.002000, 0.3377
7.970, -0.001500, 0.4701
7.980, -0.001000, 0.3839
7.990, -0.0005000, 0.4049
8.000, 0.000, 0.4501
8.010, 0.0005000, 0.4084
8.020, 0.001000, 0.4633
8.030, 0.001500, 0.4543
8.040, 0.002000, 0.4435
8.050, 0.002500, 0.4172
8.060, 0.003000, 0.4239
8.070, 0.003500, 0.4914
8.080, 0.004000, 0.4513
8.090, 0.004500, 0.4524
8.100, 0.005000, 0.5166
8.110, 0.005500, 0.3829
8.120, 0.006000, 0.5044
8.130, 0.006500, 0.4723
8.140, 0.007000, 0.5130
8.150, 0.007500, 0.5108
8.160, 0.008000, 0.4648
8.170, 0.008500, 0.5626
8.180, 0.009000, 0.4882
8.190, 0.009500, 0.5118
8.200, 0.01000, 0.5364
8.210, 0.01050, 0.5155
8.220, 0.01100, 0.5415
8.230, 0.01150, 0.5371
8.240, 0.01200, 0.5881
8.250, 0.01250, 0.5790
8.260, 0.01300, 0.5504
8.270, 0.01350, 0.6265
8.280, 0.01400, 0.6258
8.290, 0.01450, 0.6566
8.300, 0.01500, 0.6683
8.310, 0.01550, 0.5921
8.320, 0.01600, 0.7298
8.330, 0.01650, 0.6916
8.340, 0.01700, 0.6613
8.350, 0.01750, 0.7306
8.360, 0.01800, 0.6644
8.370, 0.01850, 0.7888
8.380, 0.01900, 0.8066
8.390, 0.01950, 0.7076
8.400, 0.02000, 0.7020
8.410, 0.02050, 0.6825
8.420, 0.02100, 0.8141
8.430, 0.02150, 0.7117
8.440, 0.02200, 0.7394
8.450, 0.02250, 0.7907
8.460, 0.02300, 0.7092
8.470, 0.02350, 0.8620
8.480, 0.02400, 0.7800
8.490, 0.02450, 0.8592
8.500, 0.02500, 0.7803
8.510, 0.02550, 0.7499
8.520, 0.02600, 0.8818
8.530, 0.02650, 0.8451
8.540, 0.02700, 0.8052
8.550, 0.02750, 0.8262
8.560, 0.02800, 0.7644
8.570, 0.02850, 0.9015
8.580, 0.02900, 0.9151
8.590, 0.02950, 0.8399
8.600, 0.03000, 0.8620
8.610, 0.03050, 0.8326
8.620, 0.03100, 0.9786
8.630, 0.03150, 0.9181
8.640, 0.03200, 0.9019
8.650, 0.03250, 0.9668
8.660, 0.03300, 0.8882
8.670, 0.03350, 1.019
8.680, 0.03400, 1.032
8.690, 0.03450, 0.9992
8.700, 0.03500, 1.038
8.710, 0.03550, 0.9781
8.720, 0.03600, 1.098
8.730, 0.03650, 1.079
8.740, 0.03700, 1.047
8.750, 0.03750, 1.139
8.760, 0.03800, 1.087
8.770, 0.03850, 1.211
8.780, 0.03900, 1.227
8.790, 0.03950, 1.117
8.800, 0.04000, 1.138
8.810, 0.04050, 1.104
8.820, 0.04100, 1.289
8.830, 0.04150, 1.273
8.840, 0.04200, 1.196
8.850, 0.04250, 1.187
8.860, 0.04300, 1.159
8.870, 0.04350, 1.272
8.880, 0.04400, 1.317
8.890, 0.04450, 1.249
8.900, 0.04500, 1.285
8.910, 0.04550, 1.231
8.920, 0.04600, 1.287
8.930, 0.04650, 1.359
8.940, 0.04700, 1.320
8.950, 0.04750, 1.335
8.960, 0.04800, 1.267
8.970, 0.04850, 1.384
8.980, 0.04900, 1.396
8.990, 0.04950, 1.345
9.000, 0.05000, 1.337
9.010, 0.05050, 1.315
9.020, 0.05100, 1.467
9.030, 0.05150, 1.459
9.040, 0.05200, 1.468
9.050, 0.05250, 1.446
9.060, 0.05300, 1.338
9.070, 0.05350, 1.463
9.080, 0.05400, 1.521
9.090, 0.05450, 1.634
9.100, 0.05500, 1.538
9.110, 0.05550, 1.463
9.120, 0.05600, 1.632
9.130, 0.05650, 1.696
9.140, 0.05700, 1.803
9.150, 0.05750, 1.646
9.160, 0.05800, 1.567
9.170, 0.05850, 1.832
9.180, 0.05900, 1.836
9.190, 0.05950, 1.729
9.200, 0.06000, 1.700
9.210, 0.06050, 1.659
9.220, 0.06100, 1.856
9.230, 0.06150, 1.911
9.240, 0.06200, 1.786
9.250, 0.06250, 1.721
9.260, 0.06300, 1.679
9.270, 0.06350, 1.826
9.280, 0.06400, 2.073
9.290, 0.06450, 1.848
9.300, 0.06500, 1.828
9.310, 0.06550, 1.772
9.320, 0.06600, 1.873
9.330, 0.06650, 2.173
9.340, 0.06700, 1.911
9.350, 0.06750, 1.916
9.360, 0.06800, 1.829
9.370, 0.06850, 2.015
9.380, 0.06900, 2.073
9.390, 0.06950, 1.970
9.400, 0.07000, 1.954
9.410, 0.07050, 1.932
9.420, 0.07100, 2.132
9.430, 0.07150, 2.039
9.440, 0.07200, 2.157
9.450, 0.07250, 2.045
9.460, 0.07300, 1.994
9.470, 0.07350, 2.237
9.480, 0.07400, 2.320
9.490, 0.07450, 2.094
9.500, 0.07500, 2.114
9.510, 0.07550, 2.081
9.520, 0.07600, 2.331
9.530, 0.07650, 2.495
9.540, 0.07700, 2.415
9.550, 0.07750, 2.280
9.560, 0.07800, 2.252
9.570, 0.07850, 2.456
9.580, 0.07900, 2.723
9.590, 0.07950, 2.470
9.600, 0.08000, 2.359
9.610, 0.08050, 2.316
9.620, 0.08100, 2.634
9.630, 0.08150, 2.475
9.640, 0.08200, 2.512
9.650, 0.08250, 2.448
9.660, 0.08300, 2.433
9.670, 0.08350, 2.635
9.680, 0.08400, 2.881
9.690, 0.08450, 2.527
9.700, 0.08500, 2.497
9.710, 0.08550, 2.522
9.720, 0.08600, 2.687
9.730, 0.08650, 2.935
9.740, 0.08700, 2.648
9.750, 0.08750, 2.637
9.760, 0.08800, 2.585
9.770, 0.08850, 2.824
9.780, 0.08900, 3.172
9.790, 0.08950, 2.750
9.800, 0.09000, 2.671
9.810, 0.09050, 2.635
9.820, 0.09100, 3.143
9.830, 0.09150, 2.981
9.840, 0.09200, 2.846
9.850, 0.09250, 2.768
9.860, 0.09300, 2.715
9.870, 0.09350, 3.046
9.880, 0.09400, 3.289
9.890, 0.09450, 2.904
9.900, 0.09500, 2.876
9.910, 0.09550, 2.842
9.920, 0.09600, 3.180
9.930, 0.09650, 3.311
9.940, 0.09700, 2.968
9.950, 0.09750, 3.047
9.960, 0.09800, 2.972
9.970, 0.09850, 3.299
9.980, 0.09900, 3.432
9.990, 0.09950, 3.252
10.00, 0.1000, 3.133
10.01, 0.1005, 3.110
10.02, 0.1010, 3.430
10.03, 0.1015, 3.540
10.04, 0.1020, 3.358
10.05, 0.1025, 3.264
10.06, 0.1030, 3.193
10.07, 0.1035, 3.692
10.08, 0.1040, 3.705
10.09, 0.1045, 3.471
10.10, 0.1050, 3.364
10.11, 0.1055, 3.311
10.12, 0.1060, 3.830
10.13, 0.1065, 3.742
10.14, 0.1070, 3.620
10.15, 0.1075, 3.445
10.16, 0.1080, 3.390
10.17, 0.1085, 3.963
10.18, 0.1090, 3.752
10.19, 0.1095, 3.615
10.20, 0.1100, 3.545
10.21, 0.1105, 3.459
10.22, 0.1110, 4.001
10.23, 0.1115, 4.041
10.24, 0.1120, 3.600
10.25, 0.1125, 3.583
10.26, 0.1130, 3.524
10.27, 0.1135, 4.231
10.28, 0.1140, 4.154
10.29, 0.1145, 3.743
10.30, 0.1150, 3.708
10.31, 0.1155, 3.590
10.32, 0.1160, 4.066
10.33, 0.1165, 4.010
10.34, 0.1170, 3.814
10.35, 0.1175, 3.759
10.36, 0.1180, 3.815
10.37, 0.1185, 4.035
10.38, 0.1190, 4.264
10.39, 0.1195, 4.019
10.40, 0.1200, 3.942
10.41, 0.1205, 3.938
10.42, 0.1210, 4.581
10.43, 0.1215, 4.487
10.44, 0.1220, 4.104
10.45, 0.1225, 4.041
10.46, 0.1230, 4.031
10.47, 0.1235, 4.853
10.48, 0.1240, 4.203
10.49, 0.1245, 4.334
10.50, 0.1250, 4.158
10.51, 0.1255, 4.127
10.52, 0.1260, 4.755
10.53, 0.1265, 4.391
10.54, 0.1270, 4.429
10.55, 0.1275, 4.258
10.56, 0.1280, 4.231
10.57, 0.1285, 5.188
10.58, 0.1290, 4.683
10.59, 0.1295, 4.553
10.60, 0.1300, 4.338
10.61, 0.1305, 4.291
10.62, 0.1310, 5.121
10.63, 0.1315, 5.055
10.64, 0.1320, 4.557
10.65, 0.1325, 4.482
10.66, 0.1330, 4.410
10.67, 0.1335, 5.166
10.68, 0.1340, 5.221
10.69, 0.1345, 4.560
10.70, 0.1350, 4.498
10.71, 0.1355, 4.503
10.72, 0.1360, 5.218
10.73, 0.1365, 5.134
10.74, 0.1370, 4.861
10.75, 0.1375, 4.677
10.76, 0.1380, 4.586
10.77, 0.1385, 5.529
10.78, 0.1390, 5.065
10.79, 0.1395, 5.132
10.80, 0.1400, 4.834
10.81, 0.1405, 4.862
10.82, 0.1410, 5.289
10.83, 0.1415, 5.870
10.84, 0.1420, 5.125
10.85, 0.1425, 4.951
10.86, 0.1430, 4.930
10.87, 0.1435, 5.871
10.88, 0.1440, 6.102
10.89, 0.1445, 5.088
10.90, 0.1450, 5.079
10.91, 0.1455, 5.072
10.92, 0.1460, 5.413
10.93, 0.1465, 5.605
10.94, 0.1470, 5.282
10.95, 0.1475, 5.190
10.96, 0.1480, 5.146
10.97, 0.1485, 5.780
10.98, 0.1490, 6.240
10.99, 0.1495, 5.518
11.00, 0.1500, 5.316
11.01, 0.1505, 5.339
11.02, 0.1510, 6.743
11.03, 0.1515, 6.754
11.04, 0.1520, 5.449
11.05, 0.1525, 5.412
11.06, 0.1530, 5.354
11.07, 0.1535, 6.013
11.08, 0.1540, 5.807
11.09, 0.1545, 5.712
11.10, 0.1550, 5.584
11.11, 0.1555, 5.603
11.12, 0.1560, 6.912
11.13, 0.1565, 6.109
11.14, 0.1570, 6.295
11.15, 0.1575, 5.741
11.16, 0.1580, 5.785
11.17, 0.1585, 6.951
11.18, 0.1590, 6.704
11.19, 0.1595, 6.064
11.20, 0.1600, 5.989
11.21, 0.1605, 6.001
11.22, 0.1610, 7.488
11.23, 0.1615, 6.561
11.24, 0.1620, 6.195
11.25, 0.1625, 6.166
11.26, 0.1630, 6.168
11.27, 0.1635, 7.496
11.28, 0.1640, 7.477
11.29, 0.1645, 6.391
11.30, 0.1650, 6.310
11.31, 0.1655, 6.290
11.32, 0.1660, 7.636
11.33, 0.1665, 6.868
11.34, 0.1670, 6.629
11.35, 0.1675, 6.438
11.36, 0.1680, 6.598
11.37, 0.1685, 6.923
11.38, 0.1690, 7.465
11.39, 0.1695, 6.706
11.40, 0.1700, 6.652
11.41, 0.1705, 6.794
11.42, 0.1710, 8.005
11.43, 0.1715, 6.954
11.44, 0.1720, 6.778
11.45, 0.1725, 6.771
11.46, 0.1730, 6.870
11.47, 0.1735, 7.716
11.48, 0.1740, 8.471
11.49, 0.1745, 7.069
11.50, 0.1750, 7.092
11.51, 0.1755, 7.097
11.52, 0.1760, 7.714
11.53, 0.1765, 7.670
11.54, 0.1770, 7.387
11.55, 0.1775, 7.219
11.56, 0.1780, 7.237
11.57, 0.1785, 8.290
11.58, 0.1790, 8.644
11.59, 0.1795, 7.416
11.60, 0.1800, 7.359
11.61, 0.1805, 7.435
11.62, 0.1810, 7.931
11.63, 0.1815, 7.932
11.64, 0.1820, 7.967
11.65, 0.1825, 7.604
11.66, 0.1830, 7.771
11.67, 0.1835, 9.334
11.68, 0.1840, 8.172
11.69, 0.1845, 7.915
11.70, 0.1850, 7.857
11.71, 0.1855, 7.910
11.72, 0.1860, 10.11
11.73, 0.1865, 9.091
11.74, 0.1870, 8.064
11.75, 0.1875, 8.036
11.76, 0.1880, 8.133
11.77, 0.1885, 9.382
11.78, 0.1890, 9.599
11.79, 0.1895, 8.376
11.80, 0.1900, 8.164
11.81, 0.1905, 8.398
11.82, 0.1910, 9.291
11.83, 0.1915, 9.307
11.84, 0.1920, 8.800
11.85, 0.1925, 8.344
11.86, 0.1930, 8.509
11.87, 0.1935, 10.06
11.88, 0.1940, 9.536
11.89, 0.1945, 8.603
11.90, 0.1950, 8.611
11.91, 0.1955, 8.588
11.92, 0.1960, 10.46
11.93, 0.1965, 9.159
11.94, 0.1970, 8.735
11.95, 0.1975, 8.610
11.96, 0.1980, 8.709
11.97, 0.1985, 9.855
11.98, 0.1990, 10.65
11.99, 0.1995, 8.793
12.00, 0.2000, 8.726
12.01, 0.2005, 8.933
12.02, 0.2010, 10.94
12.03, 0.2015, 10.22
12.04, 0.2020, 9.456
12.05, 0.2025, 9.155
12.06, 0.2030, 9.279
12.07, 0.2035, 10.27
12.08, 0.2040, 9.965
12.09, 0.2045, 9.354
12.10, 0.2050, 9.259
12.11, 0.2055, 9.426
12.12, 0.2060, 11.11
12.13, 0.2065, 9.969
12.14, 0.2070, 9.580
12.15, 0.2075, 9.455
12.16, 0.2080, 9.782
12.17, 0.2085, 11.02
12.18, 0.2090, 10.39
12.19, 0.2095, 9.621
12.20, 0.2100, 9.820
12.21, 0.2105, 9.889
12.22, 0.2110, 11.16
12.23, 0.2115, 10.18
12.24, 0.2120, 10.01
12.25, 0.2125, 9.765
12.26, 0.2130, 9.919
12.27, 0.2135, 12.19
12.28, 0.2140, 11.47
12.29, 0.2145, 9.908
12.30, 0.2150, 9.948
12.31, 0.2155, 10.03
12.32, 0.2160, 11.96
12.33, 0.2165, 10.49
12.34, 0.2170, 9.999
12.35, 0.2175, 9.966
12.36, 0.2180, 10.44
12.37, 0.2185, 11.00
12.38, 0.2190, 11.42
12.39, 0.2195, 9.842
12.40, 0.2200, 10.07
12.41, 0.2205, 10.54
12.42, 0.2210, 11.93
12.43, 0.2215, 11.82
12.44, 0.2220, 10.06
12.45, 0.2225, 10.33
12.46, 0.2230, 10.66
12.47, 0.2235, 11.75
12.48, 0.2240, 12.00
12.49, 0.2245, 10.26
12.50, 0.2250, 10.52
12.51, 0.2255, 10.88
12.52, 0.2260, 13.36
12.53, 0.2265, 11.24
12.54, 0.2270, 10.68
12.55, 0.2275, 11.12
12.56, 0.2280, 10.97
12.57, 0.2285, 11.65
12.58, 0.2290, 11.93
12.59, 0.2295, 10.64
12.60, 0.2300, 10.78
12.61, 0.2305, 11.33
12.62, 0.2310, 12.50
12.63, 0.2315, 11.93
12.64, 0.2320, 10.71
12.65, 0.2325, 10.55
12.66, 0.2330, 11.68
12.67, 0.2335, 12.52
12.68, 0.2340, 11.76
12.69, 0.2345, 10.73
12.70, 0.2350, 11.08
12.71, 0.2355, 11.62
12.72, 0.2360, 13.61
12.73, 0.2365, 12.38
12.74, 0.2370, 10.78
12.75, 0.2375, 11.19
12.76, 0.2380, 11.59
12.77, 0.2385, 13.90
12.78, 0.2390, 11.96
12.79, 0.2395, 10.76
12.80, 0.2400, 11.34
12.81, 0.2405, 11.57
12.82, 0.2410, 14.28
12.83, 0.2415, 12.36
12.84, 0.2420, 10.96
12.85, 0.2425, 11.45
12.86, 0.2430, 11.59
12.87, 0.2435, 13.81
12.88, 0.2440, 13.04
12.89, 0.2445, 11.20
12.90, 0.2450, 11.56
12.91, 0.2455, 11.78
12.92, 0.2460, 13.29
12.93, 0.2465, 12.32
12.94, 0.2470, 11.23
12.95, 0.2475, 11.49
12.96, 0.2480, 11.67
12.97, 0.2485, 12.03
12.98, 0.2490, 12.22
12.99, 0.2495, 11.28
13.00, 0.2500, 11.40
13.01, 0.2505, 11.53
13.02, 0.2510, 14.77
13.03, 0.2515, 12.90
13.04, 0.2520, 11.28
13.05, 0.2525, 12.12
13.06, 0.2530, 12.29
13.07, 0.2535, 15.24
13.08, 0.2540, 12.91
13.09, 0.2545, 11.18
13.10, 0.2550, 11.70
13.11, 0.2555, 11.53
13.12, 0.2560, 14.55
13.13, 0.2565, 12.83
13.14, 0.2570, 11.34
13.15, 0.2575, 12.30
13.16, 0.2580, 11.79
13.17, 0.2585, 13.64
13.18, 0.2590, 12.22
13.19, 0.2595, 10.92
13.20, 0.2600, 11.52
13.21, 0.2605, 12.46
13.22, 0.2610, 15.37
13.23, 0.2615, 13.08
13.24, 0.2620, 10.98
13.25, 0.2625, 11.67
13.26, 0.2630, 11.95
13.27, 0.2635, 14.68
13.28, 0.2640, 13.35
13.29, 0.2645, 11.44
13.30, 0.2650, 12.42
13.31, 0.2655, 12.38
13.32, 0.2660, 15.97
13.33, 0.2665, 12.51
13.34, 0.2670, 11.33
13.35, 0.2675, 12.37
13.36, 0.2680, 12.67
13.37, 0.2685, 12.57
13.38, 0.2690, 12.26
13.39, 0.2695, 11.04
13.40, 0.2700, 11.87
13.41, 0.2705, 12.08
13.42, 0.2710, 13.99
13.43, 0.2715, 12.28
13.44, 0.2720, 10.87
13.45, 0.2725, 11.97
13.46, 0.2730, 12.20
13.47, 0.2735, 15.04
13.48, 0.2740, 13.50
13.49, 0.2745, 10.81
13.50, 0.2750, 11.83
13.51, 0.2755, 12.55
13.52, 0.2760, 13.27
13.53, 0.2765, 11.93
13.54, 0.2770, 10.94
13.55, 0.2775, 12.92
13.56, 0.2780, 12.60
13.57, 0.2785, 15.44
13.58, 0.2790, 14.23
13.59, 0.2795, 11.19
13.60, 0.2800, 12.38
13.61, 0.2805, 12.51
13.62, 0.2810, 15.33
13.63, 0.2815, 12.84
13.64, 0.2820, 10.98
13.65, 0.2825, 11.84
13.66, 0.2830, 13.33
13.67, 0.2835, 13.97
13.68, 0.2840, 13.54
13.69, 0.2845, 10.87
13.70, 0.2850, 11.57
13.71, 0.2855, 13.09
13.72, 0.2860, 16.11
13.73, 0.2865, 12.91
13.74, 0.2870, 10.84
13.75, 0.2875, 12.63
13.76, 0.2880, 12.41
13.77, 0.2885, 15.66
13.78, 0.2890, 14.57
13.79, 0.2895, 10.66
13.80, 0.2900, 12.89
13.81, 0.2905, 13.21
13.82, 0.2910, 16.15
13.83, 0.2915, 12.45
13.84, 0.2920, 10.94
13.85, 0.2925, 12.69
13.86, 0.2930, 12.88
13.87, 0.2935, 14.53
13.88, 0.2940, 13.61
13.89, 0.2945, 10.62
13.90, 0.2950, 12.91
13.91, 0.2955, 13.32
13.92, 0.2960, 14.75
13.93, 0.2965, 13.82
13.94, 0.2970, 10.63
13.95, 0.2975, 13.12
13.96, 0.2980, 12.75
13.97, 0.2985, 15.21
13.98, 0.2990, 13.87
13.99, 0.2995, 10.42
14.00, 0.3000, 12.43
14.01, 0.3005, 13.09
14.02, 0.3010, 14.10
14.03, 0.3015, 12.45
14.04, 0.3020, 10.39
14.05, 0.3025, 12.37
14.06, 0.3030, 13.17
14.07, 0.3035, 16.66
14.08, 0.3040, 13.51
14.09, 0.3045, 9.988
14.10, 0.3050, 12.96
14.11, 0.3055, 13.68
14.12, 0.3060, 16.05
14.13, 0.3065, 13.31
14.14, 0.3070, 10.75
14.15, 0.3075, 12.15
14.16, 0.3080, 12.78
14.17, 0.3085, 14.24
14.18, 0.3090, 13.01
14.19, 0.3095, 10.15
14.20, 0.3100, 13.65
14.21, 0.3105, 13.04
14.22, 0.3110, 14.99
14.23, 0.3115, 13.59
14.24, 0.3120, 10.60
14.25, 0.3125, 14.34
14.26, 0.3130, 13.30
14.27, 0.3135, 15.96
14.28, 0.3140, 13.41
14.29, 0.3145, 10.24
14.30, 0.3150, 13.57
14.31, 0.3155, 12.78
14.32, 0.3160, 17.64
14.33, 0.3165, 13.85
14.34, 0.3170, 10.45
14.35, 0.3175, 14.14
14.36, 0.3180, 12.87
14.37, 0.3185, 16.48
14.38, 0.3190, 13.71
14.39, 0.3195, 10.15
14.40, 0.3200, 12.63
14.41, 0.3205, 13.84
14.42, 0.3210, 15.10
14.43, 0.3215, 13.27
14.44, 0.3220, 9.922
14.45, 0.3225, 12.63
14.46, 0.3230, 13.37
14.47, 0.3235, 15.06
14.48, 0.3240, 13.37
14.49, 0.3245, 10.01
14.50, 0.3250, 13.70
14.51, 0.3255, 12.97
14.52, 0.3260, 15.70
14.53, 0.3265, 13.81
14.54, 0.3270, 10.00
14.55, 0.3275, 14.46
14.56, 0.3280, 13.33
14.57, 0.3285, 15.29
14.58, 0.3290, 13.57
14.59, 0.3295, 9.771
14.60, 0.3300, 14.76
14.61, 0.3305, 13.84
14.62, 0.3310, 18.27
14.63, 0.3315, 12.82
14.64, 0.3320, 10.21
14.65, 0.3325, 13.40
14.66, 0.3330, 13.92
14.67, 0.3335, 15.34
14.68, 0.3340, 13.79
14.69, 0.3345, 9.725
14.70, 0.3350, 14.20
14.71, 0.3355, 14.61
14.72, 0.3360, 17.80
14.73, 0.3365, 13.34
14.74, 0.3370, 10.04
14.75, 0.3375, 14.61
14.76, 0.3380, 13.47
14.77, 0.3385, 15.83
14.78, 0.3390, 14.40
14.79, 0.3395, 9.641
14.80, 0.3400, 14.46
14.81, 0.3405, 14.71
14.82, 0.3410, 18.17
14.83, 0.3415, 13.39
14.84, 0.3420, 9.853
14.85, 0.3425, 14.64
14.86, 0.3430, 14.33
14.87, 0.3435, 17.02
14.88, 0.3440, 14.51
14.89, 0.3445, 9.525
14.90, 0.3450, 14.71
14.91, 0.3455, 14.94
14.92, 0.3460, 17.05
14.93, 0.3465, 12.69
14.94, 0.3470, 9.752
14.95, 0.3475, 15.08
14.96, 0.3480, 15.03
14.97, 0.3485, 18.02
14.98, 0.3490, 14.37
14.99, 0.3495, 9.610
15.00, 0.3500, 12.86
15.01, 0.3505, 13.47
15.02, 0.3510, 16.42
15.03, 0.3515, 14.14
15.04, 0.3520, 10.31
15.05, 0.3525, 14.99
15.06, 0.3530, 13.68
15.07, 0.3535, 14.77
15.08, 0.3540, 15.47
15.09, 0.3545, 9.596
15.10, 0.3550, 15.94
15.11, 0.3555, 14.03
15.12, 0.3560, 17.16
15.13, 0.3565, 14.29
15.14, 0.3570, 9.935
15.15, 0.3575, 15.48
15.16, 0.3580, 13.95
15.17, 0.3585, 17.01
15.18, 0.3590, 13.01
15.19, 0.3595, 9.149
15.20, 0.3600, 14.70
15.21, 0.3605, 14.67
15.22, 0.3610, 16.62
15.23, 0.3615, 12.79
15.24, 0.3620, 9.283
15.25, 0.3625, 14.65
15.26, 0.3630, 15.26
15.27, 0.3635, 16.54
15.28, 0.3640, 14.63
15.29, 0.3645, 10.05
15.30, 0.3650, 16.49
15.31, 0.3655, 15.25
15.32, 0.3660, 16.14
15.33, 0.3665, 13.60
15.34, 0.3670, 9.503
15.35, 0.3675, 16.35
15.36, 0.3680, 15.22
15.37, 0.3685, 16.85
15.38, 0.3690, 13.44
15.39, 0.3695, 9.898
15.40, 0.3700, 16.44
15.41, 0.3705, 14.42
15.42, 0.3710, 16.53
15.43, 0.3715, 15.36
15.44, 0.3720, 9.680
15.45, 0.3725, 14.68
15.46, 0.3730, 15.43
15.47, 0.3735, 15.24
15.48, 0.3740, 14.08
15.49, 0.3745, 9.397
15.50, 0.3750, 17.34
15.51, 0.3755, 15.22
15.52, 0.3760, 17.66
15.53, 0.3765, 13.40
15.54, 0.3770, 9.847
15.55, 0.3775, 15.46
15.56, 0.3780, 15.15
15.57, 0.3785, 16.40
15.58, 0.3790, 14.54
15.59, 0.3795, 10.27
15.60, 0.3800, 15.87
15.61, 0.3805, 13.53
15.62, 0.3810, 16.96
15.63, 0.3815, 14.00
15.64, 0.3820, 9.831
15.65, 0.3825, 14.05
15.66, 0.3830, 15.58
15.67, 0.3835, 18.58
15.68, 0.3840, 15.14
15.69, 0.3845, 9.693
15.70, 0.3850, 16.09
15.71, 0.3855, 13.17
15.72, 0.3860, 19.63
15.73, 0.3865, 14.13
15.74, 0.3870, 10.18
15.75, 0.3875, 17.52
15.76, 0.3880, 16.65
15.77, 0.3885, 17.15
15.78, 0.3890, 15.01
15.79, 0.3895, 9.911
15.80, 0.3900, 16.78
15.81, 0.3905, 15.77
15.82, 0.3910, 18.68
15.83, 0.3915, 14.05
15.84, 0.3920, 10.23
15.85, 0.3925, 18.44
15.86, 0.3930, 17.98
15.87, 0.3935, 16.66
15.88, 0.3940, 15.41
15.89, 0.3945, 10.03
15.90, 0.3950, 17.48
15.91, 0.3955, 17.58
15.92, 0.3960, 17.68
15.93, 0.3965, 13.79
15.94, 0.3970, 10.57
15.95, 0.3975, 17.65
15.96, 0.3980, 17.17
15.97, 0.3985, 17.26
15.98, 0.3990, 14.82
15.99, 0.3995, 10.36
16.00, 0.4000, 18.91
16.01, 0.3995, 16.78
16.02, 0.3990, 14.17
16.03, 0.3985, 14.72
16.04, 0.3980, 10.12
16.05, 0.3975, 15.48
16.06, 0.3970, 15.89
16.07, 0.3965, 17.60
16.08, 0.3960, 15.80
16.09, 0.3955, 9.683
16.10, 0.3950, 15.75
16.11, 0.3945, 15.78
16.12, 0.3940, 17.65
16.13, 0.3935, 12.92
16.14, 0.3930, 9.287
16.15, 0.3925, 17.70
16.16, 0.3920, 14.88
16.17, 0.3915, 15.83
16.18, 0.3910, 12.89
16.19, 0.3905, 8.795
16.20, 0.3900, 16.12
16.21, 0.3895, 14.10
16.22, 0.3890, 15.63
16.23, 0.3885, 12.13
16.24, 0.3880, 8.467
16.25, 0.3875, 15.15
16.26, 0.3870, 15.48
16.27, 0.3865, 15.22
16.28, 0.3860, 11.21
16.29, 0.3855, 8.372
16.30, 0.3850, 15.79
16.31, 0.3845, 14.73
16.32, 0.3840, 17.31
16.33, 0.3835, 13.06
16.34, 0.3830, 9.124
16.35, 0.3825, 15.62
16.36, 0.3820, 13.40
16.37, 0.3815, 16.21
16.38, 0.3810, 11.05
16.39, 0.3805, 8.712
16.40, 0.3800, 15.66
16.41, 0.3795, 13.47
16.42, 0.3790, 14.47
16.43, 0.3785, 11.63
16.44, 0.3780, 8.639
16.45, 0.3775, 15.13
16.46, 0.3770, 14.59
16.47, 0.3765, 11.40
16.48, 0.3760, 10.41
16.49, 0.3755, 7.996
16.50, 0.3750, 12.46
16.51, 0.3745, 12.36
16.52, 0.3740, 11.05
16.53, 0.3735, 9.862
16.54, 0.3730, 7.781
16.55, 0.3725, 12.76
16.56, 0.3720, 13.72
16.57, 0.3715, 12.32
16.58, 0.3710, 10.25
16.59, 0.3705, 7.701
16.60, 0.3700, 12.01
16.61, 0.3695, 12.25
16.62, 0.3690, 12.84
16.63, 0.3685, 10.08
16.64, 0.3680, 8.392
16.65, 0.3675, 12.69
16.66, 0.3670, 13.93
16.67, 0.3665, 12.58
16.68, 0.3660, 11.26
16.69, 0.3655, 8.030
16.70, 0.3650, 13.90
16.71, 0.3645, 12.35
16.72, 0.3640, 15.07
16.73, 0.3635, 9.501
16.74, 0.3630, 8.141
16.75, 0.3625, 12.42
16.76, 0.3620, 11.68
16.77, 0.3615, 13.03
16.78, 0.3610, 10.02
16.79, 0.3605, 7.662
16.80, 0.3600, 12.81
16.81, 0.3595, 11.47
16.82, 0.3590, 12.74
16.83, 0.3585, 9.080
16.84, 0.3580, 7.845
16.85, 0.3575, 12.04
16.86, 0.3570, 12.62
16.87, 0.3565, 11.49
16.88, 0.3560, 9.383
16.89, 0.3555, 7.556
16.90, 0.3550, 12.83
16.91, 0.3545, 12.51
16.92, 0.3540, 14.23
16.93, 0.3535, 8.504
16.94, 0.3530, 7.833
16.95, 0.3525, 11.11
16.96, 0.3520, 11.96
16.97, 0.3515, 10.78
16.98, 0.3510, 9.259
16.99, 0.3505, 7.538
17.00, 0.3500, 12.23
17.01, 0.3495, 10.41
17.02, 0.3490, 12.40
17.03, 0.3485, 8.752
17.04, 0.3480, 7.642
17.05, 0.3475, 11.33
17.06, 0.3470, 11.73
17.07, 0.3465, 9.995
17.08, 0.3460, 9.144
17.09, 0.3455, 7.070
17.10, 0.3450, 11.05
17.11, 0.3445, 11.65
17.12, 0.3440, 10.02
17.13, 0.3435, 8.061
17.14, 0.3430, 6.834
17.15, 0.3425, 11.91
17.16, 0.3420, 10.67
17.17, 0.3415, 11.18
17.18, 0.3410, 8.441
17.19, 0.3405, 6.539
17.20, 0.3400, 11.64
17.21, 0.3395, 11.75
17.22, 0.3390, 11.24
17.23, 0.3385, 8.055
17.24, 0.3380, 7.164
17.25, 0.3375, 10.76
17.26, 0.3370, 9.991
17.27, 0.3365, 9.959
17.28, 0.3360, 8.154
17.29, 0.3355, 7.460
17.30, 0.3350, 11.73
17.31, 0.3345, 9.087
17.32, 0.3340, 10.68
17.33, 0.3335, 7.109
17.34, 0.3330, 6.996
17.35, 0.3325, 11.45
17.36, 0.3320, 10.44
17.37, 0.3315, 10.79
17.38, 0.3310, 7.741
17.39, 0.3305, 7.081
17.40, 0.3300, 10.56
17.41, 0.3295, 10.86
17.42, 0.3290, 10.45
17.43, 0.3285, 7.098
17.44, 0.3280, 6.816
17.45, 0.3275, 11.27
17.46, 0.3270, 11.52
17.47, 0.3265, 9.415
17.48, 0.3260, 7.605
17.49, 0.3255, 6.340
17.50, 0.3250, 9.471
17.51, 0.3245, 9.713
17.52, 0.3240, 8.422
17.53, 0.3235, 6.730
17.54, 0.3230, 6.304
17.55, 0.3225, 9.481
17.56, 0.3220, 10.10
17.57, 0.3215, 9.148
17.58, 0.3210, 7.419
17.59, 0.3205, 6.617
17.60, 0.3200, 10.01
17.61, 0.3195, 10.22
17.62, 0.3190, 10.27
17.63, 0.3185, 6.407
17.64, 0.3180, 6.535
17.65, 0.3175, 8.920
17.66, 0.3170, 9.790
17.67, 0.3165, 8.203
17.68, 0.3160, 6.759
17.69, 0.3155, 6.209
17.70, 0.3150, 9.206
17.71, 0.3145, 10.03
17.72, 0.3140, 9.991
17.73, 0.3135, 6.737
17.74, 0.3130, 7.037
17.75, 0.3125, 9.966
17.76, 0.3120, 8.858
17.77, 0.3115, 9.276
17.78, 0.3110, 6.660
17.79, 0.3105, 6.319
17.80, 0.3100, 9.516
17.81, 0.3095, 8.707
17.82, 0.3090, 9.779
17.83, 0.3085, 6.449
17.84, 0.3080, 6.673
17.85, 0.3075, 9.479
17.86, 0.3070, 7.876
17.87, 0.3065, 8.299
17.88, 0.3060, 6.842
17.89, 0.3055, 6.276
17.90, 0.3050, 9.433
17.91, 0.3045, 8.946
17.92, 0.3040, 9.000
17.93, 0.3035, 5.900
17.94, 0.3030, 6.407
17.95, 0.3025, 9.484
17.96, 0.3020, 8.450
17.97, 0.3015, 9.144
17.98, 0.3010, 6.377
17.99, 0.3005, 6.114
18.00, 0.3000, 8.928
18.01, 0.2995, 8.228
18.02, 0.2990, 8.193
18.03, 0.2985, 6.706
18.04, 0.2980, 6.240
18.05, 0.2975, 9.030
18.06, 0.2970, 9.587
18.07, 0.2965, 7.919
18.08, 0.2960, 5.896
18.09, 0.2955, 5.608
18.10, 0.2950, 7.869
18.11, 0.2945, 8.321
18.12, 0.2940, 7.421
18.13, 0.2935, 6.248
18.14, 0.2930, 5.889
18.15, 0.2925, 8.381
18.16, 0.2920, 7.568
18.17, 0.2915, 8.081
18.18, 0.2910, 6.032
18.19, 0.2905, 5.597
18.20, 0.2900, 8.375
18.21, 0.2895, 8.930
18.22, 0.2890, 8.342
18.23, 0.2885, 5.574
18.24, 0.2880, 5.818
18.25, 0.2875, 8.137
18.26, 0.2870, 8.238
18.27, 0.2865, 7.836
18.28, 0.2860, 5.360
18.29, 0.2855, 5.586
18.30, 0.2850, 7.904
18.31, 0.2845, 7.671
18.32, 0.2840, 6.959
18.33, 0.2835, 5.619
18.34, 0.2830, 5.601
18.35, 0.2825, 7.598
18.36, 0.2820, 7.493
18.37, 0.2815, 7.704
18.38, 0.2810, 5.295
18.39, 0.2805, 5.614
18.40, 0.2800, 8.229
18.41, 0.2795, 7.753
18.42, 0.2790, 6.672
18.43, 0.2785, 5.194
18.44, 0.2780, 5.477
18.45, 0.2775, 8.142
18.46, 0.2770, 7.961
18.47, 0.2765, 6.696
18.48, 0.2760, 5.120
18.49, 0.2755, 5.529
18.50, 0.2750, 6.486
18.51, 0.2745, 8.004
18.52, 0.2740, 6.289
18.53, 0.2735, 5.173
18.54, 0.2730, 5.102
18.55, 0.2725, 6.841
18.56, 0.2720, 7.315
18.57, 0.2715, 5.777
18.58, 0.2710, 5.279
18.59, 0.2705, 5.701
18.60, 0.2700, 7.515
18.61, 0.2695, 6.437
18.62, 0.2690, 6.481
18.63, 0.2685, 4.889
18.64, 0.2680, 5.477
18.65, 0.2675, 7.697
18.66, 0.2670, 7.877
18.67, 0.2665, 6.159
18.68, 0.2660, 5.010
18.69, 0.2655, 5.172
18.70, 0.2650, 6.590
18.71, 0.2645, 7.195
18.72, 0.2640, 5.441
18.73, 0.2635, 4.662
18.74, 0.2630, 5.208
18.75, 0.2625, 7.463
18.76, 0.2620, 7.031
18.77, 0.2615, 6.351
18.78, 0.2610, 5.029
18.79, 0.2605, 5.393
18.80, 0.2600, 6.837
18.81, 0.2595, 7.333
18.82, 0.2590, 5.724
18.83, 0.2585, 4.582
18.84, 0.2580, 5.108
18.85, 0.2575, 7.253
18.86, 0.2570, 7.015
18.87, 0.2565, 5.624
18.88, 0.2560, 4.766
18.89, 0.2555, 5.086
18.90, 0.2550, 6.480
18.91, 0.2545, 6.661
18.92, 0.2540, 6.080
18.93, 0.2535, 4.493
18.94, 0.2530, 4.948
18.95, 0.2525, 7.061
18.96, 0.2520, 7.419
18.97, 0.2515, 5.587
18.98, 0.2510, 4.521
18.99, 0.2505, 4.878
19.00, 0.2500, 6.814
19.01, 0.2495, 6.708
19.02, 0.2490, 5.192
19.03, 0.2485, 4.587
19.04, 0.2480, 4.888
19.05, 0.2475, 6.943
19.06, 0.2470, 5.784
19.07, 0.2465, 6.214
19.08, 0.2460, 4.391
19.09, 0.2455, 4.847
19.10, 0.2450, 6.508
19.11, 0.2445, 6.486
19.12, 0.2440, 5.483
19.13, 0.2435, 4.326
19.14, 0.2430, 4.925
19.15, 0.2425, 6.141
19.16, 0.2420, 5.847
19.17, 0.2415, 5.634
19.18, 0.2410, 4.487
19.19, 0.2405, 4.493
19.20, 0.2400, 7.006
19.21, 0.2395, 6.687
19.22, 0.2390, 5.965
19.23, 0.2385, 4.186
19.24, 0.2380, 4.493
19.25, 0.2375, 6.385
19.26, 0.2370, 5.566
19.27, 0.2365, 4.879
19.28, 0.2360, 4.137
19.29, 0.2355, 4.540
19.30, 0.2350, 5.986
19.31, 0.2345, 6.135
19.32, 0.2340, 5.357
19.33, 0.2335, 4.016
19.34, 0.2330, 4.323
19.35, 0.2325, 5.738
19.36, 0.2320, 5.152
19.37, 0.2315, 5.238
19.38, 0.2310, 4.073
19.39, 0.2305, 4.299
19.40, 0.2300, 5.592
19.41, 0.2295, 5.666
19.42, 0.2290, 4.820
19.43, 0.2285, 3.953
19.44, 0.2280, 4.657
19.45, 0.2275, 5.906
19.46, 0.2270, 6.173
19.47, 0.2265, 4.887
19.48, 0.2260, 3.857
19.49, 0.2255, 4.288
19.50, 0.2250, 5.840
19.51, 0.2245, 6.299
19.52, 0.2240, 4.580
19.53, 0.2235, 3.983
19.54, 0.2230, 3.882
19.55, 0.2225, 4.966
19.56, 0.2220, 4.773
19.57, 0.2215, 4.384
19.58, 0.2210, 3.843
19.59, 0.2205, 3.893
19.60, 0.2200, 4.835
19.61, 0.2195, 5.411
19.62, 0.2190, 4.309
19.63, 0.2185, 3.785
19.64, 0.2180, 3.787
19.65, 0.2175, 5.047
19.66, 0.2170, 4.577
19.67, 0.2165, 3.944
19.68, 0.2160, 3.646
19.69, 0.2155, 3.810
19.70, 0.2150, 5.469
19.71, 0.2145, 4.701
19.72, 0.2140, 4.209
19.73, 0.2135, 3.584
19.74, 0.2130, 3.954
19.75, 0.2125, 5.544
19.76, 0.2120, 4.090
19.77, 0.2115, 3.917
19.78, 0.2110, 3.628
19.79, 0.2105, 4.083
19.80, 0.2100, 5.743
19.81, 0.2095, 5.759
19.82, 0.2090, 4.502
19.83, 0.2085, 3.556
19.84, 0.2080, 4.116
19.85, 0.2075, 4.834
19.86, 0.2070, 4.921
19.87, 0.2065, 3.928
19.88, 0.2060, 3.565
19.89, 0.2055, 3.957
19.90, 0.2050, 5.267
19.91, 0.2045, 4.877
19.92, 0.2040, 4.146
19.93, 0.2035, 3.480
19.94, 0.2030, 3.976
19.95, 0.2025, 4.922
19.96, 0.2020, 4.914
19.97, 0.2015, 3.917
19.98, 0.2010, 3.496
19.99, 0.2005, 3.675
20.00, 0.2000, 5.137
20.01, 0.1995, 4.815
20.02, 0.1990, 3.905
20.03, 0.1985, 3.365
20.04, 0.1980, 3.801
20.05, 0.1975, 4.926
20.06, 0.1970, 4.319
20.07, 0.1965, 3.588
20.08, 0.1960, 3.329
20.09, 0.1955, 3.629
20.10, 0.1950, 4.882
20.11, 0.1945, 4.888
20.12, 0.1940, 3.669
20.13, 0.1935, 3.169
20.14, 0.1930, 3.646
20.15, 0.1925, 4.706
20.16, 0.1920, 4.676
20.17, 0.1915, 3.492
20.18, 0.1910, 3.212
20.19, 0.1905, 3.308
20.20, 0.1900, 4.190
20.21, 0.1895, 4.095
20.22, 0.1890, 3.387
20.23, 0.1885, 3.116
20.24, 0.1880, 3.365
20.25, 0.1875, 4.278
20.26, 0.1870, 4.189
20.27, 0.1865, 3.842
20.28, 0.1860, 3.186
20.29, 0.1855, 3.423
20.30, 0.1850, 4.576
20.31, 0.1845, 3.748
20.32, 0.1840, 3.628
20.33, 0.1835, 3.084
20.34, 0.1830, 3.372
20.35, 0.1825, 4.636
20.36, 0.1820, 3.677
20.37, 0.1815, 3.458
20.38, 0.1810, 3.039
20.39, 0.1805, 3.218
20.40, 0.1800, 3.850
20.41, 0.1795, 3.849
20.42, 0.1790, 3.258
20.43, 0.1785, 2.991
20.44, 0.1780, 3.222
20.45, 0.1775, 4.316
20.46, 0.1770, 3.975
20.47, 0.1765, 3.530
20.48, 0.1760, 2.888
20.49, 0.1755, 3.191
20.50, 0.1750, 3.882
20.51, 0.1745, 3.903
20.52, 0.1740, 3.317
20.53, 0.1735, 2.822
20.54, 0.1730, 3.062
20.55, 0.1725, 3.755
20.56, 0.1720, 3.875
20.57, 0.1715, 3.115
20.58, 0.1710, 2.800
20.59, 0.1705, 2.971
20.60, 0.1700, 3.747
20.61, 0.1695, 3.757
20.62, 0.1690, 2.847
20.63, 0.1685, 2.804
20.64, 0.1680, 2.853
20.65, 0.1675, 3.534
20.66, 0.1670, 3.819
20.67, 0.1665, 3.100
20.68, 0.1660, 2.816
20.69, 0.1655, 2.941
20.70, 0.1650, 3.345
20.71, 0.1645, 3.237
20.72, 0.1640, 3.109
20.73, 0.1635, 2.643
20.74, 0.1630, 3.046
20.75, 0.1625, 3.152
20.76, 0.1620, 3.669
20.77, 0.1615, 2.748
20.78, 0.1610, 2.687
20.79, 0.1605, 2.973
20.80, 0.1600, 3.402
20.81, 0.1595, 3.197
20.82, 0.1590, 2.767
20.83, 0.1585, 2.604
20.84, 0.1580, 2.944
20.85, 0.1575, 3.894
20.86, 0.1570, 3.041
20.87, 0.1565, 2.777
20.88, 0.1560, 2.534
20.89, 0.1555, 2.744
20.90, 0.1550, 3.166
20.91, 0.1545, 3.015
20.92, 0.1540, 2.703
20.93, 0.1535, 2.391
20.94, 0.1530, 2.773
20.95, 0.1525, 3.145
20.96, 0.1520, 3.228
20.97, 0.1515, 2.515
20.98, 0.1510, 2.442
20.99, 0.1505, 2.573
21.00, 0.1500, 3.060
21.01, 0.1495, 3.085
21.02, 0.1490, 2.447
21.03, 0.1485, 2.339
21.04, 0.1480, 2.626
21.05, 0.1475, 3.409
21.06, 0.1470, 2.711
21.07, 0.1465, 2.459
21.08, 0.1460, 2.354
21.09, 0.1455, 2.523
21.10, 0.1450, 3.100
21.11, 0.1445, 2.681
21.12, 0.1440, 2.372
21.13, 0.1435, 2.288
21.14, 0.1430, 2.515
21.15, 0.1425, 3.261
21.16, 0.1420, 2.557
21.17, 0.1415, 2.321
21.18, 0.1410, 2.308
21.19, 0.1405, 2.247
21.20, 0.1400, 2.918
21.21, 0.1395, 2.457
21.22, 0.1390, 2.320
21.23, 0.1385, 2.224
21.24, 0.1380, 2.321
21.25, 0.1375, 2.704
21.26, 0.1370, 2.440
21.27, 0.1365, 2.220
21.28, 0.1360, 2.248
21.29, 0.1355, 2.347
21.30, 0.1350, 2.840
21.31, 0.1345, 2.389
21.32, 0.1340, 2.103
21.33, 0.1335, 2.046
21.34, 0.1330, 2.191
21.35, 0.1325, 2.500
21.36, 0.1320, 2.315
21.37, 0.1315, 2.008
21.38, 0.1310, 1.994
21.39, 0.1305, 2.124
21.40, 0.1300, 2.498
21.41, 0.1295, 2.268
21.42, 0.1290, 1.937
21.43, 0.1285, 1.897
21.44, 0.1280, 2.059
21.45, 0.1275, 2.589
21.46, 0.1270, 2.023
21.47, 0.1265, 1.874
21.48, 0.1260, 1.924
21.49, 0.1255, 2.044
21.50, 0.1250, 2.269
21.51, 0.1245, 2.270
21.52, 0.1240, 1.985
21.53, 0.1235, 1.863
21.54, 0.1230, 1.951
21.55, 0.1225, 2.368
21.56, 0.1220, 2.037
21.57, 0.1215, 1.796
21.58, 0.1210, 1.800
21.59, 0.1205, 1.932
21.60, 0.1200, 2.270
21.61, 0.1195, 1.945
21.62, 0.1190, 1.807
21.63, 0.1185, 1.796
21.64, 0.1180, 1.794
21.65, 0.1175, 2.276
21.66, 0.1170, 1.987
21.67, 0.1165, 1.715
21.68, 0.1160, 1.739
21.69, 0.1155, 1.876
21.70, 0.1150, 2.149
21.71, 0.1145, 1.959
21.72, 0.1140, 1.646
21.73, 0.1135, 1.637
21.74, 0.1130, 1.774
21.75, 0.1125, 2.129
21.76, 0.1120, 1.801
21.77, 0.1115, 1.544
21.78, 0.1110, 1.598
21.79, 0.1105, 1.444
21.80, 0.1100, 1.865
21.81, 0.1095, 1.659
21.82, 0.1090, 1.515
21.83, 0.1085, 1.516
21.84, 0.1080, 1.571
21.85, 0.1075, 1.944
21.86, 0.1070, 1.546
21.87, 0.1065, 1.396
21.88, 0.1060, 1.474
21.89, 0.1055, 1.536
21.90, 0.1050, 1.716
21.91, 0.1045, 1.700
21.92, 0.1040, 1.427
21.93, 0.1035, 1.384
21.94, 0.1030, 1.444
21.95, 0.1025, 1.797
21.96, 0.1020, 1.653
21.97, 0.1015, 1.281
21.98, 0.1010, 1.428
21.99, 0.1005, 1.384
22.00, 0.1000, 1.663
22.01, 0.09950, 1.640
22.02, 0.09900, 1.270
22.03, 0.09850, 1.318
22.04, 0.09800, 1.358
22.05, 0.09750, 1.674
22.06, 0.09700, 1.476
22.07, 0.09650, 1.236
22.08, 0.09600, 1.359
22.09, 0.09550, 1.304
22.10, 0.09500, 1.787
22.11, 0.09450, 1.380
22.12, 0.09400, 1.155
22.13, 0.09350, 1.171
22.14, 0.09300, 1.235
22.15, 0.09250, 1.647
22.16, 0.09200, 1.211
22.17, 0.09150, 1.042
22.18, 0.09100, 1.179
22.19, 0.09050, 1.046
22.20, 0.09000, 1.530
22.21, 0.08950, 1.223
22.22, 0.08900, 0.9496
22.23, 0.08850, 1.018
22.24, 0.08800, 0.9450
22.25, 0.08750, 1.364
22.26, 0.08700, 1.086
22.27, 0.08650, 0.9113
22.28, 0.08600, 1.010
22.29, 0.08550, 0.9760
22.30, 0.08500, 1.383
22.31, 0.08450, 0.9116
22.32, 0.08400, 0.8227
22.33, 0.08350, 0.9757
22.34, 0.08300, 0.9274
22.35, 0.08250, 1.346
22.36, 0.08200, 0.9189
22.37, 0.08150, 0.7969
22.38, 0.08100, 0.8772
22.39, 0.08050, 0.9009
22.40, 0.08000, 1.235
22.41, 0.07950, 0.9319
22.42, 0.07900, 0.8278
22.43, 0.07850, 0.8376
22.44, 0.07800, 0.7938
22.45, 0.07750, 1.067
22.46, 0.07700, 0.9597
22.47, 0.07650, 0.7168
22.48, 0.07600, 0.7849
22.49, 0.07550, 0.7800
22.50, 0.07500, 0.8536
22.51, 0.07450, 0.7577
22.52, 0.07400, 0.7021
22.53, 0.07350, 0.7378
22.54, 0.07300, 0.8191
22.55, 0.07250, 0.9164
22.56, 0.07200, 0.8688
22.57, 0.07150, 0.5666
22.58, 0.07100, 0.6046
22.59, 0.07050, 0.6387
22.60, 0.07000, 0.8444
22.61, 0.06950, 0.6142
22.62, 0.06900, 0.4589
22.63, 0.06850, 0.5834
22.64, 0.06800, 0.5371
22.65, 0.06750, 0.6631
22.66, 0.06700, 0.4947
22.67, 0.06650, 0.3881
22.68, 0.06600, 0.4901
22.69, 0.06550, 0.3598
22.70, 0.06500, 0.5591
22.71, 0.06450, 0.5078
22.72, 0.06400, 0.3497
22.73, 0.06350, 0.4194
22.74, 0.06300, 0.3953
22.75, 0.06250, 0.4672
22.76, 0.06200, 0.4258
22.77, 0.06150, 0.2674
22.78, 0.06100, 0.3061
22.79, 0.06050, 0.3552
22.80, 0.06000, 0.5527
22.81, 0.05950, 0.3382
22.82, 0.05900, 0.2615
22.83, 0.05850, 0.3590
22.84, 0.05800, 0.2702
22.85, 0.05750, 0.3547
22.86, 0.05700, 0.3150
22.87, 0.05650, 0.1625
22.88, 0.05600, 0.2684
22.89, 0.05550, 0.1881
22.90, 0.05500, 0.3951
22.91, 0.05450, 0.2410
22.92, 0.05400, 0.08776
22.93, 0.05350, 0.1962
22.94, 0.05300, 0.1737
22.95, 0.05250, 0.3608
22.96, 0.05200, 0.1745
22.97, 0.05150, 0.02924
22.98, 0.05100, 0.1457
22.99, 0.05050, 0.005112
23.00, 0.05000, 0.2054
23.01, 0.04950, 0.1363
23.02, 0.04900, -0.07798
23.03, 0.04850, -0.01335
23.04, 0.04800, -0.04067
23.05, 0.04750, 0.1858
23.06, 0.04700, -0.01634
23.07, 0.04650, -0.1622
23.08, 0.04600, -0.08624
23.09, 0.04550, -0.1759
23.10, 0.04500, 0.01861
23.11, 0.04450, -0.1449
23.12, 0.04400, -0.1930
23.13, 0.04350, -0.1238
23.14, 0.04300, -0.1928
23.15, 0.04250, -0.07191
23.16, 0.04200, -0.1663
23.17, 0.04150, -0.3137
23.18, 0.04100, -0.1859
23.19, 0.04050, -0.3103
23.20, 0.04000, -0.01547
23.21, 0.03950, -0.2448
23.22, 0.03900, -0.3261
23.23, 0.03850, -0.2438
23.24, 0.03800, -0.2981
23.25, 0.03750, -0.1911
23.26, 0.03700, -0.2229
23.27, 0.03650, -0.3531
23.28, 0.03600, -0.2875
23.29, 0.03550, -0.4064
23.30, 0.03500, -0.2706
23.31, 0.03450, -0.3698
23.32, 0.03400, -0.4303
23.33, 0.03350, -0.3821
23.34, 0.03300, -0.4453
23.35, 0.03250, -0.3796
23.36, 0.03200, -0.3870
23.37, 0.03150, -0.5446
23.38, 0.03100, -0.4414
23.39, 0.03050, -0.5247
23.40, 0.03000, -0.3588
23.41, 0.02950, -0.4848
23.42, 0.02900, -0.6648
23.43, 0.02850, -0.5729
23.44, 0.02800, -0.6336
23.45, 0.02750, -0.5265
23.46, 0.02700, -0.6411
23.47, 0.02650, -0.7184
23.48, 0.02600, -0.6878
23.49, 0.02550, -0.7501
23.50, 0.02500, -0.6543
23.51, 0.02450, -0.7214
23.52, 0.02400, -0.8224
23.53, 0.02350, -0.7664
23.54, 0.02300, -0.8113
23.55, 0.02250, -0.7128
23.56, 0.02200, -0.7777
23.57, 0.02150, -0.9304
23.58, 0.02100, -0.7521
23.59, 0.02050, -0.8402
23.60, 0.02000, -0.7715
23.61, 0.01950, -0.8472
23.62, 0.01900, -0.9523
23.63, 0.01850, -0.8358
23.64, 0.01800, -0.9342
23.65, 0.01750, -0.7592
23.66, 0.01700, -0.9106
23.67, 0.01650, -1.005
23.68, 0.01600, -0.9159
23.69, 0.01550, -0.9866
23.70, 0.01500, -0.9423
23.71, 0.01450, -0.9900
23.72, 0.01400, -1.053
23.73, 0.01350, -0.9850
23.74, 0.01300, -1.020
23.75, 0.01250, -0.9231
23.76, 0.01200, -1.088
23.77, 0.01150, -1.120
23.78, 0.01100, -0.9735
23.79, 0.01050, -1.086
23.80, 0.01000, -1.006
23.81, 0.009500, -1.074
23.82, 0.009000, -1.178
23.83, 0.008500, -1.098
23.84, 0.008000, -1.195
23.85, 0.007500, -1.128
23.86, 0.007000, -1.207
23.87, 0.006500, -1.258
23.88, 0.006000, -1.228
23.89, 0.005500, -1.329
23.90, 0.005000, -1.263
23.91, 0.004500, -1.291
23.92, 0.004000, -1.377
23.93, 0.003500, -1.307
23.94, 0.003000, -1.380
23.95, 0.002500, -1.377
23.96, 0.002000, -1.373
23.97, 0.001500, -1.441
23.98, 0.001000, -1.307
23.99, 0.0005000, -1.429
24.00, 0.000, -1.387
24.01, -0.0005000, -1.412
24.02, -0.001000, -1.529
24.03, -0.001500, -1.418
24.04, -0.002000, -1.496
24.05, -0.002500, -1.436
24.06, -0.003000, -1.485
24.07, -0.003500, -1.567
24.08, -0.004000, -1.504
24.09, -0.004500, -1.591
24.10, -0.005000, -1.484
24.11, -0.005500, -1.498
24.12, -0.006000, -1.604
24.13, -0.006500, -1.534
24.14, -0.007000, -1.603
24.15, -0.007500, -1.554
24.16, -0.008000, -1.524
24.17, -0.008500, -1.686
24.18, -0.009000, -1.602
24.19, -0.009500, -1.693
24.20, -0.01000, -1.620
24.21, -0.01050, -1.626
24.22, -0.01100, -1.689
24.23, -0.01150, -1.707
24.24, -0.01200, -1.779
24.25, -0.01250, -1.694
24.26, -0.01300, -1.746
24.27, -0.01350, -1.864
24.28, -0.01400, -1.808
24.29, -0.01450, -1.916
24.30, -0.01500, -1.816
24.31, -0.01550, -1.835
24.32, -0.01600, -1.922
24.33, -0.01650, -1.870
24.34, -0.01700, -1.967
24.35, -0.01750, -1.877
24.36, -0.01800, -1.871
24.37, -0.01850, -1.968
24.38, -0.01900, -1.893
24.39, -0.01950, -1.955
24.40, -0.02000, -1.954
24.41, -0.02050, -1.990
24.42, -0.02100, -2.023
24.43, -0.02150, -2.005
24.44, -0.02200, -2.045
24.45, -0.02250, -1.968
24.46, -0.02300, -2.003
24.47, -0.02350, -2.076
24.48, -0.02400, -2.007
24.49, -0.02450, -2.067
24.50, -0.02500, -2.008
24.51, -0.02550, -2.086
24.52, -0.02600, -2.147
24.53, -0.02650, -2.006
24.54, -0.02700, -2.149
24.55, -0.02750, -2.095
24.56, -0.02800, -2.113
24.57, -0.02850, -2.216
24.58, -0.02900, -2.132
24.59, -0.02950, -2.170
24.60, -0.03000, -2.154
24.61, -0.03050, -2.123
24.62, -0.03100, -2.182
24.63, -0.03150, -2.150
24.64, -0.03200, -2.228
24.65, -0.03250, -2.206
24.66, -0.03300, -2.268
24.67, -0.03350, -2.294
24.68, -0.03400, -2.232
24.69, -0.03450, -2.387
24.70, -0.03500, -2.353
24.71, -0.03550, -2.381
24.72, -0.03600, -2.430
24.73, -0.03650, -2.322
24.74, -0.03700, -2.441
24.75, -0.03750, -2.417
24.76, -0.03800, -2.427
24.77, -0.03850, -2.490
24.78, -0.03900, -2.359
24.79, -0.03950, -2.471
24.80, -0.04000, -2.488
24.81, -0.04050, -2.463
24.82, -0.04100, -2.498
24.83, -0.04150, -2.431
24.84, -0.04200, -2.543
24.85, -0.04250, -2.533
24.86, -0.04300, -2.494
24.87, -0.04350, -2.568
24.88, -0.04400, -2.471
24.89, -0.04450, -2.583
24.90, -0.04500, -2.603
24.91, -0.04550, -2.584
24.92, -0.04600, -2.590
24.93, -0.04650, -2.514
24.94, -0.04700, -2.649
24.95, -0.04750, -2.641
24.96, -0.04800, -2.616
24.97, -0.04850, -2.626
24.98, -0.04900, -2.563
24.99, -0.04950, -2.652
25.00, -0.05000, -2.681
25.01, -0.05050, -2.649
25.02, -0.05100, -2.686
25.03, -0.05150, -2.620
25.04, -0.05200, -2.698
25.05, -0.05250, -2.733
25.06, -0.05300, -2.721
25.07, -0.05350, -2.800
25.08, -0.05400, -2.705
25.09, -0.05450, -2.828
25.10, -0.05500, -2.816
25.11, -0.05550, -2.807
25.12, -0.05600, -2.838
25.13, -0.05650, -2.809
25.14, -0.05700, -2.946
25.15, -0.05750, -2.918
25.16, -0.05800, -2.860
25.17, -0.05850, -2.979
25.18, -0.05900, -2.838
25.19, -0.05950, -2.978
25.20, -0.06000, -2.950
25.21, -0.06050, -2.960
25.22, -0.06100, -2.967
25.23, -0.06150, -2.940
25.24, -0.06200, -3.001
25.25, -0.06250, -3.016
25.26, -0.06300, -3.025
25.27, -0.06350, -3.044
25.28, -0.06400, -3.004
25.29, -0.06450, -3.095
25.30, -0.06500, -3.023
25.31, -0.06550, -3.034
25.32, -0.06600, -3.079
25.33, -0.06650, -2.963
25.34, -0.06700, -3.155
25.35, -0.06750, -3.091
25.36, -0.06800, -3.081
25.37, -0.06850, -3.140
25.38, -0.06900, -3.066
25.39, -0.06950, -3.137
25.40, -0.07000, -3.120
25.41, -0.07050, -3.100
25.42, -0.07100, -3.163
25.43, -0.07150, -3.082
25.44, -0.07200, -3.177
25.45, -0.07250, -3.205
25.46, -0.07300, -3.161
25.47, -0.07350, -3.276
25.48, -0.07400, -3.167
25.49, -0.07450, -3.215
25.50, -0.07500, -3.237
25.51, -0.07550, -3.213
25.52, -0.07600, -3.297
25.53, -0.07650, -3.214
25.54, -0.07700, -3.347
25.55, -0.07750, -3.356
25.56, -0.07800, -3.345
25.57, -0.07850, -3.415
25.58, -0.07900, -3.326
25.59, -0.07950, -3.424
25.60, -0.08000, -3.374
25.61, -0.08050, -3.417
25.62, -0.08100, -3.462
25.63, -0.08150, -3.406
25.64, -0.08200, -3.442
25.65, -0.08250, -3.467
25.66, -0.08300, -3.404
25.67, -0.08350, -3.556
25.68, -0.08400, -3.431
25.69, -0.08450, -3.518
25.70, -0.08500, -3.490
25.71, -0.08550, -3.531
25.72, -0.08600, -3.513
25.73, -0.08650, -3.467
25.74, -0.08700, -3.573
25.75, -0.08750, -3.553
25.76, -0.08800, -3.521
25.77, -0.08850, -3.582
25.78, -0.08900, -3.523
25.79, -0.08950, -3.560
25.80, -0.09000, -3.551
25.81, -0.09050, -3.530
25.82, -0.09100, -3.620
25.83, -0.09150, -3.514
25.84, -0.09200, -3.588
25.85, -0.09250, -3.614
25.86, -0.09300, -3.592
25.87, -0.09350, -3.685
25.88, -0.09400, -3.614
25.89, -0.09450, -3.635
25.90, -0.09500, -3.659
25.91, -0.09550, -3.620
25.92, -0.09600, -3.742
25.93, -0.09650, -3.648
25.94, -0.09700, -3.793
25.95, -0.09750, -3.755
25.96, -0.09800, -3.762
25.97, -0.09850, -3.806
25.98, -0.09900, -3.767
25.99, -0.09950, -3.879
26.00, -0.1000, -3.860
26.01, -0.1005, -3.810
26.02, -0.1010, -3.872
26.03, -0.1015, -3.796
26.04, -0.1020, -3.895
26.05, -0.1025, -3.852
26.06, -0.1030, -3.854
26.07, -0.1035, -3.922
26.08, -0.1040, -3.836
26.09, -0.1045, -3.900
26.10, -0.1050, -3.932
26.11, -0.1055, -3.913
26.12, -0.1060, -3.972
26.13, -0.1065, -3.882
26.14, -0.1070, -3.958
26.15, -0.1075, -3.982
26.16, -0.1080, -3.963
26.17, -0.1085, -3.946
26.18, -0.1090, -3.902
26.19, -0.1095, -3.962
26.20, -0.1100, -4.009
26.21, -0.1105, -3.989
26.22, -0.1110, -3.975
26.23, -0.1115, -3.911
26.24, -0.1120, -4.018
26.25, -0.1125, -4.038
26.26, -0.1130, -3.994
26.27, -0.1135, -4.053
26.28, -0.1140, -3.961
26.29, -0.1145, -4.029
26.30, -0.1150, -4.035
26.31, -0.1155, -4.060
26.32, -0.1160, -4.108
26.33, -0.1165, -3.991
26.34, -0.1170, -4.119
26.35, -0.1175, -4.135
26.36, -0.1180, -4.108
26.37, -0.1185, -4.141
26.38, -0.1190, -4.058
26.39, -0.1195, -4.194
26.40, -0.1200, -4.235
26.41, -0.1205, -4.211
26.42, -0.1210, -4.275
26.43, -0.1215, -4.172
26.44, -0.1220, -4.248
26.45, -0.1225, -4.254
26.46, -0.1230, -4.260
26.47, -0.1235, -4.272
26.48, -0.1240, -4.204
26.49, -0.1245, -4.240
26.50, -0.1250, -4.251
26.51, -0.1255, -4.240
26.52, -0.1260, -4.321
26.53, -0.1265, -4.240
26.54, -0.1270, -4.301
26.55, -0.1275, -4.299
26.56, -0.1280, -4.236
26.57, -0.1285, -4.333
26.58, -0.1290, -4.247
26.59, -0.1295, -4.304
26.60, -0.1300, -4.297
26.61, -0.1305, -4.298
26.62, -0.1310, -4.344
26.63, -0.1315, -4.268
26.64, -0.1320, -4.334
26.65, -0.1325, -4.277
26.66, -0.1330, -4.316
26.67, -0.1335, -4.350
26.68, -0.1340, -4.290
26.69, -0.1345, -4.333
26.70, -0.1350, -4.335
26.71, -0.1355, -4.312
26.72, -0.1360, -4.394
26.73, -0.1365, -4.313
26.74, -0.1370, -4.355
26.75, -0.1375, -4.350
26.76, -0.1380, -4.353
26.77, -0.1385, -4.442
26.78, -0.1390, -4.361
26.79, -0.1395, -4.458
26.80, -0.1400, -4.465
26.81, -0.1405, -4.457
26.82, -0.1410, -4.504
26.83, -0.1415, -4.437
26.84, -0.1420, -4.540
26.85, -0.1425, -4.499
26.86, -0.1430, -4.439
26.87, -0.1435, -4.559
26.88, -0.1440, -4.442
26.89, -0.1445, -4.516
26.90, -0.1450, -4.477
26.91, -0.1455, -4.484
26.92, -0.1460, -4.553
26.93, -0.1465, -4.469
26.94, -0.1470, -4.504
26.95, -0.1475, -4.525
26.96, -0.1480, -4.484
26.97, -0.1485, -4.565
26.98, -0.1490, -4.449
26.99, -0.1495, -4.557
27.00, -0.1500, -4.530
27.01, -0.1505, -4.445
27.02, -0.1510, -4.578
27.03, -0.1515, -4.468
27.04, -0.1520, -4.533
27.05, -0.1525, -4.530
27.06, -0.1530, -4.542
27.07, -0.1535, -4.584
27.08, -0.1540, -4.501
27.09, -0.1545, -4.480
27.10, -0.1550, -4.489
27.11, -0.1555, -4.546
27.12, -0.1560, -4.587
27.13, -0.1565, -4.504
27.14, -0.1570, -4.498
27.15, -0.1575, -4.548
27.16, -0.1580, -4.476
27.17, -0.1585, -4.580
27.18, -0.1590, -4.456
27.19, -0.1595, -4.560
27.20, -0.1600, -4.558
27.21, -0.1605, -4.570
27.22, -0.1610, -4.642
27.23, -0.1615, -4.532
27.24, -0.1620, -4.637
27.25, -0.1625, -4.636
27.26, -0.1630, -4.613
27.27, -0.1635, -4.704
27.28, -0.1640, -4.547
27.29, -0.1645, -4.651
27.30, -0.1650, -4.587
27.31, -0.1655, -4.593
27.32, -0.1660, -4.650
27.33, -0.1665, -4.531
27.34, -0.1670, -4.595
27.35, -0.1675, -4.675
27.36, -0.1680, -4.624
27.37, -0.1685, -4.617
27.38, -0.1690, -4.515
27.39, -0.1695, -4.593
27.40, -0.1700, -4.651
27.41, -0.1705, -4.572
27.42, -0.1710, -4.630
27.43, -0.1715, -4.562
27.44, -0.1720, -4.645
27.45, -0.1725, -4.622
27.46, -0.1730, -4.551
27.47, -0.1735, -4.611
27.48, -0.1740, -4.498
27.49, -0.1745, -4.602
27.50, -0.1750, -4.606
27.51, -0.1755, -4.535
27.52, -0.1760, -4.571
27.53, -0.1765, -4.470
27.54, -0.1770, -4.521
27.55, -0.1775, -4.579
27.56, -0.1780, -4.528
27.57, -0.1785, -4.562
27.58, -0.1790, -4.519
27.59, -0.1795, -4.576
27.60, -0.1800, -4.574
27.61, -0.1805, -4.547
27.62, -0.1810, -4.594
27.63, -0.1815, -4.566
27.64, -0.1820, -4.685
27.65, -0.1825, -4.623
27.66, -0.1830, -4.589
27.67, -0.1835, -4.651
27.68, -0.1840, -4.542
27.69, -0.1845, -4.608
27.70, -0.1850, -4.630
27.71, -0.1855, -4.608
27.72, -0.1860, -4.595
27.73, -0.1865, -4.537
27.74, -0.1870, -4.587
27.75, -0.1875, -4.589
27.76, -0.1880, -4.557
27.77, -0.1885, -4.607
27.78, -0.1890, -4.506
27.79, -0.1895, -4.568
27.80, -0.1900, -4.536
27.81, -0.1905, -4.488
27.82, -0.1910, -4.599
27.83, -0.1915, -4.474
27.84, -0.1920, -4.533
27.85, -0.1925, -4.530
27.86, -0.1930, -4.475
27.87, -0.1935, -4.554
27.88, -0.1940, -4.487
27.89, -0.1945, -4.464
27.90, -0.1950, -4.488
27.91, -0.1955, -4.428
27.92, -0.1960, -4.510
27.93, -0.1965, -4.431
27.94, -0.1970, -4.448
27.95, -0.1975, -4.469
27.96, -0.1980, -4.405
27.97, -0.1985, -4.450
27.98, -0.1990, -4.404
27.99, -0.1995, -4.435
28.00, -0.2000, -4.398
28.01, -0.2005, -4.354
28.02, -0.2010, -4.542
28.03, -0.2015, -4.361
28.04, -0.2020, -4.437
28.05, -0.2025, -4.446
28.06, -0.2030, -4.376
28.07, -0.2035, -4.492
28.08, -0.2040, -4.425
28.09, -0.2045, -4.474
28.10, -0.2050, -4.462
28.11, -0.2055, -4.453
28.12, -0.2060, -4.510
28.13, -0.2065, -4.427
28.14, -0.2070, -4.395
28.15, -0.2075, -4.415
28.16, -0.2080, -4.401
28.17, -0.2085, -4.476
28.18, -0.2090, -4.344
28.19, -0.2095, -4.426
28.20, -0.2100, -4.370
28.21, -0.2105, -4.357
28.22, -0.2110, -4.412
28.23, -0.2115, -4.317
28.24, -0.2120, -4.370
28.25, -0.2125, -4.355
28.26, -0.2130, -4.324
28.27, -0.2135, -4.410
28.28, -0.2140, -4.314
28.29, -0.2145, -4.333
28.30, -0.2150, -4.303
28.31, -0.2155, -4.284
28.32, -0.2160, -4.334
28.33, -0.2165, -4.237
28.34, -0.2170, -4.240
28.35, -0.2175, -4.273
28.36, -0.2180, -4.275
28.37, -0.2185, -4.280
28.38, -0.2190, -4.179
28.39, -0.2195, -4.228
28.40, -0.2200, -4.236
28.41, -0.2205, -4.196
28.42, -0.2210, -4.307
28.43, -0.2215, -4.241
28.44, -0.2220, -4.230
28.45, -0.2225, -4.245
28.46, -0.2230, -4.233
28.47, -0.2235, -4.274
28.48, -0.2240, -4.182
28.49, -0.2245, -4.258
28.50, -0.2250, -4.263
28.51, -0.2255, -4.195
28.52, -0.2260, -4.306
28.53, -0.2265, -4.149
28.54, -0.2270, -4.227
28.55, -0.2275, -4.219
28.56, -0.2280, -4.158
28.57, -0.2285, -4.235
28.58, -0.2290, -4.173
28.59, -0.2295, -4.157
28.60, -0.2300, -4.201
28.61, -0.2305, -4.154
28.62, -0.2310, -4.203
28.63, -0.2315, -4.082
28.64, -0.2320, -4.160
28.65, -0.2325, -4.168
28.66, -0.2330, -4.086
28.67, -0.2335, -4.152
28.68, -0.2340, -4.041
28.69, -0.2345, -4.097
28.70, -0.2350, -4.157
28.71, -0.2355, -4.120
28.72, -0.2360, -4.130
28.73, -0.2365, -4.044
28.74, -0.2370, -4.072
28.75, -0.2375, -4.111
28.76, -0.2380, -3.963
28.77, -0.2385, -4.079
28.78, -0.2390, -4.003
28.79, -0.2395, -4.036
28.80, -0.2400, -4.087
28.81, -0.2405, -3.992
28.82, -0.2410, -4.060
28.83, -0.2415, -3.979
28.84, -0.2420, -4.038
28.85, -0.2425, -4.060
28.86, -0.2430, -3.951
28.87, -0.2435, -4.043
28.88, -0.2440, -3.983
28.89, -0.2445, -4.014
28.90, -0.2450, -4.061
28.91, -0.2455, -4.007
28.92, -0.2460, -4.038
28.93, -0.2465, -3.957
28.94, -0.2470, -4.012
28.95, -0.2475, -4.032
28.96, -0.2480, -3.970
28.97, -0.2485, -4.048
28.98, -0.2490, -3.967
28.99, -0.2495, -3.968
29.00, -0.2500, -4.005
29.01, -0.2505, -3.971
29.02, -0.2510, -4.028
29.03, -0.2515, -3.904
29.04, -0.2520, -3.958
29.05, -0.2525, -3.920
29.06, -0.2530, -3.879
29.07, -0.2535, -3.939
29.08, -0.2540, -3.850
29.09, -0.2545, -3.874
29.10, -0.2550, -3.928
29.11, -0.2555, -3.877
29.12, -0.2560, -3.898
29.13, -0.2565, -3.830
29.14, -0.2570, -3.850
29.15, -0.2575, -3.837
29.16, -0.2580, -3.797
29.17, -0.2585, -3.860
29.18, -0.2590, -3.768
29.19, -0.2595, -3.801
29.20, -0.2600, -3.789
29.21, -0.2605, -3.746
29.22, -0.2610, -3.806
29.23, -0.2615, -3.728
29.24, -0.2620, -3.744
29.25, -0.2625, -3.802
29.26, -0.2630, -3.675
29.27, -0.2635, -3.774
29.28, -0.2640, -3.691
29.29, -0.2645, -3.766
29.30, -0.2650, -3.752
29.31, -0.2655, -3.721
29.32, -0.2660, -3.819
29.33, -0.2665, -3.687
29.34, -0.2670, -3.775
29.35, -0.2675, -3.767
29.36, -0.2680, -3.696
29.37, -0.2685, -3.803
29.38, -0.2690, -3.746
29.39, -0.2695, -3.731
29.40, -0.2700, -3.709
29.41, -0.2705, -3.693
29.42, -0.2710, -3.755
29.43, -0.2715, -3.663
29.44, -0.2720, -3.697
29.45, -0.2725, -3.652
29.46, -0.2730, -3.618
29.47, -0.2735, -3.734
29.48, -0.2740, -3.642
29.49, -0.2745, -3.642
29.50, -0.2750, -3.678
29.51, -0.2755, -3.601
29.52, -0.2760, -3.714
29.53, -0.2765, -3.602
29.54, -0.2770, -3.582
29.55, -0.2775, -3.599
29.56, -0.2780, -3.522
29.57, -0.2785, -3.623
29.58, -0.2790, -3.523
29.59, -0.2795, -3.533
29.60, -0.2800, -3.549
29.61, -0.2805, -3.502
29.62, -0.2810, -3.583
29.63, -0.2815, -3.473
29.64, -0.2820, -3.498
29.65, -0.2825, -3.531
29.66, -0.2830, -3.477
29.67, -0.2835, -3.543
29.68, -0.2840, -3.428
29.69, -0.2845, -3.508
29.70, -0.2850, -3.523
29.71, -0.2855, -3.427
29.72, -0.2860, -3.512
29.73, -0.2865, -3.457
29.74, -0.2870, -3.501
29.75, -0.2875, -3.503
29.76, -0.2880, -3.485
29.77, -0.2885, -3.554
29.78, -0.2890, -3.431
29.79, -0.2895, -3.475
29.80, -0.2900, -3.450
29.81, -0.2905, -3.441
29.82, -0.2910, -3.563
29.83, -0.2915, -3.444
29.84, -0.2920, -3.431
29.85, -0.2925, -3.463
29.86, -0.2930, -3.368
29.87, -0.2935, -3.487
29.88, -0.2940, -3.373
29.89, -0.2945, -3.379
29.90, -0.2950, -3.424
29.91, -0.2955, -3.385
29.92, -0.2960, -3.417
29.93, -0.2965, -3.317
29.94, -0.2970, -3.352
29.95, -0.2975, -3.365
29.96, -0.2980, -3.335
29.97, -0.2985, -3.372
29.98, -0.2990, -3.280
29.99, -0.2995, -3.240
30.00, -0.3000, -3.328
30.01, -0.3005, -3.260
30.02, -0.3010, -3.333
30.03, -0.3015, -3.217
30.04, -0.3020, -3.317
30.05, -0.3025, -3.266
30.06, -0.3030, -3.255
30.07, -0.3035, -3.275
30.08, -0.3040, -3.176
30.09, -0.3045, -3.180
30.10, -0.3050, -3.249
30.11, -0.3055, -3.177
30.12, -0.3060, -3.285
30.13, -0.3065, -3.194
30.14, -0.3070, -3.186
30.15, -0.3075, -3.228
30.16, -0.3080, -3.226
30.17, -0.3085, -3.253
30.18, -0.3090, -3.180
30.19, -0.3095, -3.210
30.20, -0.3100, -3.248
30.21, -0.3105, -3.203
30.22, -0.3110, -3.247
30.23, -0.3115, -3.151
30.24, -0.3120, -3.194
30.25, -0.3125, -3.214
30.26, -0.3130, -3.114
30.27, -0.3135, -3.215
30.28, -0.3140, -3.153
30.29, -0.3145, -3.154
30.30, -0.3150, -3.188
30.31, -0.3155, -3.131
30.32, -0.3160, -3.196
30.33, -0.3165, -3.072
30.34, -0.3170, -3.116
30.35, -0.3175, -3.128
30.36, -0.3180, -3.163
30.37, -0.3185, -3.164
30.38, -0.3190, -3.068
30.39, -0.3195, -3.087
30.40, -0.3200, -3.087
30.41, -0.3205, -3.098
30.42, -0.3210, -3.121
30.43, -0.3215, -2.977
30.44, -0.3220, -3.087
30.45, -0.3225, -3.067
30.46, -0.3230, -2.948
30.47, -0.3235, -3.061
30.48, -0.3240, -3.000
30.49, -0.3245, -3.003
30.50, -0.3250, -3.018
30.51, -0.3255, -2.926
30.52, -0.3260, -2.999
30.53, -0.3265, -2.938
30.54, -0.3270, -2.969
30.55, -0.3275, -2.966
30.56, -0.3280, -2.927
30.57, -0.3285, -3.056
30.58, -0.3290, -2.963
30.59, -0.3295, -2.995
30.60, -0.3300, -3.021
30.61, -0.3305, -2.960
30.62, -0.3310, -3.028
30.63, -0.3315, -2.957
30.64, -0.3320, -3.005
30.65, -0.3325, -3.006
30.66, -0.3330, -2.940
30.67, -0.3335, -3.052
30.68, -0.3340, -2.961
30.69, -0.3345, -2.990
30.70, -0.3350, -2.991
30.71, -0.3355, -2.935
30.72, -0.3360, -2.992
30.73, -0.3365, -2.900
30.74, -0.3370, -2.934
30.75, -0.3375, -2.893
30.76, -0.3380, -2.866
30.77, -0.3385, -2.967
30.78, -0.3390, -2.887
30.79, -0.3395, -2.867
30.80, -0.3400, -2.902
30.81, -0.3405, -2.812
30.82, -0.3410, -2.909
30.83, -0.3415, -2.832
30.84, -0.3420, -2.834
30.85, -0.3425, -2.850
30.86, -0.3430, -2.813
30.87, -0.3435, -2.891
30.88, -0.3440, -2.791
30.89, -0.3445, -2.809
30.90, -0.3450, -2.815
30.91, -0.3455, -2.788
30.92, -0.3460, -2.818
30.93, -0.3465, -2.751
30.94, -0.3470, -2.791
30.95, -0.3475, -2.804
30.96, -0.3480, -2.753
30.97, -0.3485, -2.827
30.98, -0.3490, -2.787
30.99, -0.3495, -2.781
31.00, -0.3500, -2.842
31.01, -0.3505, -2.758
31.02, -0.3510, -2.921
31.03, -0.3515, -2.789
31.04, -0.3520, -2.813
31.05, -0.3525, -2.845
31.06, -0.3530, -2.765
31.07, -0.3535, -2.854
31.08, -0.3540, -2.801
31.09, -0.3545, -2.817
31.10, -0.3550, -2.804
31.11, -0.3555, -2.722
31.12, -0.3560, -2.792
31.13, -0.3565, -2.737
31.14, -0.3570, -2.779
31.15, -0.3575, -2.818
31.16, -0.3580, -2.739
31.17, -0.3585, -2.858
31.18, -0.3590, -2.724
31.19, -0.3595, -2.726
31.20, -0.3600, -2.753
31.21, -0.3605, -2.725
31.22, -0.3610, -2.778
31.23, -0.3615, -2.693
31.24, -0.3620, -2.711
31.25, -0.3625, -2.698
31.26, -0.3630, -2.654
31.27, -0.3635, -2.757
31.28, -0.3640, -2.612
31.29, -0.3645, -2.701
31.30, -0.3650, -2.685
31.31, -0.3655, -2.656
31.32, -0.3660, -2.734
31.33, -0.3665, -2.619
31.34, -0.3670, -2.662
31.35, -0.3675, -2.720
31.36, -0.3680, -2.631
31.37, -0.3685, -2.680
31.38, -0.3690, -2.618
31.39, -0.3695, -2.656
31.40, -0.3700, -2.682
31.41, -0.3705, -2.624
31.42, -0.3710, -2.703
31.43, -0.3715, -2.610
31.44, -0.3720, -2.693
31.45, -0.3725, -2.738
31.46, -0.3730, -2.628
31.47, -0.3735, -2.730
31.48, -0.3740, -2.642
31.49, -0.3745, -2.715
31.50, -0.3750, -2.737
31.51, -0.3755, -2.662
31.52, -0.3760, -2.720
31.53, -0.3765, -2.635
31.54, -0.3770, -2.658
31.55, -0.3775, -2.721
31.56, -0.3780, -2.654
31.57, -0.3785, -2.667
31.58, -0.3790, -2.622
31.59, -0.3795, -2.684
31.60, -0.3800, -2.652
31.61, -0.3805, -2.536
31.62, -0.3810, -2.677
31.63, -0.3815, -2.628
31.64, -0.3820, -2.626
31.65, -0.3825, -2.618
31.66, -0.3830, -2.539
31.67, -0.3835, -2.642
31.68, -0.3840, -2.557
31.69, -0.3845, -2.563
31.70, -0.3850, -2.622
31.71, -0.3855, -2.565
31.72, -0.3860, -2.653
31.73, -0.3865, -2.575
31.74, -0.3870, -2.591
31.75, -0.3875, -2.566
31.76, -0.3880, -2.514
31.77, -0.3885, -2.610
31.78, -0.3890, -2.570
31.79, -0.3895, -2.537
31.80, -0.3900, -2.593
31.81, -0.3905, -2.531
31.82, -0.3910, -2.628
31.83, -0.3915, -2.607
31.84, -0.3920, -2.620
31.85, -0.3925, -2.633
31.86, -0.3930, -2.547
31.87, -0.3935, -2.667
31.88, -0.3940, -2.591
31.89, -0.3945, -2.583
31.90, -0.3950, -2.610
31.91, -0.3955, -2.542
31.92, -0.3960, -2.658
31.93, -0.3965, -2.602
31.94, -0.3970, -2.615
31.95, -0.3975, -2.627
31.96, -0.3980, -2.561
31.97, -0.3985, -2.642
31.98, -0.3990, -2.556
31.99, -0.3995, -2.557
32.00, -0.4000, -2.570
