0.01000, -0.3995, -32.82
0.02000, -0.3990, -14.03
0.03000, -0.3985, -9.024
0.04000, -0.3980, -6.875
0.05000, -0.3975, -5.652
0.06000, -0.3970, -4.871
0.07000, -0.3965, -4.301
0.08000, -0.3960, -3.872
0.09000, -0.3955, -3.591
0.1000, -0.3950, -3.311
0.1100, -0.3945, -3.059
0.1200, -0.3940, -2.894
0.1300, -0.3935, -2.735
0.1400, -0.3930, -2.612
0.1500, -0.3925, -2.478
0.1600, -0.3920, -2.368
0.1700, -0.3915, -2.254
0.1800, -0.3910, -2.172
0.1900, -0.3905, -2.108
0.2000, -0.3900, -2.015
0.2100, -0.3895, -1.978
0.2200, -0.3890, -1.894
0.2300, -0.3885, -1.843
0.2400, -0.3880, -1.775
0.2500, -0.3875, -1.702
0.2600, -0.3870, -1.651
0.2700, -0.3865, -1.610
0.2800, -0.3860, -1.531
0.2900, -0.3855, -1.512
0.3000, -0.3850, -1.448
0.3100, -0.3845, -1.418
0.3200, -0.3840, -1.374
0.3300, -0.3835, -1.339
0.3400, -0.3830, -1.337
0.3500, -0.3825, -1.317
0.3600, -0.3820, -1.283
0.3700, -0.3815, -1.280
0.3800, -0.3810, -1.241
0.3900, -0.3805, -1.199
0.4000, -0.3800, -1.182
0.4100, -0.3795, -1.175
0.4200, -0.3790, -1.186
0.4300, -0.3785, -1.179
0.4400, -0.3780, -1.149
0.4500, -0.3775, -1.103
0.4600, -0.3770, -1.113
0.4700, -0.3765, -1.132
0.4800, -0.3760, -1.092
0.4900, -0.3755, -1.098
0.5000, -0.3750, -1.087
0.5100, -0.3745, -1.055
0.5200, -0.3740, -1.047
0.5300, -0.3735, -1.036
0.5400, -0.3730, -1.006
0.5500, -0.3725, -0.9818
0.5600, -0.3720, -1.010
0.5700, -0.3715, -1.002
0.5800, -0.3710, -0.9771
0.5900, -0.3705, -0.9907
0.6000, -0.3700, -0.9573
0.6100, -0.3695, -0.9485
0.6200, -0.3690, -0.9246
0.6300, -0.3685, -0.9303
0.6400, -0.3680, -0.9287
0.6500, -0.3675, -0.8822
0.6600, -0.3670, -0.8869
0.6700, -0.3665, -0.8618
0.6800, -0.3660, -0.8353
0.6900, -0.3655, -0.7903
0.7000, -0.3650, -0.7774
0.7100, -0.3645, -0.7835
0.7200, -0.3640, -0.7430
0.7300, -0.3635, -0.7355
0.7400, -0.3630, -0.7200
0.7500, -0.3625, -0.7123
0.7600, -0.3620, -0.7187
0.7700, -0.3615, -0.7048
0.7800, -0.3610, -0.6898
0.7900, -0.3605, -0.7032
0.8000, -0.3600, -0.7254
0.8100, -0.3595, -0.6951
0.8200, -0.3590, -0.6896
0.8300, -0.3585, -0.6905
0.8400, -0.3580, -0.6976
0.8500, -0.3575, -0.6886
0.8600, -0.3570, -0.6956
0.8700, -0.3565, -0.7047
0.8800, -0.3560, -0.6906
0.8900, -0.3555, -0.7097
0.9000, -0.3550, -0.7074
0.9100, -0.3545, -0.6627
0.9200, -0.3540, -0.6851
0.9300, -0.3535, -0.6787
0.9400, -0.3530, -0.6669
0.9500, -0.3525, -0.6814
0.9600, -0.3520, -0.6646
0.9700, -0.3515, -0.6925
0.9800, -0.3510, -0.6747
0.9900, -0.3505, -0.6834
1.000, -0.3500, -0.6756
1.010, -0.3495, -0.6714
1.020, -0.3490, -0.6484
1.030, -0.3485, -0.6412
1.040, -0.3480, -0.6482
1.050, -0.3475, -0.6327
1.060, -0.3470, -0.6452
1.070, -0.3465, -0.6347
1.080, -0.3460, -0.6006
1.090, -0.3455, -0.6075
1.100, -0.3450, -0.5703
1.110, -0.3445, -0.5347
1.120, -0.3440, -0.5244
1.130, -0.3435, -0.5497
1.140, -0.3430, -0.5155
1.150, -0.3425, -0.4985
1.160, -0.3420, -0.4944
1.170, -0.3415, -0.4892
1.180, -0.3410, -0.4836
1.190, -0.3405, -0.4943
1.200, -0.3400, -0.4966
1.210, -0.3395, -0.4782
1.220, -0.3390, -0.4808
1.230, -0.3385, -0.4884
1.240, -0.3380, -0.5061
1.250, -0.3375, -0.4891
1.260, -0.3370, -0.5046
1.270, -0.3365, -0.5020
1.280, -0.3360, -0.4869
1.290, -0.3355, -0.5026
1.300, -0.3350, -0.4943
1.310, -0.3345, -0.5012
1.320, -0.3340, -0.4865
1.330, -0.3335, -0.4915
1.340, -0.3330, -0.5043
1.350, -0.3325, -0.4746
1.360, -0.3320, -0.5100
1.370, -0.3315, -0.5195
1.380, -0.3310, -0.5039
1.390, -0.3305, -0.5047
1.400, -0.3300, -0.5161
1.410, -0.3295, -0.4837
1.420, -0.3290, -0.4994
1.430, -0.3285, -0.4872
1.440, -0.3280, -0.4997
1.450, -0.3275, -0.5225
1.460, -0.3270, -0.5039
1.470, -0.3265, -0.5373
1.480, -0.3260, -0.4912
1.490, -0.3255, -0.4752
1.500, -0.3250, -0.4790
1.510, -0.3245, -0.4148
1.520, -0.3240, -0.3892
1.530, -0.3235, -0.3424
1.540, -0.3230, -0.3294
1.550, -0.3225, -0.3149
1.560, -0.3220, -0.3031
1.570, -0.3215, -0.3018
1.580, -0.3210, -0.2982
1.590, -0.3205, -0.2605
1.600, -0.3200, -0.2620
1.610, -0.3195, -0.2535
1.620, -0.3190, -0.3195
1.630, -0.3185, -0.2841
1.640, -0.3180, -0.2626
1.650, -0.3175, -0.2917
1.660, -0.3170, -0.2865
1.670, -0.3165, -0.2955
1.680, -0.3160, -0.3048
1.690, -0.3155, -0.3146
1.700, -0.3150, -0.3181
1.710, -0.3145, -0.3218
1.720, -0.3140, -0.3240
1.730, -0.3135, -0.3015
1.740, -0.3130, -0.3122
1.750, -0.3125, -0.3244
1.760, -0.3120, -0.4345
1.770, -0.3115, -0.4514
1.780, -0.3110, -0.4456
1.790, -0.3105, -0.3927
1.800, -0.3100, -0.3902
1.810, -0.3095, -0.4018
1.820, -0.3090, -0.4107
1.830, -0.3085, -0.3790
1.840, -0.3080, -0.3677
1.850, -0.3075, -0.4394
1.860, -0.3070, -0.4459
1.870, -0.3065, -0.4408
1.880, -0.3060, -0.4364
1.890, -0.3055, -0.4257
1.900, -0.3050, -0.4486
1.910, -0.3045, -0.4365
1.920, -0.3040, -0.4180
1.930, -0.3035, -0.3788
1.940, -0.3030, -0.3691
1.950, -0.3025, -0.3796
1.960, -0.3020, -0.3517
1.970, -0.3015, -0.3174
1.980, -0.3010, -0.3299
1.990, -0.3005, -0.3239
2.000, -0.3000, -0.3090
2.010, -0.2995, -0.3192
2.020, -0.2990, -0.3229
2.030, -0.2985, -0.3007
2.040, -0.2980, -0.3016
2.050, -0.2975, -0.3351
2.060, -0.2970, -0.3218
2.070, -0.2965, -0.3059
2.080, -0.2960, -0.3115
2.090, -0.2955, -0.3482
2.100, -0.2950, -0.3439
2.110, -0.2945, -0.3369
2.120, -0.2940, -0.3078
2.130, -0.2935, -0.3279
2.140, -0.2930, -0.3133
2.150, -0.2925, -0.3703
2.160, -0.2920, -0.3370
2.170, -0.2915, -0.3445
2.180, -0.2910, -0.3681
2.190, -0.2905, -0.3512
2.200, -0.2900, -0.3494
2.210, -0.2895, -0.3518
2.220, -0.2890, -0.3420
2.230, -0.2885, -0.3657
2.240, -0.2880, -0.3692
2.250, -0.2875, -0.3822
2.260, -0.2870, -0.3593
2.270, -0.2865, -0.3516
2.280, -0.2860, -0.3472
2.290, -0.2855, -0.3574
2.300, -0.2850, -0.3828
2.310, -0.2845, -0.3847
2.320, -0.2840, -0.3757
2.330, -0.2835, -0.3545
2.340, -0.2830, -0.3433
2.350, -0.2825, -0.3424
2.360, -0.2820, -0.2842
2.370, -0.2815, -0.2944
2.380, -0.2810, -0.2774
2.390, -0.2805, -0.2906
2.400, -0.2800, -0.2825
2.410, -0.2795, -0.2457
2.420, -0.2790, -0.2613
2.430, -0.2785, -0.2327
2.440, -0.2780, -0.2555
2.450, -0.2775, -0.2572
2.460, -0.2770, -0.2464
2.470, -0.2765, -0.2534
2.480, -0.2760, -0.2639
2.490, -0.2755, -0.2478
2.500, -0.2750, -0.2563
2.510, -0.2745, -0.2701
2.520, -0.2740, -0.2853
2.530, -0.2735, -0.2804
2.540, -0.2730, -0.3024
2.550, -0.2725, -0.3057
2.560, -0.2720, -0.3078
2.570, -0.2715, -0.2969
2.580, -0.2710, -0.2778
2.590, -0.2705, -0.2954
2.600, -0.2700, -0.3003
2.610, -0.2695, -0.2911
2.620, -0.2690, -0.3043
2.630, -0.2685, -0.3035
2.640, -0.2680, -0.2988
2.650, -0.2675, -0.3026
2.660, -0.2670, -0.2950
2.670, -0.2665, -0.2916
2.680, -0.2660, -0.3259
2.690, -0.2655, -0.3320
2.700, -0.2650, -0.3343
2.710, -0.2645, -0.2983
2.720, -0.2640, -0.3078
2.730, -0.2635, -0.3191
2.740, -0.2630, -0.3630
2.750, -0.2625, -0.3261
2.760, -0.2620, -0.2995
2.770, -0.2615, -0.3120
2.780, -0.2610, -0.2813
2.790, -0.2605, -0.2665
2.800, -0.2600, -0.2465
2.810, -0.2595, -0.2457
2.820, -0.2590, -0.2296
2.830, -0.2585, -0.2105
2.840, -0.2580, -0.2193
2.850, -0.2575, -0.2124
2.860, -0.2570, -0.1978
2.870, -0.2565, -0.2262
2.880, -0.2560, -0.2082
2.890, -0.2555, -0.2257
2.900, -0.2550, -0.2292
2.910, -0.2545, -0.2240
2.920, -0.2540, -0.2484
2.930, -0.2535, -0.2482
2.940, -0.2530, -0.2499
2.950, -0.2525, -0.2587
2.960, -0.2520, -0.2344
2.970, -0.2515, -0.2671
2.980, -0.2510, -0.2567
2.990, -0.2505, -0.2829
3.000, -0.2500, -0.2875
3.010, -0.2495, -0.2596
3.020, -0.2490, -0.2944
3.030, -0.2485, -0.2936
3.040, -0.2480, -0.3004
3.050, -0.2475, -0.2905
3.060, -0.2470, -0.2701
3.070, -0.2465, -0.3083
3.080, -0.2460, -0.2831
3.090, -0.2455, -0.3032
3.100, -0.2450, -0.2859
3.110, -0.2445, -0.2906
3.120, -0.2440, -0.3017
3.130, -0.2435, -0.2931
3.140, -0.2430, -0.2970
3.150, -0.2425, -0.3000
3.160, -0.2420, -0.3132
3.170, -0.2415, -0.3021
3.180, -0.2410, -0.2987
3.190, -0.2405, -0.2685
3.200, -0.2400, -0.2549
3.210, -0.2395, -0.2516
3.220, -0.2390, -0.2423
3.230, -0.2385, -0.2336
3.240, -0.2380, -0.1960
3.250, -0.2375, -0.2133
3.260, -0.2370, -0.2090
3.270, -0.2365, -0.2048
3.280, -0.2360, -0.1823
3.290, -0.2355, -0.2217
3.300, -0.2350, -0.1836
3.310, -0.2345, -0.1892
3.320, -0.2340, -0.2137
3.330, -0.2335, -0.1996
3.340, -0.2330, -0.1961
3.350, -0.2325, -0.2245
3.360, -0.2320, -0.2507
3.370, -0.2315, -0.2527
3.380, -0.2310, -0.2404
3.390, -0.2305, -0.2422
3.400, -0.2300, -0.2544
3.410, -0.2295, -0.2365
3.420, -0.2290, -0.2484
3.430, -0.2285, -0.2718
3.440, -0.2280, -0.2795
3.450, -0.2275, -0.2609
3.460, -0.2270, -0.2770
3.470, -0.2265, -0.2715
3.480, -0.2260, -0.2673
3.490, -0.2255, -0.2603
3.500, -0.2250, -0.2569
3.510, -0.2245, -0.2594
3.520, -0.2240, -0.2805
3.530, -0.2235, -0.2824
3.540, -0.2230, -0.2751
3.550, -0.2225, -0.2701
3.560, -0.2220, -0.2827
3.570, -0.2215, -0.2872
3.580, -0.2210, -0.2769
3.590, -0.2205, -0.2852
3.600, -0.2200, -0.2644
3.610, -0.2195, -0.2438
3.620, -0.2190, -0.2451
3.630, -0.2185, -0.2188
3.640, -0.2180, -0.1930
3.650, -0.2175, -0.2197
3.660, -0.2170, -0.2019
3.670, -0.2165, -0.1826
3.680, -0.2160, -0.1901
3.690, -0.2155, -0.1731
3.700, -0.2150, -0.1906
3.710, -0.2145, -0.1790
3.720, -0.2140, -0.1855
3.730, -0.2135, -0.1991
3.740, -0.2130, -0.1720
3.750, -0.2125, -0.1970
3.760, -0.2120, -0.1840
3.770, -0.2115, -0.1834
3.780, -0.2110, -0.2003
3.790, -0.2105, -0.2120
3.800, -0.2100, -0.2510
3.810, -0.2095, -0.2192
3.820, -0.2090, -0.2088
3.830, -0.2085, -0.2415
3.840, -0.2080, -0.2336
3.850, -0.2075, -0.2352
3.860, -0.2070, -0.2287
3.870, -0.2065, -0.2417
3.880, -0.2060, -0.2537
3.890, -0.2055, -0.2614
3.900, -0.2050, -0.2484
3.910, -0.2045, -0.2323
3.920, -0.2040, -0.2758
3.930, -0.2035, -0.2625
3.940, -0.2030, -0.2777
3.950, -0.2025, -0.2665
3.960, -0.2020, -0.2529
3.970, -0.2015, -0.2368
3.980, -0.2010, -0.2574
3.990, -0.2005, -0.2838
4.000, -0.2000, -0.2655
4.010, -0.1995, -0.2700
4.020, -0.1990, -0.2585
4.030, -0.1985, -0.2263
4.040, -0.1980, -0.2205
4.050, -0.1975, -0.2134
4.060, -0.1970, -0.2015
4.070, -0.1965, -0.1574
4.080, -0.1960, -0.1917
4.090, -0.1955, -0.1762
4.100, -0.1950, -0.1707
4.110, -0.1945, -0.1774
4.120, -0.1940, -0.1894
4.130, -0.1935, -0.1517
4.140, -0.1930, -0.1551
4.150, -0.1925, -0.1655
4.160, -0.1920, -0.1530
4.170, -0.1915, -0.1502
4.180, -0.1910, -0.1809
4.190, -0.1905, -0.1798
4.200, -0.1900, -0.1798
4.210, -0.1895, -0.2124
4.220, -0.1890, -0.2203
4.230, -0.1885, -0.2024
4.240, -0.1880, -0.1859
4.250, -0.1875, -0.1968
4.260, -0.1870, -0.2290
4.270, -0.1865, -0.2147
4.280, -0.1860, -0.2292
4.290, -0.1855, -0.2443
4.300, -0.1850, -0.2040
4.310, -0.1845, -0.2357
4.320, -0.1840, -0.2303
4.330, -0.1835, -0.2571
4.340, -0.1830, -0.2240
4.350, -0.1825, -0.2644
4.360, -0.1820, -0.2429
4.370, -0.1815, -0.2465
4.380, -0.1810, -0.2374
4.390, -0.1805, -0.2270
4.400, -0.1800, -0.2260
4.410, -0.1795, -0.2611
4.420, -0.1790, -0.2614
4.430, -0.1785, -0.2496
4.440, -0.1780, -0.2480
4.450, -0.1775, -0.2367
4.460, -0.1770, -0.2074
4.470, -0.1765, -0.2122
4.480, -0.1760, -0.2003
4.490, -0.1755, -0.1846
4.500, -0.1750, -0.1474
4.510, -0.1745, -0.1770
4.520, -0.1740, -0.1630
4.530, -0.1735, -0.1590
4.540, -0.1730, -0.1449
4.550, -0.1725, -0.1541
4.560, -0.1720, -0.1675
4.570, -0.1715, -0.1676
4.580, -0.1710, -0.1673
4.590, -0.1705, -0.1735
4.600, -0.1700, -0.1586
4.610, -0.1695, -0.1563
4.620, -0.1690, -0.1637
4.630, -0.1685, -0.1725
4.640, -0.1680, -0.1817
4.650, -0.1675, -0.1796
4.660, -0.1670, -0.1665
4.670, -0.1665, -0.2042
4.680, -0.1660, -0.1902
4.690, -0.1655, -0.1782
4.700, -0.1650, -0.2256
4.710, -0.1645, -0.2148
4.720, -0.1640, -0.2386
4.730, -0.1635, -0.2159
4.740, -0.1630, -0.2091
4.750, -0.1625, -0.2485
4.760, -0.1620, -0.2345
4.770, -0.1615, -0.2446
4.780, -0.1610, -0.1976
4.790, -0.1605, -0.2440
4.800, -0.1600, -0.2416
4.810, -0.1595, -0.2400
4.820, -0.1590, -0.2466
4.830, -0.1585, -0.2198
4.840, -0.1580, -0.2232
4.850, -0.1575, -0.2217
4.860, -0.1570, -0.2065
4.870, -0.1565, -0.2128
4.880, -0.1560, -0.1971
4.890, -0.1555, -0.1981
4.900, -0.1550, -0.1855
4.910, -0.1545, -0.1296
4.920, -0.1540, -0.1407
4.930, -0.1535, -0.1428
4.940, -0.1530, -0.1264
4.950, -0.1525, -0.1449
4.960, -0.1520, -0.1342
4.970, -0.1515, -0.1236
4.980, -0.1510, -0.1413
4.990, -0.1505, -0.1417
5.000, -0.1500, -0.1565
5.010, -0.1495, -0.1449
5.020, -0.1490, -0.1491
5.030, -0.1485, -0.1202
5.040, -0.1480, -0.1496
5.050, -0.1475, -0.1543
5.060, -0.1470, -0.1584
5.070, -0.1465, -0.1259
5.080, -0.1460, -0.1475
5.090, -0.1455, -0.1895
5.100, -0.1450, -0.1767
5.110, -0.1445, -0.1722
5.120, -0.1440, -0.2049
5.130, -0.1435, -0.1935
5.140, -0.1430, -0.1994
5.150, -0.1425, -0.1939
5.160, -0.1420, -0.1728
5.170, -0.1415, -0.1799
5.180, -0.1410, -0.1807
5.190, -0.1405, -0.2237
5.200, -0.1400, -0.2370
5.210, -0.1395, -0.1781
5.220, -0.1390, -0.2131
5.230, -0.1385, -0.2081
5.240, -0.1380, -0.2135
5.250, -0.1375, -0.2179
5.260, -0.1370, -0.2066
5.270, -0.1365, -0.2323
5.280, -0.1360, -0.2100
5.290, -0.1355, -0.1929
5.300, -0.1350, -0.1952
5.310, -0.1345, -0.1742
5.320, -0.1340, -0.1449
5.330, -0.1335, -0.1458
5.340, -0.1330, -0.1656
5.350, -0.1325, -0.1232
5.360, -0.1320, -0.1169
5.370, -0.1315, -0.1230
5.380, -0.1310, -0.1325
5.390, -0.1305, -0.1210
5.400, -0.1300, -0.1378
5.410, -0.1295, -0.1307
5.420, -0.1290, -0.1395
5.430, -0.1285, -0.1499
5.440, -0.1280, -0.1296
5.450, -0.1275, -0.1275
5.460, -0.1270, -0.1361
5.470, -0.1265, -0.1309
5.480, -0.1260, -0.1477
5.490, -0.1255, -0.1390
5.500, -0.1250, -0.1599
5.510, -0.1245, -0.1497
5.520, -0.1240, -0.1458
5.530, -0.1235, -0.1618
5.540, -0.1230, -0.1537
5.550, -0.1225, -0.1881
5.560, -0.1220, -0.1571
5.570, -0.1215, -0.1824
5.580, -0.1210, -0.1837
5.590, -0.1205, -0.1807
5.600, -0.1200, -0.1814
5.610, -0.1195, -0.2059
5.620, -0.1190, -0.1882
5.630, -0.1185, -0.2033
5.640, -0.1180, -0.1923
5.650, -0.1175, -0.1724
5.660, -0.1170, -0.1790
5.670, -0.1165, -0.2083
5.680, -0.1160, -0.2191
5.690, -0.1155, -0.2111
5.700, -0.1150, -0.1698
5.710, -0.1145, -0.2031
5.720, -0.1140, -0.1649
5.730, -0.1135, -0.1472
5.740, -0.1130, -0.1434
5.750, -0.1125, -0.1383
5.760, -0.1120, -0.1186
5.770, -0.1115, -0.09225
5.780, -0.1110, -0.1017
5.790, -0.1105, -0.1038
5.800, -0.1100, -0.08401
5.810, -0.1095, -0.1214
5.820, -0.1090, -0.1131
5.830, -0.1085, -0.09695
5.840, -0.1080, -0.1262
5.850, -0.1075, -0.1116
5.860, -0.1070, -0.1291
5.870, -0.1065, -0.1331
5.880, -0.1060, -0.1250
5.890, -0.1055, -0.1504
5.900, -0.1050, -0.1352
5.910, -0.1045, -0.1544
5.920, -0.1040, -0.1567
5.930, -0.1035, -0.1303
5.940, -0.1030, -0.1359
5.950, -0.1025, -0.1443
5.960, -0.1020, -0.1486
5.970, -0.1015, -0.1635
5.980, -0.1010, -0.1569
5.990, -0.1005, -0.1439
6.000, -0.1000, -0.1629
6.010, -0.09950, -0.1698
6.020, -0.09900, -0.1732
6.030, -0.09850, -0.1702
6.040, -0.09800, -0.1695
6.050, -0.09750, -0.1595
6.060, -0.09700, -0.1900
6.070, -0.09650, -0.2204
6.080, -0.09600, -0.1800
6.090, -0.09550, -0.1587
6.100, -0.09500, -0.2025
6.110, -0.09450, -0.1979
6.120, -0.09400, -0.1897
6.130, -0.09350, -0.1693
6.140, -0.09300, -0.1349
6.150, -0.09250, -0.1281
6.160, -0.09200, -0.1251
6.170, -0.09150, -0.09814
6.180, -0.09100, -0.09738
6.190, -0.09050, -0.08360
6.200, -0.09000, -0.1151
6.210, -0.08950, -0.09781
6.220, -0.08900, -0.08223
6.230, -0.08850, -0.08099
6.240, -0.08800, -0.07114
6.250, -0.08750, -0.1009
6.260, -0.08700, -0.08837
6.270, -0.08650, -0.08111
6.280, -0.08600, -0.06083
6.290, -0.08550, -0.07448
6.300, -0.08500, -0.1006
6.310, -0.08450, -0.1027
6.320, -0.08400, -0.1174
6.330, -0.08350, -0.09487
6.340, -0.08300, -0.1117
6.350, -0.08250, -0.1422
6.360, -0.08200, -0.1444
6.370, -0.08150, -0.1252
6.380, -0.08100, -0.1356
6.390, -0.08050, -0.1436
6.400, -0.08000, -0.1419
6.410, -0.07950, -0.1393
6.420, -0.07900, -0.1556
6.430, -0.07850, -0.1456
6.440, -0.07800, -0.1484
6.450, -0.07750, -0.1668
6.460, -0.07700, -0.1615
6.470, -0.07650, -0.1627
6.480, -0.07600, -0.1555
6.490, -0.07550, -0.1507
6.500, -0.07500, -0.1404
6.510, -0.07450, -0.1578
6.520, -0.07400, -0.1807
6.530, -0.07350, -0.1584
6.540, -0.07300, -0.1584
6.550, -0.07250, -0.1530
6.560, -0.07200, -0.1449
6.570, -0.07150, -0.1076
6.580, -0.07100, -0.07307
6.590, -0.07050, -0.1100
6.600, -0.07000, -0.09292
6.610, -0.06950, -0.07444
6.620, -0.06900, -0.05497
6.630, -0.06850, -0.05797
6.640, -0.06800, -0.05658
6.650, -0.06750, -0.07658
6.660, -0.06700, -0.05071
6.670, -0.06650, -0.05717
6.680, -0.06600, -0.06039
6.690, -0.06550, -0.06769
6.700, -0.06500, -0.09446
6.710, -0.06450, -0.08624
6.720, -0.06400, -0.04867
6.730, -0.06350, -0.08749
6.740, -0.06300, -0.08227
6.750, -0.06250, -0.07091
6.760, -0.06200, -0.09149
6.770, -0.06150, -0.1137
6.780, -0.06100, -0.1199
6.790, -0.06050, -0.09401
6.800, -0.06000, -0.1306
6.810, -0.05950, -0.1319
6.820, -0.05900, -0.1220
6.830, -0.05850, -0.1275
6.840, -0.05800, -0.1142
6.850, -0.05750, -0.1385
6.860, -0.05700, -0.1185
6.870, -0.05650, -0.1221
6.880, -0.05600, -0.1083
6.890, -0.05550, -0.1562
6.900, -0.05500, -0.1333
6.910, -0.05450, -0.1199
6.920, -0.05400, -0.1167
6.930, -0.05350, -0.1390
6.940, -0.05300, -0.1496
6.950, -0.05250, -0.1317
6.960, -0.05200, -0.1338
6.970, -0.05150, -0.1306
6.980, -0.05100, -0.08559
6.990, -0.05050, -0.09604
7.000, -0.05000, -0.04552
7.010, -0.04950, -0.04060
7.020, -0.04900, -0.04918
7.030, -0.04850, -0.05372
7.040, -0.04800, -0.01835
7.050, -0.04750, -0.01234
7.060, -0.04700, -0.01124
7.070, -0.04650, -0.02931
7.080, -0.04600, -0.02184
7.090, -0.04550, -0.007019
7.100, -0.04500, -0.02307
7.110, -0.04450, -0.02651
7.120, -0.04400, -0.03711
7.130, -0.04350, -0.05292
7.140, -0.04300, -0.06085
7.150, -0.04250, -0.06604
7.160, -0.04200, -0.05928
7.170, -0.04150, -0.04860
7.180, -0.04100, -0.06574
7.190, -0.04050, -0.05353
7.200, -0.04000, -0.04653
7.210, -0.03950, -0.04732
7.220, -0.03900, -0.06839
7.230, -0.03850, -0.07263
7.240, -0.03800, -0.09760
7.250, -0.03750, -0.06332
7.260, -0.03700, -0.07197
7.270, -0.03650, -0.07860
7.280, -0.03600, -0.08060
7.290, -0.03550, -0.07351
7.300, -0.03500, -0.07151
7.310, -0.03450, -0.1057
7.320, -0.03400, -0.1240
7.330, -0.03350, -0.07721
7.340, -0.03300, -0.06130
7.350, -0.03250, -0.07619
7.360, -0.03200, -0.08582
7.370, -0.03150, -0.1057
7.380, -0.03100, -0.06028
7.390, -0.03050, -0.07016
7.400, -0.03000, -0.04394
7.410, -0.02950, -0.06009
7.420, -0.02900, -0.02107
7.430, -0.02850, 0.006140
7.440, -0.02800, 0.03222
7.450, -0.02750, 0.02939
7.460, -0.02700, -0.01816
7.470, -0.02650, 0.02115
7.480, -0.02600, 0.02972
7.490, -0.02550, 0.04921
7.500, -0.02500, 0.04210
7.510, -0.02450, 0.03259
7.520, -0.02400, 0.06894
7.530, -0.02350, 0.05120
7.540, -0.02300, 0.03857
7.550, -0.02250, 0.02770
7.560, -0.02200, 0.03676
7.570, -0.02150, 0.01386
7.580, -0.02100, 0.04516
7.590, -0.02050, 0.02453
7.600, -0.02000, 0.01714
7.610, -0.01950, 0.01972
7.620, -0.01900, -0.001694
7.630, -0.01850, 0.03195
7.640, -0.01800, 0.006127
7.650, -0.01750, 0.01356
7.660, -0.01700, 0.01035
7.670, -0.01650, 0.02212
7.680, -0.01600, -0.009813
7.690, -0.01550, 0.02933
7.700, -0.01500, 0.01458
7.710, -0.01450, -0.003122
7.720, -0.01400, -0.003179
7.730, -0.01350, 0.02625
7.740, -0.01300, 0.01954
7.750, -0.01250, 0.02919
7.760, -0.01200, 0.004210
7.770, -0.01150, 0.02529
7.780, -0.01100, 0.01572
7.790, -0.01050, 0.03148
7.800, -0.01000, 0.03806
7.810, -0.009500, 0.04498
7.820, -0.009000, 0.07234
7.830, -0.008500, 0.08859
7.840, -0.008000, 0.09019
7.850, -0.007500, 0.1164
7.860, -0.007000, 0.1481
7.870, -0.006500, 0.1384
7.880, -0.006000, 0.1484
7.890, -0.005500, 0.1725
7.900, -0.005000, 0.1820
7.910, -0.004500, 0.1554
7.920, -0.004000, 0.1832
7.930, -0.003500, 0.1661
7.940, -0.003000, 0.1701
7.950, -0.002500, 0.1570
7.960, -0.002000, 0.1807
7.970, -0.001500, 0.1567
7.980, -0.001000, 0.1609
7.990, -0.0005000, 0.1601
8.000, 0.000, 0.1660
8.010, 0.0005000, 0.1935
8.020, 0.001000, 0.1908
8.030, 0.001500, 0.1940
8.040, 0.002000, 0.1790
8.050, 0.002500, 0.1879
8.060, 0.003000, 0.2067
8.070, 0.003500, 0.1848
8.080, 0.004000, 0.1892
8.090, 0.004500, 0.1939
8.100, 0.005000, 0.2029
8.110, 0.005500, 0.2113
8.120, 0.006000, 0.2120
8.130, 0.006500, 0.1998
8.140, 0.007000, 0.2148
8.150, 0.007500, 0.2267
8.160, 0.008000, 0.2110
8.170, 0.008500, 0.2293
8.180, 0.009000, 0.2270
8.190, 0.009500, 0.2106
8.200, 0.01000, 0.2252
8.210, 0.01050, 0.2575
8.220, 0.01100, 0.2554
8.230, 0.01150, 0.2761
8.240, 0.01200, 0.2842
8.250, 0.01250, 0.2858
8.260, 0.01300, 0.3235
8.270, 0.01350, 0.3383
8.280, 0.01400, 0.3590
8.290, 0.01450, 0.3717
8.300, 0.01500, 0.3899
8.310, 0.01550, 0.4214
8.320, 0.01600, 0.4123
8.330, 0.01650, 0.4265
8.340, 0.01700, 0.4017
8.350, 0.01750, 0.4333
8.360, 0.01800, 0.4380
8.370, 0.01850, 0.4357
8.380, 0.01900, 0.4393
8.390, 0.01950, 0.4427
8.400, 0.02000, 0.4462
8.410, 0.02050, 0.4715
8.420, 0.02100, 0.4598
8.430, 0.02150, 0.4663
8.440, 0.02200, 0.4450
8.450, 0.02250, 0.4722
8.460, 0.02300, 0.4878
8.470, 0.02350, 0.4633
8.480, 0.02400, 0.4556
8.490, 0.02450, 0.4948
8.500, 0.02500, 0.4961
8.510, 0.02550, 0.5108
8.520, 0.02600, 0.5077
8.530, 0.02650, 0.5035
8.540, 0.02700, 0.5236
8.550, 0.02750, 0.5181
8.560, 0.02800, 0.5446
8.570, 0.02850, 0.5422
8.580, 0.02900, 0.5393
8.590, 0.02950, 0.5614
8.600, 0.03000, 0.5617
8.610, 0.03050, 0.5754
8.620, 0.03100, 0.5626
8.630, 0.03150, 0.6106
8.640, 0.03200, 0.5956
8.650, 0.03250, 0.6182
8.660, 0.03300, 0.6347
8.670, 0.03350, 0.6511
8.680, 0.03400, 0.6894
8.690, 0.03450, 0.7037
8.700, 0.03500, 0.7445
8.710, 0.03550, 0.7681
8.720, 0.03600, 0.7751
8.730, 0.03650, 0.7973
8.740, 0.03700, 0.8194
8.750, 0.03750, 0.8237
8.760, 0.03800, 0.8552
8.770, 0.03850, 0.8469
8.780, 0.03900, 0.8439
8.790, 0.03950, 0.8347
8.800, 0.04000, 0.8721
8.810, 0.04050, 0.8672
8.820, 0.04100, 0.8691
8.830, 0.04150, 0.8781
8.840, 0.04200, 0.9140
8.850, 0.04250, 0.9195
8.860, 0.04300, 0.9156
8.870, 0.04350, 0.8995
8.880, 0.04400, 0.9355
8.890, 0.04450, 0.9499
8.900, 0.04500, 0.9583
8.910, 0.04550, 0.9560
8.920, 0.04600, 0.9551
8.930, 0.04650, 0.9696
8.940, 0.04700, 0.9979
8.950, 0.04750, 0.9977
8.960, 0.04800, 1.009
8.970, 0.04850, 1.031
8.980, 0.04900, 1.043
8.990, 0.04950, 1.051
9.000, 0.05000, 1.070
9.010, 0.05050, 1.069
9.020, 0.05100, 1.085
9.030, 0.05150, 1.102
9.040, 0.05200, 1.116
9.050, 0.05250, 1.140
9.060, 0.05300, 1.147
9.070, 0.05350, 1.159
9.080, 0.05400, 1.213
9.090, 0.05450, 1.199
9.100, 0.05500, 1.239
9.110, 0.05550, 1.293
9.120, 0.05600, 1.294
9.130, 0.05650, 1.330
9.140, 0.05700, 1.360
9.150, 0.05750, 1.368
9.160, 0.05800, 1.393
9.170, 0.05850, 1.401
9.180, 0.05900, 1.439
9.190, 0.05950, 1.424
9.200, 0.06000, 1.457
9.210, 0.06050, 1.460
9.220, 0.06100, 1.470
9.230, 0.06150, 1.495
9.240, 0.06200, 1.499
9.250, 0.06250, 1.510
9.260, 0.06300, 1.540
9.270, 0.06350, 1.553
9.280, 0.06400, 1.571
9.290, 0.06450, 1.602
9.300, 0.06500, 1.599
9.310, 0.06550, 1.615
9.320, 0.06600, 1.620
9.330, 0.06650, 1.658
9.340, 0.06700, 1.646
9.350, 0.06750, 1.642
9.360, 0.06800, 1.697
9.370, 0.06850, 1.702
9.380, 0.06900, 1.738
9.390, 0.06950, 1.747
9.400, 0.07000, 1.766
9.410, 0.07050, 1.764
9.420, 0.07100, 1.769
9.430, 0.07150, 1.795
9.440, 0.07200, 1.838
9.450, 0.07250, 1.827
9.460, 0.07300, 1.870
9.470, 0.07350, 1.913
9.480, 0.07400, 1.924
9.490, 0.07450, 1.937
9.500, 0.07500, 1.977
9.510, 0.07550, 1.995
9.520, 0.07600, 2.038
9.530, 0.07650, 2.067
9.540, 0.07700, 2.108
9.550, 0.07750, 2.133
9.560, 0.07800, 2.168
9.570, 0.07850, 2.199
9.580, 0.07900, 2.218
9.590, 0.07950, 2.254
9.600, 0.08000, 2.247
9.610, 0.08050, 2.302
9.620, 0.08100, 2.316
9.630, 0.08150, 2.337
9.640, 0.08200, 2.337
9.650, 0.08250, 2.339
9.660, 0.08300, 2.389
9.670, 0.08350, 2.426
9.680, 0.08400, 2.413
9.690, 0.08450, 2.441
9.700, 0.08500, 2.455
9.710, 0.08550, 2.464
9.720, 0.08600, 2.502
9.730, 0.08650, 2.515
9.740, 0.08700, 2.535
9.750, 0.08750, 2.543
9.760, 0.08800, 2.590
9.770, 0.08850, 2.607
9.780, 0.08900, 2.628
9.790, 0.08950, 2.638
9.800, 0.09000, 2.641
9.810, 0.09050, 2.664
9.820, 0.09100, 2.701
9.830, 0.09150, 2.716
9.840, 0.09200, 2.736
9.850, 0.09250, 2.747
9.860, 0.09300, 2.790
9.870, 0.09350, 2.811
9.880, 0.09400, 2.829
9.890, 0.09450, 2.846
9.900, 0.09500, 2.889
9.910, 0.09550, 2.908
9.920, 0.09600, 2.960
9.930, 0.09650, 2.996
9.940, 0.09700, 3.028
9.950, 0.09750, 3.067
9.960, 0.09800, 3.117
9.970, 0.09850, 3.165
9.980, 0.09900, 3.171
9.990, 0.09950, 3.217
10.00, 0.1000, 3.231
10.01, 0.1005, 3.268
10.02, 0.1010, 3.294
10.03, 0.1015, 3.311
10.04, 0.1020, 3.345
10.05, 0.1025, 3.333
10.06, 0.1030, 3.367
10.07, 0.1035, 3.390
10.08, 0.1040, 3.417
10.09, 0.1045, 3.423
10.10, 0.1050, 3.454
10.11, 0.1055, 3.507
10.12, 0.1060, 3.509
10.13, 0.1065, 3.515
10.14, 0.1070, 3.546
10.15, 0.1075, 3.567
10.16, 0.1080, 3.608
10.17, 0.1085, 3.606
10.18, 0.1090, 3.640
10.19, 0.1095, 3.661
10.20, 0.1100, 3.684
10.21, 0.1105, 3.709
10.22, 0.1110, 3.739
10.23, 0.1115, 3.771
10.24, 0.1120, 3.777
10.25, 0.1125, 3.803
10.26, 0.1130, 3.843
10.27, 0.1135, 3.853
10.28, 0.1140, 3.879
10.29, 0.1145, 3.909
10.30, 0.1150, 3.923
10.31, 0.1155, 3.963
10.32, 0.1160, 3.989
10.33, 0.1165, 4.019
10.34, 0.1170, 4.046
10.35, 0.1175, 4.096
10.36, 0.1180, 4.143
10.37, 0.1185, 4.205
10.38, 0.1190, 4.214
10.39, 0.1195, 4.263
10.40, 0.1200, 4.288
10.41, 0.1205, 4.344
10.42, 0.1210, 4.352
10.43, 0.1215, 4.368
10.44, 0.1220, 4.389
10.45, 0.1225, 4.451
10.46, 0.1230, 4.450
10.47, 0.1235, 4.473
10.48, 0.1240, 4.482
10.49, 0.1245, 4.508
10.50, 0.1250, 4.546
10.51, 0.1255, 4.562
10.52, 0.1260, 4.578
10.53, 0.1265, 4.612
10.54, 0.1270, 4.618
10.55, 0.1275, 4.659
10.56, 0.1280, 4.686
10.57, 0.1285, 4.714
10.58, 0.1290, 4.727
10.59, 0.1295, 4.759
10.60, 0.1300, 4.780
10.61, 0.1305, 4.795
10.62, 0.1310, 4.810
10.63, 0.1315, 4.841
10.64, 0.1320, 4.867
10.65, 0.1325, 4.882
10.66, 0.1330, 4.907
10.67, 0.1335, 4.923
10.68, 0.1340, 4.957
10.69, 0.1345, 4.979
10.70, 0.1350, 4.994
10.71, 0.1355, 5.012
10.72, 0.1360, 5.009
10.73, 0.1365, 5.062
10.74, 0.1370, 5.090
10.75, 0.1375, 5.127
10.76, 0.1380, 5.140
10.77, 0.1385, 5.169
10.78, 0.1390, 5.229
10.79, 0.1395, 5.279
10.80, 0.1400, 5.297
10.81, 0.1405, 5.333
10.82, 0.1410, 5.365
10.83, 0.1415, 5.413
10.84, 0.1420, 5.443
10.85, 0.1425, 5.447
10.86, 0.1430, 5.455
10.87, 0.1435, 5.474
10.88, 0.1440, 5.505
10.89, 0.1445, 5.519
10.90, 0.1450, 5.566
10.91, 0.1455, 5.564
10.92, 0.1460, 5.573
10.93, 0.1465, 5.591
10.94, 0.1470, 5.635
10.95, 0.1475, 5.654
10.96, 0.1480, 5.664
10.97, 0.1485, 5.677
10.98, 0.1490, 5.684
10.99, 0.1495, 5.743
11.00, 0.1500, 5.739
11.01, 0.1505, 5.749
11.02, 0.1510, 5.765
11.03, 0.1515, 5.790
11.04, 0.1520, 5.809
11.05, 0.1525, 5.827
11.06, 0.1530, 5.816
11.07, 0.1535, 5.837
11.08, 0.1540, 5.876
11.09, 0.1545, 5.892
11.10, 0.1550, 5.911
11.11, 0.1555, 5.937
11.12, 0.1560, 5.945
11.13, 0.1565, 5.973
11.14, 0.1570, 5.974
11.15, 0.1575, 5.970
11.16, 0.1580, 6.012
11.17, 0.1585, 6.011
11.18, 0.1590, 6.049
11.19, 0.1595, 6.119
11.20, 0.1600, 6.109
11.21, 0.1605, 6.157
11.22, 0.1610, 6.199
11.23, 0.1615, 6.229
11.24, 0.1620, 6.229
11.25, 0.1625, 6.251
11.26, 0.1630, 6.302
11.27, 0.1635, 6.296
11.28, 0.1640, 6.313
11.29, 0.1645, 6.318
11.30, 0.1650, 6.348
11.31, 0.1655, 6.345
11.32, 0.1660, 6.361
11.33, 0.1665, 6.363
11.34, 0.1670, 6.385
11.35, 0.1675, 6.402
11.36, 0.1680, 6.448
11.37, 0.1685, 6.424
11.38, 0.1690, 6.430
11.39, 0.1695, 6.454
11.40, 0.1700, 6.468
11.41, 0.1705, 6.475
11.42, 0.1710, 6.476
11.43, 0.1715, 6.509
11.44, 0.1720, 6.488
11.45, 0.1725, 6.481
11.46, 0.1730, 6.522
11.47, 0.1735, 6.511
11.48, 0.1740, 6.519
11.49, 0.1745, 6.519
11.50, 0.1750, 6.535
11.51, 0.1755, 6.519
11.52, 0.1760, 6.553
11.53, 0.1765, 6.552
11.54, 0.1770, 6.572
11.55, 0.1775, 6.578
11.56, 0.1780, 6.585
11.57, 0.1785, 6.585
11.58, 0.1790, 6.608
11.59, 0.1795, 6.617
11.60, 0.1800, 6.614
11.61, 0.1805, 6.636
11.62, 0.1810, 6.678
11.63, 0.1815, 6.704
11.64, 0.1820, 6.726
11.65, 0.1825, 6.747
11.66, 0.1830, 6.768
11.67, 0.1835, 6.783
11.68, 0.1840, 6.764
11.69, 0.1845, 6.782
11.70, 0.1850, 6.781
11.71, 0.1855, 6.811
11.72, 0.1860, 6.792
11.73, 0.1865, 6.800
11.74, 0.1870, 6.800
11.75, 0.1875, 6.787
11.76, 0.1880, 6.792
11.77, 0.1885, 6.807
11.78, 0.1890, 6.809
11.79, 0.1895, 6.800
11.80, 0.1900, 6.788
11.81, 0.1905, 6.801
11.82, 0.1910, 6.806
11.83, 0.1915, 6.809
11.84, 0.1920, 6.793
11.85, 0.1925, 6.798
11.86, 0.1930, 6.811
11.87, 0.1935, 6.802
11.88, 0.1940, 6.794
11.89, 0.1945, 6.806
11.90, 0.1950, 6.804
11.91, 0.1955, 6.802
11.92, 0.1960, 6.802
11.93, 0.1965, 6.795
11.94, 0.1970, 6.782
11.95, 0.1975, 6.785
11.96, 0.1980, 6.797
11.97, 0.1985, 6.792
11.98, 0.1990, 6.770
11.99, 0.1995, 6.802
12.00, 0.2000, 6.792
12.01, 0.2005, 6.792
12.02, 0.2010, 6.795
12.03, 0.2015, 6.798
12.04, 0.2020, 6.829
12.05, 0.2025, 6.820
12.06, 0.2030, 6.848
12.07, 0.2035, 6.889
12.08, 0.2040, 6.872
12.09, 0.2045, 6.875
12.10, 0.2050, 6.860
12.11, 0.2055, 6.884
12.12, 0.2060, 6.883
12.13, 0.2065, 6.865
12.14, 0.2070, 6.869
12.15, 0.2075, 6.851
12.16, 0.2080, 6.859
12.17, 0.2085, 6.835
12.18, 0.2090, 6.826
12.19, 0.2095, 6.839
12.20, 0.2100, 6.810
12.21, 0.2105, 6.800
12.22, 0.2110, 6.794
12.23, 0.2115, 6.797
12.24, 0.2120, 6.793
12.25, 0.2125, 6.782
12.26, 0.2130, 6.783
12.27, 0.2135, 6.765
12.28, 0.2140, 6.744
12.29, 0.2145, 6.745
12.30, 0.2150, 6.742
12.31, 0.2155, 6.724
12.32, 0.2160, 6.701
12.33, 0.2165, 6.718
12.34, 0.2170, 6.706
12.35, 0.2175, 6.699
12.36, 0.2180, 6.698
12.37, 0.2185, 6.686
12.38, 0.2190, 6.682
12.39, 0.2195, 6.668
12.40, 0.2200, 6.658
12.41, 0.2205, 6.654
12.42, 0.2210, 6.619
12.43, 0.2215, 6.629
12.44, 0.2220, 6.616
12.45, 0.2225, 6.633
12.46, 0.2230, 6.625
12.47, 0.2235, 6.635
12.48, 0.2240, 6.660
12.49, 0.2245, 6.652
12.50, 0.2250, 6.654
12.51, 0.2255, 6.690
12.52, 0.2260, 6.653
12.53, 0.2265, 6.638
12.54, 0.2270, 6.621
12.55, 0.2275, 6.646
12.56, 0.2280, 6.630
12.57, 0.2285, 6.603
12.58, 0.2290, 6.588
12.59, 0.2295, 6.578
12.60, 0.2300, 6.571
12.61, 0.2305, 6.582
12.62, 0.2310, 6.537
12.63, 0.2315, 6.534
12.64, 0.2320, 6.518
12.65, 0.2325, 6.504
12.66, 0.2330, 6.481
12.67, 0.2335, 6.474
12.68, 0.2340, 6.457
12.69, 0.2345, 6.471
12.70, 0.2350, 6.443
12.71, 0.2355, 6.434
12.72, 0.2360, 6.416
12.73, 0.2365, 6.390
12.74, 0.2370, 6.402
12.75, 0.2375, 6.380
12.76, 0.2380, 6.364
12.77, 0.2385, 6.351
12.78, 0.2390, 6.333
12.79, 0.2395, 6.336
12.80, 0.2400, 6.310
12.81, 0.2405, 6.318
12.82, 0.2410, 6.290
12.83, 0.2415, 6.274
12.84, 0.2420, 6.286
12.85, 0.2425, 6.257
12.86, 0.2430, 6.247
12.87, 0.2435, 6.244
12.88, 0.2440, 6.265
12.89, 0.2445, 6.275
12.90, 0.2450, 6.269
12.91, 0.2455, 6.278
12.92, 0.2460, 6.290
12.93, 0.2465, 6.285
12.94, 0.2470, 6.268
12.95, 0.2475, 6.257
12.96, 0.2480, 6.239
12.97, 0.2485, 6.258
12.98, 0.2490, 6.230
12.99, 0.2495, 6.205
13.00, 0.2500, 6.180
13.01, 0.2505, 6.214
13.02, 0.2510, 6.167
13.03, 0.2515, 6.137
13.04, 0.2520, 6.147
13.05, 0.2525, 6.112
13.06, 0.2530, 6.102
13.07, 0.2535, 6.084
13.08, 0.2540, 6.079
13.09, 0.2545, 6.061
13.10, 0.2550, 6.059
13.11, 0.2555, 6.044
13.12, 0.2560, 6.038
13.13, 0.2565, 6.025
13.14, 0.2570, 6.025
13.15, 0.2575, 6.005
13.16, 0.2580, 5.967
13.17, 0.2585, 5.952
13.18, 0.2590, 5.972
13.19, 0.2595, 5.942
13.20, 0.2600, 5.928
13.21, 0.2605, 5.915
13.22, 0.2610, 5.906
13.23, 0.2615, 5.897
13.24, 0.2620, 5.881
13.25, 0.2625, 5.872
13.26, 0.2630, 5.869
13.27, 0.2635, 5.842
13.28, 0.2640, 5.829
13.29, 0.2645, 5.842
13.30, 0.2650, 5.847
13.31, 0.2655, 5.840
13.32, 0.2660, 5.861
13.33, 0.2665, 5.869
13.34, 0.2670, 5.883
13.35, 0.2675, 5.877
13.36, 0.2680, 5.849
13.37, 0.2685, 5.843
13.38, 0.2690, 5.839
13.39, 0.2695, 5.828
13.40, 0.2700, 5.799
13.41, 0.2705, 5.805
13.42, 0.2710, 5.792
13.43, 0.2715, 5.750
13.44, 0.2720, 5.744
13.45, 0.2725, 5.726
13.46, 0.2730, 5.721
13.47, 0.2735, 5.697
13.48, 0.2740, 5.702
13.49, 0.2745, 5.688
13.50, 0.2750, 5.676
13.51, 0.2755, 5.658
13.52, 0.2760, 5.645
13.53, 0.2765, 5.651
13.54, 0.2770, 5.609
13.55, 0.2775, 5.608
13.56, 0.2780, 5.600
13.57, 0.2785, 5.593
13.58, 0.2790, 5.591
13.59, 0.2795, 5.589
13.60, 0.2800, 5.549
13.61, 0.2805, 5.526
13.62, 0.2810, 5.528
13.63, 0.2815, 5.526
13.64, 0.2820, 5.513
13.65, 0.2825, 5.482
13.66, 0.2830, 5.448
13.67, 0.2835, 5.470
13.68, 0.2840, 5.452
13.69, 0.2845, 5.435
13.70, 0.2850, 5.414
13.71, 0.2855, 5.430
13.72, 0.2860, 5.468
13.73, 0.2865, 5.475
13.74, 0.2870, 5.466
13.75, 0.2875, 5.456
13.76, 0.2880, 5.438
13.77, 0.2885, 5.470
13.78, 0.2890, 5.487
13.79, 0.2895, 5.467
13.80, 0.2900, 5.447
13.81, 0.2905, 5.424
13.82, 0.2910, 5.450
13.83, 0.2915, 5.410
13.84, 0.2920, 5.394
13.85, 0.2925, 5.409
13.86, 0.2930, 5.364
13.87, 0.2935, 5.348
13.88, 0.2940, 5.354
13.89, 0.2945, 5.334
13.90, 0.2950, 5.329
13.91, 0.2955, 5.286
13.92, 0.2960, 5.300
13.93, 0.2965, 5.292
13.94, 0.2970, 5.271
13.95, 0.2975, 5.256
13.96, 0.2980, 5.263
13.97, 0.2985, 5.251
13.98, 0.2990, 5.227
13.99, 0.2995, 5.238
14.00, 0.3000, 5.209
14.01, 0.3005, 5.198
14.02, 0.3010, 5.182
14.03, 0.3015, 5.179
14.04, 0.3020, 5.165
14.05, 0.3025, 5.164
14.06, 0.3030, 5.149
14.07, 0.3035, 5.136
14.08, 0.3040, 5.126
14.09, 0.3045, 5.129
14.10, 0.3050, 5.104
14.11, 0.3055, 5.089
14.12, 0.3060, 5.088
14.13, 0.3065, 5.098
14.14, 0.3070, 5.119
14.15, 0.3075, 5.087
14.16, 0.3080, 5.137
14.17, 0.3085, 5.114
14.18, 0.3090, 5.151
14.19, 0.3095, 5.136
14.20, 0.3100, 5.116
14.21, 0.3105, 5.140
14.22, 0.3110, 5.135
14.23, 0.3115, 5.107
14.24, 0.3120, 5.106
14.25, 0.3125, 5.070
14.26, 0.3130, 5.077
14.27, 0.3135, 5.065
14.28, 0.3140, 5.042
14.29, 0.3145, 5.051
14.30, 0.3150, 5.035
14.31, 0.3155, 5.019
14.32, 0.3160, 5.005
14.33, 0.3165, 4.992
14.34, 0.3170, 4.982
14.35, 0.3175, 4.975
14.36, 0.3180, 4.968
14.37, 0.3185, 4.958
14.38, 0.3190, 4.941
14.39, 0.3195, 4.939
14.40, 0.3200, 4.908
14.41, 0.3205, 4.915
14.42, 0.3210, 4.935
14.43, 0.3215, 4.871
14.44, 0.3220, 4.904
14.45, 0.3225, 4.886
14.46, 0.3230, 4.868
14.47, 0.3235, 4.868
14.48, 0.3240, 4.876
14.49, 0.3245, 4.841
14.50, 0.3250, 4.836
14.51, 0.3255, 4.847
14.52, 0.3260, 4.825
14.53, 0.3265, 4.809
14.54, 0.3270, 4.804
14.55, 0.3275, 4.808
14.56, 0.3280, 4.812
14.57, 0.3285, 4.828
14.58, 0.3290, 4.840
14.59, 0.3295, 4.848
14.60, 0.3300, 4.856
14.61, 0.3305, 4.863
14.62, 0.3310, 4.858
14.63, 0.3315, 4.845
14.64, 0.3320, 4.840
14.65, 0.3325, 4.832
14.66, 0.3330, 4.834
14.67, 0.3335, 4.828
14.68, 0.3340, 4.795
14.69, 0.3345, 4.794
14.70, 0.3350, 4.788
14.71, 0.3355, 4.765
14.72, 0.3360, 4.767
14.73, 0.3365, 4.747
14.74, 0.3370, 4.735
14.75, 0.3375, 4.715
14.76, 0.3380, 4.730
14.77, 0.3385, 4.713
14.78, 0.3390, 4.690
14.79, 0.3395, 4.698
14.80, 0.3400, 4.686
14.81, 0.3405, 4.675
14.82, 0.3410, 4.666
14.83, 0.3415, 4.645
14.84, 0.3420, 4.663
14.85, 0.3425, 4.656
14.86, 0.3430, 4.653
14.87, 0.3435, 4.648
14.88, 0.3440, 4.613
14.89, 0.3445, 4.605
14.90, 0.3450, 4.605
14.91, 0.3455, 4.622
14.92, 0.3460, 4.597
14.93, 0.3465, 4.599
14.94, 0.3470, 4.589
14.95, 0.3475, 4.583
14.96, 0.3480, 4.570
14.97, 0.3485, 4.581
14.98, 0.3490, 4.589
14.99, 0.3495, 4.570
15.00, 0.3500, 4.616
15.01, 0.3505, 4.622
15.02, 0.3510, 4.618
15.03, 0.3515, 4.608
15.04, 0.3520, 4.615
15.05, 0.3525, 4.636
15.06, 0.3530, 4.622
15.07, 0.3535, 4.628
15.08, 0.3540, 4.620
15.09, 0.3545, 4.595
15.10, 0.3550, 4.590
15.11, 0.3555, 4.587
15.12, 0.3560, 4.578
15.13, 0.3565, 4.553
15.14, 0.3570, 4.540
15.15, 0.3575, 4.548
15.16, 0.3580, 4.542
15.17, 0.3585, 4.518
15.18, 0.3590, 4.520
15.19, 0.3595, 4.505
15.20, 0.3600, 4.509
15.21, 0.3605, 4.499
15.22, 0.3610, 4.499
15.23, 0.3615, 4.471
15.24, 0.3620, 4.479
15.25, 0.3625, 4.463
15.26, 0.3630, 4.457
15.27, 0.3635, 4.451
15.28, 0.3640, 4.455
15.29, 0.3645, 4.458
15.30, 0.3650, 4.441
15.31, 0.3655, 4.439
15.32, 0.3660, 4.424
15.33, 0.3665, 4.420
15.34, 0.3670, 4.431
15.35, 0.3675, 4.419
15.36, 0.3680, 4.394
15.37, 0.3685, 4.390
15.38, 0.3690, 4.367
15.39, 0.3695, 4.392
15.40, 0.3700, 4.405
15.41, 0.3705, 4.410
15.42, 0.3710, 4.421
15.43, 0.3715, 4.428
15.44, 0.3720, 4.461
15.45, 0.3725, 4.470
15.46, 0.3730, 4.468
15.47, 0.3735, 4.458
15.48, 0.3740, 4.436
15.49, 0.3745, 4.451
15.50, 0.3750, 4.442
15.51, 0.3755, 4.469
15.52, 0.3760, 4.436
15.53, 0.3765, 4.417
15.54, 0.3770, 4.421
15.55, 0.3775, 4.410
15.56, 0.3780, 4.391
15.57, 0.3785, 4.385
15.58, 0.3790, 4.396
15.59, 0.3795, 4.367
15.60, 0.3800, 4.402
15.61, 0.3805, 4.365
15.62, 0.3810, 4.342
15.63, 0.3815, 4.341
15.64, 0.3820, 4.330
15.65, 0.3825, 4.330
15.66, 0.3830, 4.319
15.67, 0.3835, 4.318
15.68, 0.3840, 4.320
15.69, 0.3845, 4.316
15.70, 0.3850, 4.310
15.71, 0.3855, 4.305
15.72, 0.3860, 4.301
15.73, 0.3865, 4.298
15.74, 0.3870, 4.281
15.75, 0.3875, 4.299
15.76, 0.3880, 4.291
15.77, 0.3885, 4.280
15.78, 0.3890, 4.253
15.79, 0.3895, 4.255
15.80, 0.3900, 4.248
15.81, 0.3905, 4.274
15.82, 0.3910, 4.259
15.83, 0.3915, 4.288
15.84, 0.3920, 4.313
15.85, 0.3925, 4.321
15.86, 0.3930, 4.332
15.87, 0.3935, 4.321
15.88, 0.3940, 4.338
15.89, 0.3945, 4.337
15.90, 0.3950, 4.338
15.91, 0.3955, 4.337
15.92, 0.3960, 4.315
15.93, 0.3965, 4.335
15.94, 0.3970, 4.306
15.95, 0.3975, 4.306
15.96, 0.3980, 4.316
15.97, 0.3985, 4.292
15.98, 0.3990, 4.296
15.99, 0.3995, 4.262
16.00, 0.4000, 4.278
16.01, 0.3995, 4.088
16.02, 0.3990, 4.071
16.03, 0.3985, 4.033
16.04, 0.3980, 4.045
16.05, 0.3975, 3.981
16.06, 0.3970, 3.993
16.07, 0.3965, 3.983
16.08, 0.3960, 3.964
16.09, 0.3955, 3.950
16.10, 0.3950, 3.981
16.11, 0.3945, 3.952
16.12, 0.3940, 3.922
16.13, 0.3935, 3.922
16.14, 0.3930, 3.930
16.15, 0.3925, 3.899
16.16, 0.3920, 3.898
16.17, 0.3915, 3.890
16.18, 0.3910, 3.878
16.19, 0.3905, 3.853
16.20, 0.3900, 3.869
16.21, 0.3895, 3.832
16.22, 0.3890, 3.808
16.23, 0.3885, 3.800
16.24, 0.3880, 3.795
16.25, 0.3875, 3.759
16.26, 0.3870, 3.741
16.27, 0.3865, 3.740
16.28, 0.3860, 3.695
16.29, 0.3855, 3.678
16.30, 0.3850, 3.665
16.31, 0.3845, 3.648
16.32, 0.3840, 3.660
16.33, 0.3835, 3.624
16.34, 0.3830, 3.631
16.35, 0.3825, 3.647
16.36, 0.3820, 3.616
16.37, 0.3815, 3.630
16.38, 0.3810, 3.618
16.39, 0.3805, 3.616
16.40, 0.3800, 3.614
16.41, 0.3795, 3.595
16.42, 0.3790, 3.600
16.43, 0.3785, 3.602
16.44, 0.3780, 3.598
16.45, 0.3775, 3.586
16.46, 0.3770, 3.583
16.47, 0.3765, 3.583
16.48, 0.3760, 3.599
16.49, 0.3755, 3.588
16.50, 0.3750, 3.580
16.51, 0.3745, 3.568
16.52, 0.3740, 3.547
16.53, 0.3735, 3.552
16.54, 0.3730, 3.570
16.55, 0.3725, 3.583
16.56, 0.3720, 3.540
16.57, 0.3715, 3.531
16.58, 0.3710, 3.552
16.59, 0.3705, 3.558
16.60, 0.3700, 3.520
16.61, 0.3695, 3.539
16.62, 0.3690, 3.540
16.63, 0.3685, 3.507
16.64, 0.3680, 3.530
16.65, 0.3675, 3.498
16.66, 0.3670, 3.488
16.67, 0.3665, 3.464
16.68, 0.3660, 3.458
16.69, 0.3655, 3.428
16.70, 0.3650, 3.409
16.71, 0.3645, 3.354
16.72, 0.3640, 3.347
16.73, 0.3635, 3.348
16.74, 0.3630, 3.361
16.75, 0.3625, 3.361
16.76, 0.3620, 3.365
16.77, 0.3615, 3.360
16.78, 0.3610, 3.336
16.79, 0.3605, 3.352
16.80, 0.3600, 3.357
16.81, 0.3595, 3.339
16.82, 0.3590, 3.330
16.83, 0.3585, 3.347
16.84, 0.3580, 3.358
16.85, 0.3575, 3.357
16.86, 0.3570, 3.336
16.87, 0.3565, 3.306
16.88, 0.3560, 3.290
16.89, 0.3555, 3.336
16.90, 0.3550, 3.334
16.91, 0.3545, 3.333
16.92, 0.3540, 3.328
16.93, 0.3535, 3.329
16.94, 0.3530, 3.328
16.95, 0.3525, 3.307
16.96, 0.3520, 3.315
16.97, 0.3515, 3.305
16.98, 0.3510, 3.318
16.99, 0.3505, 3.349
17.00, 0.3500, 3.325
17.01, 0.3495, 3.306
17.02, 0.3490, 3.277
17.03, 0.3485, 3.299
17.04, 0.3480, 3.293
17.05, 0.3475, 3.290
17.06, 0.3470, 3.297
17.07, 0.3465, 3.254
17.08, 0.3460, 3.252
17.09, 0.3455, 3.245
17.10, 0.3450, 3.220
17.11, 0.3445, 3.180
17.12, 0.3440, 3.190
17.13, 0.3435, 3.168
17.14, 0.3430, 3.154
17.15, 0.3425, 3.157
17.16, 0.3420, 3.132
17.17, 0.3415, 3.146
17.18, 0.3410, 3.135
17.19, 0.3405, 3.136
17.20, 0.3400, 3.159
17.21, 0.3395, 3.122
17.22, 0.3390, 3.122
17.23, 0.3385, 3.133
17.24, 0.3380, 3.128
17.25, 0.3375, 3.142
17.26, 0.3370, 3.128
17.27, 0.3365, 3.119
17.28, 0.3360, 3.140
17.29, 0.3355, 3.149
17.30, 0.3350, 3.140
17.31, 0.3345, 3.114
17.32, 0.3340, 3.111
17.33, 0.3335, 3.126
17.34, 0.3330, 3.132
17.35, 0.3325, 3.136
17.36, 0.3320, 3.119
17.37, 0.3315, 3.089
17.38, 0.3310, 3.131
17.39, 0.3305, 3.142
17.40, 0.3300, 3.112
17.41, 0.3295, 3.129
17.42, 0.3290, 3.105
17.43, 0.3285, 3.125
17.44, 0.3280, 3.136
17.45, 0.3275, 3.103
17.46, 0.3270, 3.100
17.47, 0.3265, 3.096
17.48, 0.3260, 3.129
17.49, 0.3255, 3.115
17.50, 0.3250, 3.069
17.51, 0.3245, 3.052
17.52, 0.3240, 3.050
17.53, 0.3235, 3.017
17.54, 0.3230, 3.000
17.55, 0.3225, 2.981
17.56, 0.3220, 2.959
17.57, 0.3215, 2.961
17.58, 0.3210, 2.953
17.59, 0.3205, 2.962
17.60, 0.3200, 2.964
17.61, 0.3195, 2.959
17.62, 0.3190, 2.944
17.63, 0.3185, 2.969
17.64, 0.3180, 2.960
17.65, 0.3175, 2.951
17.66, 0.3170, 2.967
17.67, 0.3165, 2.957
17.68, 0.3160, 2.970
17.69, 0.3155, 2.958
17.70, 0.3150, 2.939
17.71, 0.3145, 2.966
17.72, 0.3140, 2.958
17.73, 0.3135, 2.969
17.74, 0.3130, 2.955
17.75, 0.3125, 2.955
17.76, 0.3120, 2.947
17.77, 0.3115, 2.930
17.78, 0.3110, 2.969
17.79, 0.3105, 2.961
17.80, 0.3100, 2.935
17.81, 0.3095, 2.944
17.82, 0.3090, 2.950
17.83, 0.3085, 2.960
17.84, 0.3080, 2.958
17.85, 0.3075, 2.950
17.86, 0.3070, 2.952
17.87, 0.3065, 2.957
17.88, 0.3060, 2.964
17.89, 0.3055, 2.935
17.90, 0.3050, 2.948
17.91, 0.3045, 2.911
17.92, 0.3040, 2.908
17.93, 0.3035, 2.888
17.94, 0.3030, 2.852
17.95, 0.3025, 2.848
17.96, 0.3020, 2.832
17.97, 0.3015, 2.803
17.98, 0.3010, 2.806
17.99, 0.3005, 2.807
18.00, 0.3000, 2.773
18.01, 0.2995, 2.797
18.02, 0.2990, 2.768
18.03, 0.2985, 2.786
18.04, 0.2980, 2.794
18.05, 0.2975, 2.784
18.06, 0.2970, 2.774
18.07, 0.2965, 2.764
18.08, 0.2960, 2.808
18.09, 0.2955, 2.803
18.10, 0.2950, 2.785
18.11, 0.2945, 2.791
18.12, 0.2940, 2.806
18.13, 0.2935, 2.790
18.14, 0.2930, 2.773
18.15, 0.2925, 2.788
18.16, 0.2920, 2.793
18.17, 0.2915, 2.786
18.18, 0.2910, 2.785
18.19, 0.2905, 2.783
18.20, 0.2900, 2.776
18.21, 0.2895, 2.779
18.22, 0.2890, 2.787
18.23, 0.2885, 2.779
18.24, 0.2880, 2.833
18.25, 0.2875, 2.790
18.26, 0.2870, 2.779
18.27, 0.2865, 2.768
18.28, 0.2860, 2.776
18.29, 0.2855, 2.785
18.30, 0.2850, 2.764
18.31, 0.2845, 2.780
18.32, 0.2840, 2.757
18.33, 0.2835, 2.769
18.34, 0.2830, 2.743
18.35, 0.2825, 2.729
18.36, 0.2820, 2.697
18.37, 0.2815, 2.686
18.38, 0.2810, 2.670
18.39, 0.2805, 2.649
18.40, 0.2800, 2.650
18.41, 0.2795, 2.636
18.42, 0.2790, 2.612
18.43, 0.2785, 2.625
18.44, 0.2780, 2.617
18.45, 0.2775, 2.618
18.46, 0.2770, 2.629
18.47, 0.2765, 2.625
18.48, 0.2760, 2.626
18.49, 0.2755, 2.616
18.50, 0.2750, 2.630
18.51, 0.2745, 2.633
18.52, 0.2740, 2.620
18.53, 0.2735, 2.645
18.54, 0.2730, 2.644
18.55, 0.2725, 2.662
18.56, 0.2720, 2.656
18.57, 0.2715, 2.656
18.58, 0.2710, 2.625
18.59, 0.2705, 2.638
18.60, 0.2700, 2.628
18.61, 0.2695, 2.635
18.62, 0.2690, 2.603
18.63, 0.2685, 2.615
18.64, 0.2680, 2.603
18.65, 0.2675, 2.607
18.66, 0.2670, 2.597
18.67, 0.2665, 2.624
18.68, 0.2660, 2.634
18.69, 0.2655, 2.627
18.70, 0.2650, 2.595
18.71, 0.2645, 2.598
18.72, 0.2640, 2.591
18.73, 0.2635, 2.606
18.74, 0.2630, 2.598
18.75, 0.2625, 2.582
18.76, 0.2620, 2.585
18.77, 0.2615, 2.577
18.78, 0.2610, 2.527
18.79, 0.2605, 2.540
18.80, 0.2600, 2.465
18.81, 0.2595, 2.470
18.82, 0.2590, 2.478
18.83, 0.2585, 2.471
18.84, 0.2580, 2.455
18.85, 0.2575, 2.451
18.86, 0.2570, 2.456
18.87, 0.2565, 2.459
18.88, 0.2560, 2.463
18.89, 0.2555, 2.436
18.90, 0.2550, 2.444
18.91, 0.2545, 2.434
18.92, 0.2540, 2.452
18.93, 0.2535, 2.441
18.94, 0.2530, 2.478
18.95, 0.2525, 2.451
18.96, 0.2520, 2.449
18.97, 0.2515, 2.475
18.98, 0.2510, 2.458
18.99, 0.2505, 2.458
19.00, 0.2500, 2.436
19.01, 0.2495, 2.440
19.02, 0.2490, 2.441
19.03, 0.2485, 2.447
19.04, 0.2480, 2.444
19.05, 0.2475, 2.445
19.06, 0.2470, 2.432
19.07, 0.2465, 2.429
19.08, 0.2460, 2.434
19.09, 0.2455, 2.432
19.10, 0.2450, 2.437
19.11, 0.2445, 2.436
19.12, 0.2440, 2.429
19.13, 0.2435, 2.436
19.14, 0.2430, 2.426
19.15, 0.2425, 2.414
19.16, 0.2420, 2.428
19.17, 0.2415, 2.420
19.18, 0.2410, 2.418
19.19, 0.2405, 2.378
19.20, 0.2400, 2.367
19.21, 0.2395, 2.340
19.22, 0.2390, 2.316
19.23, 0.2385, 2.311
19.24, 0.2380, 2.297
19.25, 0.2375, 2.267
19.26, 0.2370, 2.292
19.27, 0.2365, 2.263
19.28, 0.2360, 2.274
19.29, 0.2355, 2.260
19.30, 0.2350, 2.250
19.31, 0.2345, 2.267
19.32, 0.2340, 2.274
19.33, 0.2335, 2.269
19.34, 0.2330, 2.262
19.35, 0.2325, 2.277
19.36, 0.2320, 2.289
19.37, 0.2315, 2.269
19.38, 0.2310, 2.266
19.39, 0.2305, 2.331
19.40, 0.2300, 2.305
19.41, 0.2295, 2.333
19.42, 0.2290, 2.280
19.43, 0.2285, 2.266
19.44, 0.2280, 2.255
19.45, 0.2275, 2.269
19.46, 0.2270, 2.247
19.47, 0.2265, 2.251
19.48, 0.2260, 2.260
19.49, 0.2255, 2.237
19.50, 0.2250, 2.221
19.51, 0.2245, 2.214
19.52, 0.2240, 2.248
19.53, 0.2235, 2.244
19.54, 0.2230, 2.262
19.55, 0.2225, 2.227
19.56, 0.2220, 2.207
19.57, 0.2215, 2.246
19.58, 0.2210, 2.231
19.59, 0.2205, 2.230
19.60, 0.2200, 2.194
19.61, 0.2195, 2.179
19.62, 0.2190, 2.174
19.63, 0.2185, 2.150
19.64, 0.2180, 2.121
19.65, 0.2175, 2.094
19.66, 0.2170, 2.107
19.67, 0.2165, 2.083
19.68, 0.2160, 2.087
19.69, 0.2155, 2.056
19.70, 0.2150, 2.052
19.71, 0.2145, 2.045
19.72, 0.2140, 2.064
19.73, 0.2135, 2.059
19.74, 0.2130, 2.049
19.75, 0.2125, 2.051
19.76, 0.2120, 2.067
19.77, 0.2115, 2.038
19.78, 0.2110, 2.093
19.79, 0.2105, 2.042
19.80, 0.2100, 2.070
19.81, 0.2095, 2.057
19.82, 0.2090, 2.054
19.83, 0.2085, 2.041
19.84, 0.2080, 2.037
19.85, 0.2075, 2.022
19.86, 0.2070, 2.046
19.87, 0.2065, 2.046
19.88, 0.2060, 2.042
19.89, 0.2055, 2.026
19.90, 0.2050, 2.040
19.91, 0.2045, 2.011
19.92, 0.2040, 2.025
19.93, 0.2035, 2.027
19.94, 0.2030, 2.020
19.95, 0.2025, 2.020
19.96, 0.2020, 1.999
19.97, 0.2015, 2.011
19.98, 0.2010, 2.013
19.99, 0.2005, 2.026
20.00, 0.2000, 2.004
20.01, 0.1995, 1.999
20.02, 0.1990, 2.005
20.03, 0.1985, 1.982
20.04, 0.1980, 1.949
20.05, 0.1975, 1.898
20.06, 0.1970, 1.900
20.07, 0.1965, 1.873
20.08, 0.1960, 1.857
20.09, 0.1955, 1.854
20.10, 0.1950, 1.823
20.11, 0.1945, 1.826
20.12, 0.1940, 1.826
20.13, 0.1935, 1.829
20.14, 0.1930, 1.831
20.15, 0.1925, 1.828
20.16, 0.1920, 1.829
20.17, 0.1915, 1.824
20.18, 0.1910, 1.813
20.19, 0.1905, 1.830
20.20, 0.1900, 1.828
20.21, 0.1895, 1.826
20.22, 0.1890, 1.829
20.23, 0.1885, 1.841
20.24, 0.1880, 1.817
20.25, 0.1875, 1.769
20.26, 0.1870, 1.791
20.27, 0.1865, 1.831
20.28, 0.1860, 1.797
20.29, 0.1855, 1.804
20.30, 0.1850, 1.822
20.31, 0.1845, 1.815
20.32, 0.1840, 1.804
20.33, 0.1835, 1.807
20.34, 0.1830, 1.785
20.35, 0.1825, 1.786
20.36, 0.1820, 1.760
20.37, 0.1815, 1.762
20.38, 0.1810, 1.779
20.39, 0.1805, 1.785
20.40, 0.1800, 1.757
20.41, 0.1795, 1.796
20.42, 0.1790, 1.762
20.43, 0.1785, 1.736
20.44, 0.1780, 1.717
20.45, 0.1775, 1.719
20.46, 0.1770, 1.702
20.47, 0.1765, 1.672
20.48, 0.1760, 1.663
20.49, 0.1755, 1.635
20.50, 0.1750, 1.593
20.51, 0.1745, 1.578
20.52, 0.1740, 1.579
20.53, 0.1735, 1.583
20.54, 0.1730, 1.579
20.55, 0.1725, 1.571
20.56, 0.1720, 1.586
20.57, 0.1715, 1.588
20.58, 0.1710, 1.580
20.59, 0.1705, 1.565
20.60, 0.1700, 1.571
20.61, 0.1695, 1.585
20.62, 0.1690, 1.552
20.63, 0.1685, 1.569
20.64, 0.1680, 1.565
20.65, 0.1675, 1.572
20.66, 0.1670, 1.571
20.67, 0.1665, 1.562
20.68, 0.1660, 1.554
20.69, 0.1655, 1.544
20.70, 0.1650, 1.539
20.71, 0.1645, 1.536
20.72, 0.1640, 1.555
20.73, 0.1635, 1.547
20.74, 0.1630, 1.526
20.75, 0.1625, 1.519
20.76, 0.1620, 1.522
20.77, 0.1615, 1.528
20.78, 0.1610, 1.514
20.79, 0.1605, 1.538
20.80, 0.1600, 1.525
20.81, 0.1595, 1.549
20.82, 0.1590, 1.554
20.83, 0.1585, 1.544
20.84, 0.1580, 1.554
20.85, 0.1575, 1.516
20.86, 0.1570, 1.511
20.87, 0.1565, 1.534
20.88, 0.1560, 1.491
20.89, 0.1555, 1.452
20.90, 0.1550, 1.401
20.91, 0.1545, 1.377
20.92, 0.1540, 1.347
20.93, 0.1535, 1.355
20.94, 0.1530, 1.346
20.95, 0.1525, 1.314
20.96, 0.1520, 1.296
20.97, 0.1515, 1.322
20.98, 0.1510, 1.325
20.99, 0.1505, 1.292
21.00, 0.1500, 1.300
21.01, 0.1495, 1.314
21.02, 0.1490, 1.291
21.03, 0.1485, 1.307
21.04, 0.1480, 1.279
21.05, 0.1475, 1.301
21.06, 0.1470, 1.302
21.07, 0.1465, 1.280
21.08, 0.1460, 1.311
21.09, 0.1455, 1.272
21.10, 0.1450, 1.279
21.11, 0.1445, 1.287
21.12, 0.1440, 1.277
21.13, 0.1435, 1.259
21.14, 0.1430, 1.248
21.15, 0.1425, 1.233
21.16, 0.1420, 1.240
21.17, 0.1415, 1.244
21.18, 0.1410, 1.266
21.19, 0.1405, 1.231
21.20, 0.1400, 1.230
21.21, 0.1395, 1.217
21.22, 0.1390, 1.247
21.23, 0.1385, 1.238
21.24, 0.1380, 1.216
21.25, 0.1375, 1.204
21.26, 0.1370, 1.187
21.27, 0.1365, 1.222
21.28, 0.1360, 1.196
21.29, 0.1355, 1.153
21.30, 0.1350, 1.158
21.31, 0.1345, 1.133
21.32, 0.1340, 1.086
21.33, 0.1335, 1.097
21.34, 0.1330, 1.048
21.35, 0.1325, 1.053
21.36, 0.1320, 1.037
21.37, 0.1315, 1.034
21.38, 0.1310, 1.025
21.39, 0.1305, 1.026
21.40, 0.1300, 1.019
21.41, 0.1295, 1.011
21.42, 0.1290, 1.017
21.43, 0.1285, 1.024
21.44, 0.1280, 0.9956
21.45, 0.1275, 0.9964
21.46, 0.1270, 0.9721
21.47, 0.1265, 0.9830
21.48, 0.1260, 0.9920
21.49, 0.1255, 0.9971
21.50, 0.1250, 0.9736
21.51, 0.1245, 0.9828
21.52, 0.1240, 1.004
21.53, 0.1235, 0.9813
21.54, 0.1230, 0.9682
21.55, 0.1225, 0.9708
21.56, 0.1220, 0.9654
21.57, 0.1215, 0.9398
21.58, 0.1210, 0.9533
21.59, 0.1205, 0.9436
21.60, 0.1200, 0.9422
21.61, 0.1195, 0.9421
21.62, 0.1190, 0.9322
21.63, 0.1185, 0.9211
21.64, 0.1180, 0.9067
21.65, 0.1175, 0.9197
21.66, 0.1170, 0.9141
21.67, 0.1165, 0.9155
21.68, 0.1160, 0.8992
21.69, 0.1155, 0.9079
21.70, 0.1150, 0.8868
21.71, 0.1145, 0.8890
21.72, 0.1140, 0.8687
21.73, 0.1135, 0.8337
21.74, 0.1130, 0.8164
21.75, 0.1125, 0.7665
21.76, 0.1120, 0.7472
21.77, 0.1115, 0.7476
21.78, 0.1110, 0.7494
21.79, 0.1105, 0.7253
21.80, 0.1100, 0.7287
21.81, 0.1095, 0.7001
21.82, 0.1090, 0.7119
21.83, 0.1085, 0.7019
21.84, 0.1080, 0.7264
21.85, 0.1075, 0.6853
21.86, 0.1070, 0.6958
21.87, 0.1065, 0.6909
21.88, 0.1060, 0.7251
21.89, 0.1055, 0.7120
21.90, 0.1050, 0.6967
21.91, 0.1045, 0.6908
21.92, 0.1040, 0.6972
21.93, 0.1035, 0.7095
21.94, 0.1030, 0.6638
21.95, 0.1025, 0.6687
21.96, 0.1020, 0.6615
21.97, 0.1015, 0.6676
21.98, 0.1010, 0.6969
21.99, 0.1005, 0.6809
22.00, 0.1000, 0.6483
22.01, 0.09950, 0.6210
22.02, 0.09900, 0.6545
22.03, 0.09850, 0.6440
22.04, 0.09800, 0.6434
22.05, 0.09750, 0.6298
22.06, 0.09700, 0.6515
22.07, 0.09650, 0.6395
22.08, 0.09600, 0.6372
22.09, 0.09550, 0.6241
22.10, 0.09500, 0.6133
22.11, 0.09450, 0.6258
22.12, 0.09400, 0.6092
22.13, 0.09350, 0.5853
22.14, 0.09300, 0.5725
22.15, 0.09250, 0.5587
22.16, 0.09200, 0.5180
22.17, 0.09150, 0.5197
22.18, 0.09100, 0.4939
22.19, 0.09050, 0.4606
22.20, 0.09000, 0.4477
22.21, 0.08950, 0.4478
22.22, 0.08900, 0.4321
22.23, 0.08850, 0.4446
22.24, 0.08800, 0.4531
22.25, 0.08750, 0.4201
22.26, 0.08700, 0.4108
22.27, 0.08650, 0.4223
22.28, 0.08600, 0.3977
22.29, 0.08550, 0.4288
22.30, 0.08500, 0.4220
22.31, 0.08450, 0.4130
22.32, 0.08400, 0.3920
22.33, 0.08350, 0.4148
22.34, 0.08300, 0.4075
22.35, 0.08250, 0.4173
22.36, 0.08200, 0.4251
22.37, 0.08150, 0.4153
22.38, 0.08100, 0.3978
22.39, 0.08050, 0.4055
22.40, 0.08000, 0.3844
22.41, 0.07950, 0.3669
22.42, 0.07900, 0.3749
22.43, 0.07850, 0.3962
22.44, 0.07800, 0.3927
22.45, 0.07750, 0.3722
22.46, 0.07700, 0.3696
22.47, 0.07650, 0.3549
22.48, 0.07600, 0.3654
22.49, 0.07550, 0.3720
22.50, 0.07500, 0.3499
22.51, 0.07450, 0.3582
22.52, 0.07400, 0.3488
22.53, 0.07350, 0.3546
22.54, 0.07300, 0.3577
22.55, 0.07250, 0.3292
22.56, 0.07200, 0.2929
22.57, 0.07150, 0.2518
22.58, 0.07100, 0.2452
22.59, 0.07050, 0.2322
22.60, 0.07000, 0.1843
22.61, 0.06950, 0.1948
22.62, 0.06900, 0.1641
22.63, 0.06850, 0.1608
22.64, 0.06800, 0.1580
22.65, 0.06750, 0.1547
22.66, 0.06700, 0.1678
22.67, 0.06650, 0.1459
22.68, 0.06600, 0.1705
22.69, 0.06550, 0.1519
22.70, 0.06500, 0.1547
22.71, 0.06450, 0.1764
22.72, 0.06400, 0.1612
22.73, 0.06350, 0.1693
22.74, 0.06300, 0.1633
22.75, 0.06250, 0.1523
22.76, 0.06200, 0.1713
22.77, 0.06150, 0.1498
22.78, 0.06100, 0.1593
22.79, 0.06050, 0.1235
22.80, 0.06000, 0.1217
22.81, 0.05950, 0.1576
22.82, 0.05900, 0.09914
22.83, 0.05850, 0.1289
22.84, 0.05800, 0.1225
22.85, 0.05750, 0.1213
22.86, 0.05700, 0.1181
22.87, 0.05650, 0.1124
22.88, 0.05600, 0.1020
22.89, 0.05550, 0.1289
22.90, 0.05500, 0.07797
22.91, 0.05450, 0.1000
22.92, 0.05400, 0.07990
22.93, 0.05350, 0.1061
22.94, 0.05300, 0.07989
22.95, 0.05250, 0.08944
22.96, 0.05200, 0.07350
22.97, 0.05150, 0.05042
22.98, 0.05100, 0.06709
22.99, 0.05050, 0.03557
23.00, 0.05000, -0.02295
23.01, 0.04950, -0.03771
23.02, 0.04900, -0.03214
23.03, 0.04850, -0.07016
23.04, 0.04800, -0.06202
23.05, 0.04750, -0.08444
23.06, 0.04700, -0.1130
23.07, 0.04650, -0.09728
23.08, 0.04600, -0.06572
23.09, 0.04550, -0.1084
23.10, 0.04500, -0.1071
23.11, 0.04450, -0.1290
23.12, 0.04400, -0.1174
23.13, 0.04350, -0.1220
23.14, 0.04300, -0.1216
23.15, 0.04250, -0.09410
23.16, 0.04200, -0.1100
23.17, 0.04150, -0.1261
23.18, 0.04100, -0.09626
23.19, 0.04050, -0.1136
23.20, 0.04000, -0.1374
23.21, 0.03950, -0.1486
23.22, 0.03900, -0.1233
23.23, 0.03850, -0.1218
23.24, 0.03800, -0.1070
23.25, 0.03750, -0.1451
23.26, 0.03700, -0.1284
23.27, 0.03650, -0.1582
23.28, 0.03600, -0.1299
23.29, 0.03550, -0.1614
23.30, 0.03500, -0.1725
23.31, 0.03450, -0.1622
23.32, 0.03400, -0.1719
23.33, 0.03350, -0.1695
23.34, 0.03300, -0.1853
23.35, 0.03250, -0.1953
23.36, 0.03200, -0.1724
23.37, 0.03150, -0.1872
23.38, 0.03100, -0.1871
23.39, 0.03050, -0.2157
23.40, 0.03000, -0.2505
23.41, 0.02950, -0.2301
23.42, 0.02900, -0.2744
23.43, 0.02850, -0.3150
23.44, 0.02800, -0.3190
23.45, 0.02750, -0.3570
23.46, 0.02700, -0.3675
23.47, 0.02650, -0.3618
23.48, 0.02600, -0.3609
23.49, 0.02550, -0.3812
23.50, 0.02500, -0.3627
23.51, 0.02450, -0.3856
23.52, 0.02400, -0.3936
23.53, 0.02350, -0.3657
23.54, 0.02300, -0.4067
23.55, 0.02250, -0.4073
23.56, 0.02200, -0.4110
23.57, 0.02150, -0.4035
23.58, 0.02100, -0.4200
23.59, 0.02050, -0.4163
23.60, 0.02000, -0.4038
23.61, 0.01950, -0.4184
23.62, 0.01900, -0.4344
23.63, 0.01850, -0.4001
23.64, 0.01800, -0.4142
23.65, 0.01750, -0.4316
23.66, 0.01700, -0.4387
23.67, 0.01650, -0.4344
23.68, 0.01600, -0.4233
23.69, 0.01550, -0.4267
23.70, 0.01500, -0.4347
23.71, 0.01450, -0.4488
23.72, 0.01400, -0.4761
23.73, 0.01350, -0.4834
23.74, 0.01300, -0.4703
23.75, 0.01250, -0.4735
23.76, 0.01200, -0.4997
23.77, 0.01150, -0.5262
23.78, 0.01100, -0.4799
23.79, 0.01050, -0.5025
23.80, 0.01000, -0.5181
23.81, 0.009500, -0.5258
23.82, 0.009000, -0.5324
23.83, 0.008500, -0.5634
23.84, 0.008000, -0.5883
23.85, 0.007500, -0.6185
23.86, 0.007000, -0.6330
23.87, 0.006500, -0.6590
23.88, 0.006000, -0.6738
23.89, 0.005500, -0.6995
23.90, 0.005000, -0.6844
23.91, 0.004500, -0.7041
23.92, 0.004000, -0.6979
23.93, 0.003500, -0.7168
23.94, 0.003000, -0.7412
23.95, 0.002500, -0.7516
23.96, 0.002000, -0.7429
23.97, 0.001500, -0.7280
23.98, 0.001000, -0.7190
23.99, 0.0005000, -0.7656
24.00, 0.000, -0.7608
24.01, -0.0005000, -0.7676
24.02, -0.001000, -0.7645
24.03, -0.001500, -0.8015
24.04, -0.002000, -0.7971
24.05, -0.002500, -0.7779
24.06, -0.003000, -0.7931
24.07, -0.003500, -0.7958
24.08, -0.004000, -0.8171
24.09, -0.004500, -0.8210
24.10, -0.005000, -0.8125
24.11, -0.005500, -0.8229
24.12, -0.006000, -0.8388
24.13, -0.006500, -0.8492
24.14, -0.007000, -0.8263
24.15, -0.007500, -0.8336
24.16, -0.008000, -0.8630
24.17, -0.008500, -0.8712
24.18, -0.009000, -0.8889
24.19, -0.009500, -0.8694
24.20, -0.01000, -0.8849
24.21, -0.01050, -0.8969
24.22, -0.01100, -0.9223
24.23, -0.01150, -0.9225
24.24, -0.01200, -0.9630
24.25, -0.01250, -0.9679
24.26, -0.01300, -0.9866
24.27, -0.01350, -1.039
24.28, -0.01400, -1.080
24.29, -0.01450, -1.072
24.30, -0.01500, -1.097
24.31, -0.01550, -1.100
24.32, -0.01600, -1.120
24.33, -0.01650, -1.149
24.34, -0.01700, -1.103
24.35, -0.01750, -1.137
24.36, -0.01800, -1.133
24.37, -0.01850, -1.166
24.38, -0.01900, -1.152
24.39, -0.01950, -1.179
24.40, -0.02000, -1.163
24.41, -0.02050, -1.196
24.42, -0.02100, -1.183
24.43, -0.02150, -1.185
24.44, -0.02200, -1.188
24.45, -0.02250, -1.204
24.46, -0.02300, -1.214
24.47, -0.02350, -1.209
24.48, -0.02400, -1.243
24.49, -0.02450, -1.252
24.50, -0.02500, -1.225
24.51, -0.02550, -1.228
24.52, -0.02600, -1.247
24.53, -0.02650, -1.279
24.54, -0.02700, -1.268
24.55, -0.02750, -1.268
24.56, -0.02800, -1.280
24.57, -0.02850, -1.320
24.58, -0.02900, -1.322
24.59, -0.02950, -1.330
24.60, -0.03000, -1.334
24.61, -0.03050, -1.326
24.62, -0.03100, -1.384
24.63, -0.03150, -1.373
24.64, -0.03200, -1.384
24.65, -0.03250, -1.395
24.66, -0.03300, -1.405
24.67, -0.03350, -1.474
24.68, -0.03400, -1.470
24.69, -0.03450, -1.492
24.70, -0.03500, -1.497
24.71, -0.03550, -1.566
24.72, -0.03600, -1.548
24.73, -0.03650, -1.583
24.74, -0.03700, -1.593
24.75, -0.03750, -1.589
24.76, -0.03800, -1.622
24.77, -0.03850, -1.614
24.78, -0.03900, -1.646
24.79, -0.03950, -1.631
24.80, -0.04000, -1.634
24.81, -0.04050, -1.615
24.82, -0.04100, -1.676
24.83, -0.04150, -1.650
24.84, -0.04200, -1.662
24.85, -0.04250, -1.683
24.86, -0.04300, -1.690
24.87, -0.04350, -1.703
24.88, -0.04400, -1.692
24.89, -0.04450, -1.696
24.90, -0.04500, -1.720
24.91, -0.04550, -1.737
24.92, -0.04600, -1.738
24.93, -0.04650, -1.753
24.94, -0.04700, -1.744
24.95, -0.04750, -1.748
24.96, -0.04800, -1.746
24.97, -0.04850, -1.788
24.98, -0.04900, -1.777
24.99, -0.04950, -1.790
25.00, -0.05000, -1.794
25.01, -0.05050, -1.827
25.02, -0.05100, -1.833
25.03, -0.05150, -1.836
25.04, -0.05200, -1.874
25.05, -0.05250, -1.849
25.06, -0.05300, -1.874
25.07, -0.05350, -1.918
25.08, -0.05400, -1.924
25.09, -0.05450, -1.926
25.10, -0.05500, -1.966
25.11, -0.05550, -2.006
25.12, -0.05600, -2.036
25.13, -0.05650, -2.040
25.14, -0.05700, -2.094
25.15, -0.05750, -2.082
25.16, -0.05800, -2.096
25.17, -0.05850, -2.104
25.18, -0.05900, -2.113
25.19, -0.05950, -2.118
25.20, -0.06000, -2.135
25.21, -0.06050, -2.118
25.22, -0.06100, -2.157
25.23, -0.06150, -2.146
25.24, -0.06200, -2.154
25.25, -0.06250, -2.179
25.26, -0.06300, -2.179
25.27, -0.06350, -2.190
25.28, -0.06400, -2.171
25.29, -0.06450, -2.233
25.30, -0.06500, -2.211
25.31, -0.06550, -2.215
25.32, -0.06600, -2.229
25.33, -0.06650, -2.226
25.34, -0.06700, -2.245
25.35, -0.06750, -2.256
25.36, -0.06800, -2.256
25.37, -0.06850, -2.281
25.38, -0.06900, -2.263
25.39, -0.06950, -2.296
25.40, -0.07000, -2.301
25.41, -0.07050, -2.272
25.42, -0.07100, -2.314
25.43, -0.07150, -2.327
25.44, -0.07200, -2.324
25.45, -0.07250, -2.327
25.46, -0.07300, -2.342
25.47, -0.07350, -2.352
25.48, -0.07400, -2.365
25.49, -0.07450, -2.361
25.50, -0.07500, -2.399
25.51, -0.07550, -2.443
25.52, -0.07600, -2.459
25.53, -0.07650, -2.487
25.54, -0.07700, -2.511
25.55, -0.07750, -2.520
25.56, -0.07800, -2.527
25.57, -0.07850, -2.547
25.58, -0.07900, -2.569
25.59, -0.07950, -2.579
25.60, -0.08000, -2.596
25.61, -0.08050, -2.588
25.62, -0.08100, -2.599
25.63, -0.08150, -2.624
25.64, -0.08200, -2.610
25.65, -0.08250, -2.633
25.66, -0.08300, -2.617
25.67, -0.08350, -2.631
25.68, -0.08400, -2.624
25.69, -0.08450, -2.666
25.70, -0.08500, -2.659
25.71, -0.08550, -2.630
25.72, -0.08600, -2.621
25.73, -0.08650, -2.682
25.74, -0.08700, -2.699
25.75, -0.08750, -2.678
25.76, -0.08800, -2.670
25.77, -0.08850, -2.693
25.78, -0.08900, -2.708
25.79, -0.08950, -2.675
25.80, -0.09000, -2.687
25.81, -0.09050, -2.694
25.82, -0.09100, -2.707
25.83, -0.09150, -2.723
25.84, -0.09200, -2.696
25.85, -0.09250, -2.713
25.86, -0.09300, -2.727
25.87, -0.09350, -2.737
25.88, -0.09400, -2.772
25.89, -0.09450, -2.773
25.90, -0.09500, -2.801
25.91, -0.09550, -2.757
25.92, -0.09600, -2.780
25.93, -0.09650, -2.809
25.94, -0.09700, -2.848
25.95, -0.09750, -2.868
25.96, -0.09800, -2.885
25.97, -0.09850, -2.929
25.98, -0.09900, -2.929
25.99, -0.09950, -2.943
26.00, -0.1000, -2.951
26.01, -0.1005, -2.948
26.02, -0.1010, -2.932
26.03, -0.1015, -2.975
26.04, -0.1020, -2.989
26.05, -0.1025, -2.971
26.06, -0.1030, -2.973
26.07, -0.1035, -2.991
26.08, -0.1040, -2.994
26.09, -0.1045, -2.988
26.10, -0.1050, -2.984
26.11, -0.1055, -2.993
26.12, -0.1060, -3.002
26.13, -0.1065, -3.019
26.14, -0.1070, -3.015
26.15, -0.1075, -3.011
26.16, -0.1080, -2.996
26.17, -0.1085, -3.022
26.18, -0.1090, -2.980
26.19, -0.1095, -3.010
26.20, -0.1100, -3.049
26.21, -0.1105, -3.024
26.22, -0.1110, -3.034
26.23, -0.1115, -3.020
26.24, -0.1120, -3.003
26.25, -0.1125, -3.036
26.26, -0.1130, -3.049
26.27, -0.1135, -3.019
26.28, -0.1140, -3.015
26.29, -0.1145, -3.031
26.30, -0.1150, -3.050
26.31, -0.1155, -3.075
26.32, -0.1160, -3.043
26.33, -0.1165, -3.048
26.34, -0.1170, -3.067
26.35, -0.1175, -3.102
26.36, -0.1180, -3.124
26.37, -0.1185, -3.135
26.38, -0.1190, -3.157
26.39, -0.1195, -3.176
26.40, -0.1200, -3.205
26.41, -0.1205, -3.200
26.42, -0.1210, -3.186
26.43, -0.1215, -3.208
26.44, -0.1220, -3.221
26.45, -0.1225, -3.208
26.46, -0.1230, -3.219
26.47, -0.1235, -3.199
26.48, -0.1240, -3.173
26.49, -0.1245, -3.182
26.50, -0.1250, -3.210
26.51, -0.1255, -3.188
26.52, -0.1260, -3.175
26.53, -0.1265, -3.189
26.54, -0.1270, -3.192
26.55, -0.1275, -3.209
26.56, -0.1280, -3.192
26.57, -0.1285, -3.186
26.58, -0.1290, -3.180
26.59, -0.1295, -3.221
26.60, -0.1300, -3.235
26.61, -0.1305, -3.198
26.62, -0.1310, -3.184
26.63, -0.1315, -3.190
26.64, -0.1320, -3.179
26.65, -0.1325, -3.176
26.66, -0.1330, -3.166
26.67, -0.1335, -3.165
26.68, -0.1340, -3.191
26.69, -0.1345, -3.210
26.70, -0.1350, -3.174
26.71, -0.1355, -3.213
26.72, -0.1360, -3.195
26.73, -0.1365, -3.190
26.74, -0.1370, -3.207
26.75, -0.1375, -3.186
26.76, -0.1380, -3.223
26.77, -0.1385, -3.196
26.78, -0.1390, -3.265
26.79, -0.1395, -3.266
26.80, -0.1400, -3.318
26.81, -0.1405, -3.311
26.82, -0.1410, -3.289
26.83, -0.1415, -3.301
26.84, -0.1420, -3.307
26.85, -0.1425, -3.310
26.86, -0.1430, -3.290
26.87, -0.1435, -3.292
26.88, -0.1440, -3.313
26.89, -0.1445, -3.297
26.90, -0.1450, -3.298
26.91, -0.1455, -3.280
26.92, -0.1460, -3.278
26.93, -0.1465, -3.303
26.94, -0.1470, -3.262
26.95, -0.1475, -3.277
26.96, -0.1480, -3.293
26.97, -0.1485, -3.276
26.98, -0.1490, -3.280
26.99, -0.1495, -3.274
27.00, -0.1500, -3.257
27.01, -0.1505, -3.273
27.02, -0.1510, -3.274
27.03, -0.1515, -3.253
27.04, -0.1520, -3.254
27.05, -0.1525, -3.253
27.06, -0.1530, -3.243
27.07, -0.1535, -3.255
27.08, -0.1540, -3.245
27.09, -0.1545, -3.218
27.10, -0.1550, -3.243
27.11, -0.1555, -3.242
27.12, -0.1560, -3.222
27.13, -0.1565, -3.214
27.14, -0.1570, -3.220
27.15, -0.1575, -3.240
27.16, -0.1580, -3.196
27.17, -0.1585, -3.228
27.18, -0.1590, -3.207
27.19, -0.1595, -3.233
27.20, -0.1600, -3.247
27.21, -0.1605, -3.308
27.22, -0.1610, -3.306
27.23, -0.1615, -3.281
27.24, -0.1620, -3.312
27.25, -0.1625, -3.310
27.26, -0.1630, -3.303
27.27, -0.1635, -3.294
27.28, -0.1640, -3.296
27.29, -0.1645, -3.320
27.30, -0.1650, -3.297
27.31, -0.1655, -3.274
27.32, -0.1660, -3.271
27.33, -0.1665, -3.279
27.34, -0.1670, -3.282
27.35, -0.1675, -3.256
27.36, -0.1680, -3.235
27.37, -0.1685, -3.254
27.38, -0.1690, -3.244
27.39, -0.1695, -3.231
27.40, -0.1700, -3.241
27.41, -0.1705, -3.222
27.42, -0.1710, -3.263
27.43, -0.1715, -3.246
27.44, -0.1720, -3.191
27.45, -0.1725, -3.219
27.46, -0.1730, -3.196
27.47, -0.1735, -3.190
27.48, -0.1740, -3.180
27.49, -0.1745, -3.190
27.50, -0.1750, -3.185
27.51, -0.1755, -3.187
27.52, -0.1760, -3.167
27.53, -0.1765, -3.172
27.54, -0.1770, -3.140
27.55, -0.1775, -3.172
27.56, -0.1780, -3.151
27.57, -0.1785, -3.142
27.58, -0.1790, -3.135
27.59, -0.1795, -3.132
27.60, -0.1800, -3.167
27.61, -0.1805, -3.159
27.62, -0.1810, -3.179
27.63, -0.1815, -3.170
27.64, -0.1820, -3.207
27.65, -0.1825, -3.211
27.66, -0.1830, -3.243
27.67, -0.1835, -3.229
27.68, -0.1840, -3.223
27.69, -0.1845, -3.229
27.70, -0.1850, -3.222
27.71, -0.1855, -3.213
27.72, -0.1860, -3.207
27.73, -0.1865, -3.178
27.74, -0.1870, -3.154
27.75, -0.1875, -3.169
27.76, -0.1880, -3.170
27.77, -0.1885, -3.162
27.78, -0.1890, -3.126
27.79, -0.1895, -3.148
27.80, -0.1900, -3.154
27.81, -0.1905, -3.140
27.82, -0.1910, -3.129
27.83, -0.1915, -3.116
27.84, -0.1920, -3.083
27.85, -0.1925, -3.097
27.86, -0.1930, -3.098
27.87, -0.1935, -3.103
27.88, -0.1940, -3.085
27.89, -0.1945, -3.066
27.90, -0.1950, -3.069
27.91, -0.1955, -3.053
27.92, -0.1960, -3.075
27.93, -0.1965, -3.030
27.94, -0.1970, -3.047
27.95, -0.1975, -3.032
27.96, -0.1980, -3.018
27.97, -0.1985, -3.024
27.98, -0.1990, -2.996
27.99, -0.1995, -3.001
28.00, -0.2000, -3.012
28.01, -0.2005, -2.981
28.02, -0.2010, -3.049
28.03, -0.2015, -3.017
28.04, -0.2020, -3.012
28.05, -0.2025, -3.032
28.06, -0.2030, -3.036
28.07, -0.2035, -3.015
28.08, -0.2040, -3.053
28.09, -0.2045, -3.065
28.10, -0.2050, -3.041
28.11, -0.2055, -3.062
28.12, -0.2060, -3.045
28.13, -0.2065, -3.055
28.14, -0.2070, -3.028
28.15, -0.2075, -3.003
28.16, -0.2080, -2.972
28.17, -0.2085, -3.012
28.18, -0.2090, -3.004
28.19, -0.2095, -2.971
28.20, -0.2100, -2.965
28.21, -0.2105, -2.969
28.22, -0.2110, -2.961
28.23, -0.2115, -2.983
28.24, -0.2120, -2.938
28.25, -0.2125, -2.920
28.26, -0.2130, -2.915
28.27, -0.2135, -2.918
28.28, -0.2140, -2.918
28.29, -0.2145, -2.893
28.30, -0.2150, -2.870
28.31, -0.2155, -2.875
28.32, -0.2160, -2.858
28.33, -0.2165, -2.890
28.34, -0.2170, -2.871
28.35, -0.2175, -2.847
28.36, -0.2180, -2.833
28.37, -0.2185, -2.830
28.38, -0.2190, -2.826
28.39, -0.2195, -2.834
28.40, -0.2200, -2.803
28.41, -0.2205, -2.810
28.42, -0.2210, -2.775
28.43, -0.2215, -2.780
28.44, -0.2220, -2.783
28.45, -0.2225, -2.792
28.46, -0.2230, -2.788
28.47, -0.2235, -2.841
28.48, -0.2240, -2.823
28.49, -0.2245, -2.834
28.50, -0.2250, -2.826
28.51, -0.2255, -2.835
28.52, -0.2260, -2.841
28.53, -0.2265, -2.849
28.54, -0.2270, -2.815
28.55, -0.2275, -2.813
28.56, -0.2280, -2.813
28.57, -0.2285, -2.816
28.58, -0.2290, -2.826
28.59, -0.2295, -2.779
28.60, -0.2300, -2.754
28.61, -0.2305, -2.745
28.62, -0.2310, -2.737
28.63, -0.2315, -2.723
28.64, -0.2320, -2.730
28.65, -0.2325, -2.684
28.66, -0.2330, -2.687
28.67, -0.2335, -2.684
28.68, -0.2340, -2.707
28.69, -0.2345, -2.681
28.70, -0.2350, -2.677
28.71, -0.2355, -2.660
28.72, -0.2360, -2.649
28.73, -0.2365, -2.660
28.74, -0.2370, -2.656
28.75, -0.2375, -2.646
28.76, -0.2380, -2.625
28.77, -0.2385, -2.607
28.78, -0.2390, -2.621
28.79, -0.2395, -2.581
28.80, -0.2400, -2.586
28.81, -0.2405, -2.551
28.82, -0.2410, -2.571
28.83, -0.2415, -2.559
28.84, -0.2420, -2.567
28.85, -0.2425, -2.563
28.86, -0.2430, -2.559
28.87, -0.2435, -2.578
28.88, -0.2440, -2.578
28.89, -0.2445, -2.576
28.90, -0.2450, -2.573
28.91, -0.2455, -2.589
28.92, -0.2460, -2.592
28.93, -0.2465, -2.611
28.94, -0.2470, -2.637
28.95, -0.2475, -2.619
28.96, -0.2480, -2.613
28.97, -0.2485, -2.578
28.98, -0.2490, -2.578
28.99, -0.2495, -2.599
29.00, -0.2500, -2.544
29.01, -0.2505, -2.535
29.02, -0.2510, -2.526
29.03, -0.2515, -2.547
29.04, -0.2520, -2.527
29.05, -0.2525, -2.509
29.06, -0.2530, -2.477
29.07, -0.2535, -2.486
29.08, -0.2540, -2.474
29.09, -0.2545, -2.472
29.10, -0.2550, -2.491
29.11, -0.2555, -2.454
29.12, -0.2560, -2.441
29.13, -0.2565, -2.444
29.14, -0.2570, -2.440
29.15, -0.2575, -2.430
29.16, -0.2580, -2.380
29.17, -0.2585, -2.412
29.18, -0.2590, -2.407
29.19, -0.2595, -2.391
29.20, -0.2600, -2.379
29.21, -0.2605, -2.357
29.22, -0.2610, -2.346
29.23, -0.2615, -2.371
29.24, -0.2620, -2.351
29.25, -0.2625, -2.350
29.26, -0.2630, -2.322
29.27, -0.2635, -2.319
29.28, -0.2640, -2.329
29.29, -0.2645, -2.355
29.30, -0.2650, -2.343
29.31, -0.2655, -2.381
29.32, -0.2660, -2.374
29.33, -0.2665, -2.376
29.34, -0.2670, -2.402
29.35, -0.2675, -2.407
29.36, -0.2680, -2.382
29.37, -0.2685, -2.388
29.38, -0.2690, -2.370
29.39, -0.2695, -2.370
29.40, -0.2700, -2.374
29.41, -0.2705, -2.338
29.42, -0.2710, -2.345
29.43, -0.2715, -2.327
29.44, -0.2720, -2.325
29.45, -0.2725, -2.323
29.46, -0.2730, -2.317
29.47, -0.2735, -2.281
29.48, -0.2740, -2.306
29.49, -0.2745, -2.291
29.50, -0.2750, -2.290
29.51, -0.2755, -2.287
29.52, -0.2760, -2.267
29.53, -0.2765, -2.245
29.54, -0.2770, -2.264
29.55, -0.2775, -2.213
29.56, -0.2780, -2.217
29.57, -0.2785, -2.234
29.58, -0.2790, -2.229
29.59, -0.2795, -2.238
29.60, -0.2800, -2.218
29.61, -0.2805, -2.195
29.62, -0.2810, -2.199
29.63, -0.2815, -2.170
29.64, -0.2820, -2.178
29.65, -0.2825, -2.179
29.66, -0.2830, -2.161
29.67, -0.2835, -2.168
29.68, -0.2840, -2.145
29.69, -0.2845, -2.149
29.70, -0.2850, -2.141
29.71, -0.2855, -2.167
29.72, -0.2860, -2.181
29.73, -0.2865, -2.185
29.74, -0.2870, -2.201
29.75, -0.2875, -2.220
29.76, -0.2880, -2.189
29.77, -0.2885, -2.222
29.78, -0.2890, -2.198
29.79, -0.2895, -2.205
29.80, -0.2900, -2.218
29.81, -0.2905, -2.213
29.82, -0.2910, -2.199
29.83, -0.2915, -2.173
29.84, -0.2920, -2.185
29.85, -0.2925, -2.186
29.86, -0.2930, -2.161
29.87, -0.2935, -2.175
29.88, -0.2940, -2.155
29.89, -0.2945, -2.144
29.90, -0.2950, -2.124
29.91, -0.2955, -2.126
29.92, -0.2960, -2.108
29.93, -0.2965, -2.102
29.94, -0.2970, -2.094
29.95, -0.2975, -2.090
29.96, -0.2980, -2.095
29.97, -0.2985, -2.086
29.98, -0.2990, -2.078
29.99, -0.2995, -2.062
30.00, -0.3000, -2.070
30.01, -0.3005, -2.073
30.02, -0.3010, -2.049
30.03, -0.3015, -2.044
30.04, -0.3020, -2.031
30.05, -0.3025, -2.036
30.06, -0.3030, -2.021
30.07, -0.3035, -2.014
30.08, -0.3040, -2.024
30.09, -0.3045, -2.016
30.10, -0.3050, -2.002
30.11, -0.3055, -2.004
30.12, -0.3060, -2.005
30.13, -0.3065, -1.998
30.14, -0.3070, -2.044
30.15, -0.3075, -2.050
30.16, -0.3080, -2.063
30.17, -0.3085, -2.054
30.18, -0.3090, -2.066
30.19, -0.3095, -2.078
30.20, -0.3100, -2.074
30.21, -0.3105, -2.083
30.22, -0.3110, -2.069
30.23, -0.3115, -2.077
30.24, -0.3120, -2.070
30.25, -0.3125, -2.062
30.26, -0.3130, -2.043
30.27, -0.3135, -2.026
30.28, -0.3140, -2.010
30.29, -0.3145, -2.034
30.30, -0.3150, -2.006
30.31, -0.3155, -2.008
30.32, -0.3160, -2.033
30.33, -0.3165, -1.976
30.34, -0.3170, -1.985
30.35, -0.3175, -1.982
30.36, -0.3180, -1.969
30.37, -0.3185, -1.981
30.38, -0.3190, -1.956
30.39, -0.3195, -1.931
30.40, -0.3200, -1.956
30.41, -0.3205, -1.942
30.42, -0.3210, -1.943
30.43, -0.3215, -1.942
30.44, -0.3220, -1.943
30.45, -0.3225, -1.938
30.46, -0.3230, -1.908
30.47, -0.3235, -1.936
30.48, -0.3240, -1.911
30.49, -0.3245, -1.916
30.50, -0.3250, -1.891
30.51, -0.3255, -1.896
30.52, -0.3260, -1.918
30.53, -0.3265, -1.892
30.54, -0.3270, -1.904
30.55, -0.3275, -1.903
30.56, -0.3280, -1.900
30.57, -0.3285, -1.950
30.58, -0.3290, -1.947
30.59, -0.3295, -1.970
30.60, -0.3300, -1.967
30.61, -0.3305, -1.971
30.62, -0.3310, -1.972
30.63, -0.3315, -1.993
30.64, -0.3320, -1.941
30.65, -0.3325, -1.960
30.66, -0.3330, -1.972
30.67, -0.3335, -1.956
30.68, -0.3340, -1.929
30.69, -0.3345, -1.931
30.70, -0.3350, -1.937
30.71, -0.3355, -1.930
30.72, -0.3360, -1.903
30.73, -0.3365, -1.905
30.74, -0.3370, -1.885
30.75, -0.3375, -1.890
30.76, -0.3380, -1.865
30.77, -0.3385, -1.909
30.78, -0.3390, -1.891
30.79, -0.3395, -1.896
30.80, -0.3400, -1.870
30.81, -0.3405, -1.852
30.82, -0.3410, -1.870
30.83, -0.3415, -1.835
30.84, -0.3420, -1.829
30.85, -0.3425, -1.828
30.86, -0.3430, -1.838
30.87, -0.3435, -1.841
30.88, -0.3440, -1.837
30.89, -0.3445, -1.839
30.90, -0.3450, -1.811
30.91, -0.3455, -1.826
30.92, -0.3460, -1.819
30.93, -0.3465, -1.805
30.94, -0.3470, -1.803
30.95, -0.3475, -1.803
30.96, -0.3480, -1.783
30.97, -0.3485, -1.797
30.98, -0.3490, -1.815
30.99, -0.3495, -1.826
31.00, -0.3500, -1.857
31.01, -0.3505, -1.862
31.02, -0.3510, -1.887
31.03, -0.3515, -1.878
31.04, -0.3520, -1.864
31.05, -0.3525, -1.859
31.06, -0.3530, -1.874
31.07, -0.3535, -1.869
31.08, -0.3540, -1.857
31.09, -0.3545, -1.853
31.10, -0.3550, -1.846
31.11, -0.3555, -1.838
31.12, -0.3560, -1.842
31.13, -0.3565, -1.833
31.14, -0.3570, -1.820
31.15, -0.3575, -1.816
31.16, -0.3580, -1.806
31.17, -0.3585, -1.802
31.18, -0.3590, -1.819
31.19, -0.3595, -1.783
31.20, -0.3600, -1.799
31.21, -0.3605, -1.781
31.22, -0.3610, -1.775
31.23, -0.3615, -1.779
31.24, -0.3620, -1.803
31.25, -0.3625, -1.787
31.26, -0.3630, -1.750
31.27, -0.3635, -1.730
31.28, -0.3640, -1.754
31.29, -0.3645, -1.746
31.30, -0.3650, -1.745
31.31, -0.3655, -1.751
31.32, -0.3660, -1.722
31.33, -0.3665, -1.728
31.34, -0.3670, -1.723
31.35, -0.3675, -1.718
31.36, -0.3680, -1.697
31.37, -0.3685, -1.687
31.38, -0.3690, -1.711
31.39, -0.3695, -1.710
31.40, -0.3700, -1.705
31.41, -0.3705, -1.736
31.42, -0.3710, -1.735
31.43, -0.3715, -1.770
31.44, -0.3720, -1.778
31.45, -0.3725, -1.780
31.46, -0.3730, -1.789
31.47, -0.3735, -1.794
31.48, -0.3740, -1.800
31.49, -0.3745, -1.796
31.50, -0.3750, -1.804
31.51, -0.3755, -1.800
31.52, -0.3760, -1.781
31.53, -0.3765, -1.745
31.54, -0.3770, -1.761
31.55, -0.3775, -1.727
31.56, -0.3780, -1.747
31.57, -0.3785, -1.735
31.58, -0.3790, -1.719
31.59, -0.3795, -1.730
31.60, -0.3800, -1.707
31.61, -0.3805, -1.715
31.62, -0.3810, -1.718
31.63, -0.3815, -1.715
31.64, -0.3820, -1.695
31.65, -0.3825, -1.687
31.66, -0.3830, -1.673
31.67, -0.3835, -1.673
31.68, -0.3840, -1.682
31.69, -0.3845, -1.690
31.70, -0.3850, -1.687
31.71, -0.3855, -1.655
31.72, -0.3860, -1.667
31.73, -0.3865, -1.646
31.74, -0.3870, -1.631
31.75, -0.3875, -1.652
31.76, -0.3880, -1.617
31.77, -0.3885, -1.629
31.78, -0.3890, -1.639
31.79, -0.3895, -1.642
31.80, -0.3900, -1.632
31.81, -0.3905, -1.607
31.82, -0.3910, -1.625
31.83, -0.3915, -1.634
31.84, -0.3920, -1.675
31.85, -0.3925, -1.704
31.86, -0.3930, -1.692
31.87, -0.3935, -1.703
31.88, -0.3940, -1.699
31.89, -0.3945, -1.716
31.90, -0.3950, -1.707
31.91, -0.3955, -1.707
31.92, -0.3960, -1.718
31.93, -0.3965, -1.687
31.94, -0.3970, -1.694
31.95, -0.3975, -1.709
31.96, -0.3980, -1.699
31.97, -0.3985, -1.644
31.98, -0.3990, -1.637
31.99, -0.3995, -1.672
32.00, -0.4000, -1.643
