0.01000, -0.3995, -93.50
0.02000, -0.3990, -84.16
0.03000, -0.3985, -77.02
0.04000, -0.3980, -71.17
0.05000, -0.3975, -66.14
0.06000, -0.3970, -61.78
0.07000, -0.3965, -57.90
0.08000, -0.3960, -54.47
0.09000, -0.3955, -51.39
0.1000, -0.3950, -48.61
0.1100, -0.3945, -46.10
0.1200, -0.3940, -43.77
0.1300, -0.3935, -41.68
0.1400, -0.3930, -39.71
0.1500, -0.3925, -37.96
0.1600, -0.3920, -36.31
0.1700, -0.3915, -34.77
0.1800, -0.3910, -33.35
0.1900, -0.3905, -32.02
0.2000, -0.3900, -30.77
0.2100, -0.3895, -29.65
0.2200, -0.3890, -28.55
0.2300, -0.3885, -27.53
0.2400, -0.3880, -26.59
0.2500, -0.3875, -25.65
0.2600, -0.3870, -24.78
0.2700, -0.3865, -23.99
0.2800, -0.3860, -23.22
0.2900, -0.3855, -22.50
0.3000, -0.3850, -21.81
0.3100, -0.3845, -21.15
0.3200, -0.3840, -20.54
0.3300, -0.3835, -19.95
0.3400, -0.3830, -19.40
0.3500, -0.3825, -18.87
0.3600, -0.3820, -18.35
0.3700, -0.3815, -17.89
0.3800, -0.3810, -17.44
0.3900, -0.3805, -16.97
0.4000, -0.3800, -16.55
0.4100, -0.3795, -16.14
0.4200, -0.3790, -15.75
0.4300, -0.3785, -15.38
0.4400, -0.3780, -15.03
0.4500, -0.3775, -14.68
0.4600, -0.3770, -14.34
0.4700, -0.3765, -14.00
0.4800, -0.3760, -13.70
0.4900, -0.3755, -13.41
0.5000, -0.3750, -13.12
0.5100, -0.3745, -12.87
0.5200, -0.3740, -12.58
0.5300, -0.3735, -12.31
0.5400, -0.3730, -12.07
0.5500, -0.3725, -11.83
0.5600, -0.3720, -11.59
0.5700, -0.3715, -11.38
0.5800, -0.3710, -11.15
0.5900, -0.3705, -10.95
0.6000, -0.3700, -10.71
0.6100, -0.3695, -10.52
0.6200, -0.3690, -10.34
0.6300, -0.3685, -10.16
0.6400, -0.3680, -9.956
0.6500, -0.3675, -9.760
0.6600, -0.3670, -9.577
0.6700, -0.3665, -9.389
0.6800, -0.3660, -9.229
0.6900, -0.3655, -9.051
0.7000, -0.3650, -8.874
0.7100, -0.3645, -8.731
0.7200, -0.3640, -8.586
0.7300, -0.3635, -8.422
0.7400, -0.3630, -8.277
0.7500, -0.3625, -8.140
0.7600, -0.3620, -8.003
0.7700, -0.3615, -7.886
0.7800, -0.3610, -7.726
0.7900, -0.3605, -7.612
0.8000, -0.3600, -7.471
0.8100, -0.3595, -7.368
0.8200, -0.3590, -7.258
0.8300, -0.3585, -7.151
0.8400, -0.3580, -7.034
0.8500, -0.3575, -6.932
0.8600, -0.3570, -6.823
0.8700, -0.3565, -6.709
0.8800, -0.3560, -6.604
0.8900, -0.3555, -6.524
0.9000, -0.3550, -6.422
0.9100, -0.3545, -6.315
0.9200, -0.3540, -6.221
0.9300, -0.3535, -6.133
0.9400, -0.3530, -6.033
0.9500, -0.3525, -5.962
0.9600, -0.3520, -5.884
0.9700, -0.3515, -5.763
0.9800, -0.3510, -5.676
0.9900, -0.3505, -5.617
1.000, -0.3500, -5.526
1.010, -0.3495, -5.454
1.020, -0.3490, -5.388
1.030, -0.3485, -5.289
1.040, -0.3480, -5.230
1.050, -0.3475, -5.155
1.060, -0.3470, -5.076
1.070, -0.3465, -4.993
1.080, -0.3460, -4.933
1.090, -0.3455, -4.845
1.100, -0.3450, -4.757
1.110, -0.3445, -4.670
1.120, -0.3440, -4.597
1.130, -0.3435, -4.533
1.140, -0.3430, -4.450
1.150, -0.3425, -4.398
1.160, -0.3420, -4.322
1.170, -0.3415, -4.260
1.180, -0.3410, -4.179
1.190, -0.3405, -4.104
1.200, -0.3400, -4.069
1.210, -0.3395, -3.991
1.220, -0.3390, -3.953
1.230, -0.3385, -3.890
1.240, -0.3380, -3.824
1.250, -0.3375, -3.782
1.260, -0.3370, -3.724
1.270, -0.3365, -3.663
1.280, -0.3360, -3.604
1.290, -0.3355, -3.585
1.300, -0.3350, -3.522
1.310, -0.3345, -3.454
1.320, -0.3340, -3.423
1.330, -0.3335, -3.364
1.340, -0.3330, -3.333
1.350, -0.3325, -3.283
1.360, -0.3320, -3.216
1.370, -0.3315, -3.166
1.380, -0.3310, -3.122
1.390, -0.3305, -3.096
1.400, -0.3300, -3.052
1.410, -0.3295, -3.028
1.420, -0.3290, -2.982
1.430, -0.3285, -2.936
1.440, -0.3280, -2.880
1.450, -0.3275, -2.849
1.460, -0.3270, -2.798
1.470, -0.3265, -2.776
1.480, -0.3260, -2.735
1.490, -0.3255, -2.699
1.500, -0.3250, -2.629
1.510, -0.3245, -2.580
1.520, -0.3240, -2.520
1.530, -0.3235, -2.466
1.540, -0.3230, -2.433
1.550, -0.3225, -2.390
1.560, -0.3220, -2.347
1.570, -0.3215, -2.296
1.580, -0.3210, -2.243
1.590, -0.3205, -2.202
1.600, -0.3200, -2.187
1.610, -0.3195, -2.159
1.620, -0.3190, -2.112
1.630, -0.3185, -2.068
1.640, -0.3180, -2.053
1.650, -0.3175, -2.017
1.660, -0.3170, -1.983
1.670, -0.3165, -1.959
1.680, -0.3160, -1.929
1.690, -0.3155, -1.885
1.700, -0.3150, -1.847
1.710, -0.3145, -1.833
1.720, -0.3140, -1.809
1.730, -0.3135, -1.793
1.740, -0.3130, -1.736
1.750, -0.3125, -1.697
1.760, -0.3120, -1.705
1.770, -0.3115, -1.654
1.780, -0.3110, -1.640
1.790, -0.3105, -1.614
1.800, -0.3100, -1.577
1.810, -0.3095, -1.550
1.820, -0.3090, -1.535
1.830, -0.3085, -1.494
1.840, -0.3080, -1.515
1.850, -0.3075, -1.489
1.860, -0.3070, -1.438
1.870, -0.3065, -1.398
1.880, -0.3060, -1.397
1.890, -0.3055, -1.349
1.900, -0.3050, -1.337
1.910, -0.3045, -1.315
1.920, -0.3040, -1.266
1.930, -0.3035, -1.212
1.940, -0.3030, -1.184
1.950, -0.3025, -1.134
1.960, -0.3020, -1.133
1.970, -0.3015, -1.119
1.980, -0.3010, -1.066
1.990, -0.3005, -1.032
2.000, -0.3000, -1.010
2.010, -0.2995, -0.9773
2.020, -0.2990, -0.9734
2.030, -0.2985, -0.9371
2.040, -0.2980, -0.9176
2.050, -0.2975, -0.8936
2.060, -0.2970, -0.8706
2.070, -0.2965, -0.8421
2.080, -0.2960, -0.8592
2.090, -0.2955, -0.8260
2.100, -0.2950, -0.8207
2.110, -0.2945, -0.7840
2.120, -0.2940, -0.7571
2.130, -0.2935, -0.7268
2.140, -0.2930, -0.7149
2.150, -0.2925, -0.6960
2.160, -0.2920, -0.6694
2.170, -0.2915, -0.6508
2.180, -0.2910, -0.6508
2.190, -0.2905, -0.6377
2.200, -0.2900, -0.6020
2.210, -0.2895, -0.5898
2.220, -0.2890, -0.5863
2.230, -0.2885, -0.5757
2.240, -0.2880, -0.5577
2.250, -0.2875, -0.5292
2.260, -0.2870, -0.5165
2.270, -0.2865, -0.5083
2.280, -0.2860, -0.4837
2.290, -0.2855, -0.4645
2.300, -0.2850, -0.4443
2.310, -0.2845, -0.4772
2.320, -0.2840, -0.4273
2.330, -0.2835, -0.3961
2.340, -0.2830, -0.3761
2.350, -0.2825, -0.3562
2.360, -0.2820, -0.3036
2.370, -0.2815, -0.2941
2.380, -0.2810, -0.2583
2.390, -0.2805, -0.2248
2.400, -0.2800, -0.1936
2.410, -0.2795, -0.1887
2.420, -0.2790, -0.1710
2.430, -0.2785, -0.1641
2.440, -0.2780, -0.1149
2.450, -0.2775, -0.1133
2.460, -0.2770, -0.07570
2.470, -0.2765, -0.06745
2.480, -0.2760, -0.07833
2.490, -0.2755, -0.05336
2.500, -0.2750, -0.05622
2.510, -0.2745, -0.02769
2.520, -0.2740, -0.0005450
2.530, -0.2735, 0.0001600
2.540, -0.2730, 0.004963
2.550, -0.2725, 0.007680
2.560, -0.2720, 0.01766
2.570, -0.2715, 0.06037
2.580, -0.2710, 0.06950
2.590, -0.2705, 0.06040
2.600, -0.2700, 0.1079
2.610, -0.2695, 0.08766
2.620, -0.2690, 0.08871
2.630, -0.2685, 0.1062
2.640, -0.2680, 0.1160
2.650, -0.2675, 0.1548
2.660, -0.2670, 0.1588
2.670, -0.2665, 0.1482
2.680, -0.2660, 0.1674
2.690, -0.2655, 0.1565
2.700, -0.2650, 0.1749
2.710, -0.2645, 0.1808
2.720, -0.2640, 0.1966
2.730, -0.2635, 0.2353
2.740, -0.2630, 0.2436
2.750, -0.2625, 0.2432
2.760, -0.2620, 0.2620
2.770, -0.2615, 0.2831
2.780, -0.2610, 0.3266
2.790, -0.2605, 0.3410
2.800, -0.2600, 0.3915
2.810, -0.2595, 0.4075
2.820, -0.2590, 0.4095
2.830, -0.2585, 0.4264
2.840, -0.2580, 0.4391
2.850, -0.2575, 0.4716
2.860, -0.2570, 0.4635
2.870, -0.2565, 0.4854
2.880, -0.2560, 0.4561
2.890, -0.2555, 0.4621
2.900, -0.2550, 0.5045
2.910, -0.2545, 0.5473
2.920, -0.2540, 0.5367
2.930, -0.2535, 0.5258
2.940, -0.2530, 0.5452
2.950, -0.2525, 0.5446
2.960, -0.2520, 0.5456
2.970, -0.2515, 0.5435
2.980, -0.2510, 0.5829
2.990, -0.2505, 0.5944
3.000, -0.2500, 0.6056
3.010, -0.2495, 0.6103
3.020, -0.2490, 0.5860
3.030, -0.2485, 0.6427
3.040, -0.2480, 0.6537
3.050, -0.2475, 0.6426
3.060, -0.2470, 0.6571
3.070, -0.2465, 0.6453
3.080, -0.2460, 0.6710
3.090, -0.2455, 0.6861
3.100, -0.2450, 0.6577
3.110, -0.2445, 0.6758
3.120, -0.2440, 0.6735
3.130, -0.2435, 0.6825
3.140, -0.2430, 0.6887
3.150, -0.2425, 0.7045
3.160, -0.2420, 0.7022
3.170, -0.2415, 0.7213
3.180, -0.2410, 0.7658
3.190, -0.2405, 0.7602
3.200, -0.2400, 0.7798
3.210, -0.2395, 0.8032
3.220, -0.2390, 0.8336
3.230, -0.2385, 0.8677
3.240, -0.2380, 0.8748
3.250, -0.2375, 0.8840
3.260, -0.2370, 0.8913
3.270, -0.2365, 0.9369
3.280, -0.2360, 0.9355
3.290, -0.2355, 0.9330
3.300, -0.2350, 0.9511
3.310, -0.2345, 0.9716
3.320, -0.2340, 0.9570
3.330, -0.2335, 0.9391
3.340, -0.2330, 0.9638
3.350, -0.2325, 0.9836
3.360, -0.2320, 1.006
3.370, -0.2315, 0.9945
3.380, -0.2310, 1.007
3.390, -0.2305, 1.007
3.400, -0.2300, 0.9931
3.410, -0.2295, 0.9985
3.420, -0.2290, 1.010
3.430, -0.2285, 1.026
3.440, -0.2280, 1.023
3.450, -0.2275, 1.062
3.460, -0.2270, 1.044
3.470, -0.2265, 1.052
3.480, -0.2260, 1.049
3.490, -0.2255, 1.061
3.500, -0.2250, 1.081
3.510, -0.2245, 1.079
3.520, -0.2240, 1.083
3.530, -0.2235, 1.087
3.540, -0.2230, 1.086
3.550, -0.2225, 1.087
3.560, -0.2220, 1.074
3.570, -0.2215, 1.099
3.580, -0.2210, 1.093
3.590, -0.2205, 1.105
3.600, -0.2200, 1.106
3.610, -0.2195, 1.122
3.620, -0.2190, 1.141
3.630, -0.2185, 1.179
3.640, -0.2180, 1.226
3.650, -0.2175, 1.212
3.660, -0.2170, 1.244
3.670, -0.2165, 1.256
3.680, -0.2160, 1.276
3.690, -0.2155, 1.276
3.700, -0.2150, 1.326
3.710, -0.2145, 1.328
3.720, -0.2140, 1.318
3.730, -0.2135, 1.293
3.740, -0.2130, 1.311
3.750, -0.2125, 1.317
3.760, -0.2120, 1.332
3.770, -0.2115, 1.335
3.780, -0.2110, 1.326
3.790, -0.2105, 1.337
3.800, -0.2100, 1.349
3.810, -0.2095, 1.353
3.820, -0.2090, 1.366
3.830, -0.2085, 1.381
3.840, -0.2080, 1.392
3.850, -0.2075, 1.365
3.860, -0.2070, 1.386
3.870, -0.2065, 1.379
3.880, -0.2060, 1.379
3.890, -0.2055, 1.404
3.900, -0.2050, 1.423
3.910, -0.2045, 1.432
3.920, -0.2040, 1.416
3.930, -0.2035, 1.400
3.940, -0.2030, 1.405
3.950, -0.2025, 1.409
3.960, -0.2020, 1.426
3.970, -0.2015, 1.414
3.980, -0.2010, 1.419
3.990, -0.2005, 1.426
4.000, -0.2000, 1.435
4.010, -0.1995, 1.430
4.020, -0.1990, 1.443
4.030, -0.1985, 1.469
4.040, -0.1980, 1.494
4.050, -0.1975, 1.496
4.060, -0.1970, 1.514
4.070, -0.1965, 1.530
4.080, -0.1960, 1.540
4.090, -0.1955, 1.553
4.100, -0.1950, 1.571
4.110, -0.1945, 1.592
4.120, -0.1940, 1.604
4.130, -0.1935, 1.598
4.140, -0.1930, 1.601
4.150, -0.1925, 1.620
4.160, -0.1920, 1.609
4.170, -0.1915, 1.600
4.180, -0.1910, 1.612
4.190, -0.1905, 1.605
4.200, -0.1900, 1.620
4.210, -0.1895, 1.625
4.220, -0.1890, 1.644
4.230, -0.1885, 1.652
4.240, -0.1880, 1.645
4.250, -0.1875, 1.650
4.260, -0.1870, 1.634
4.270, -0.1865, 1.640
4.280, -0.1860, 1.654
4.290, -0.1855, 1.642
4.300, -0.1850, 1.645
4.310, -0.1845, 1.660
4.320, -0.1840, 1.655
4.330, -0.1835, 1.682
4.340, -0.1830, 1.688
4.350, -0.1825, 1.662
4.360, -0.1820, 1.683
4.370, -0.1815, 1.702
4.380, -0.1810, 1.691
4.390, -0.1805, 1.672
4.400, -0.1800, 1.699
4.410, -0.1795, 1.696
4.420, -0.1790, 1.682
4.430, -0.1785, 1.696
4.440, -0.1780, 1.707
4.450, -0.1775, 1.719
4.460, -0.1770, 1.737
4.470, -0.1765, 1.739
4.480, -0.1760, 1.766
4.490, -0.1755, 1.790
4.500, -0.1750, 1.827
4.510, -0.1745, 1.832
4.520, -0.1740, 1.818
4.530, -0.1735, 1.817
4.540, -0.1730, 1.849
4.550, -0.1725, 1.856
4.560, -0.1720, 1.844
4.570, -0.1715, 1.823
4.580, -0.1710, 1.846
4.590, -0.1705, 1.863
4.600, -0.1700, 1.858
4.610, -0.1695, 1.865
4.620, -0.1690, 1.857
4.630, -0.1685, 1.886
4.640, -0.1680, 1.856
4.650, -0.1675, 1.854
4.660, -0.1670, 1.864
4.670, -0.1665, 1.863
4.680, -0.1660, 1.860
4.690, -0.1655, 1.876
4.700, -0.1650, 1.870
4.710, -0.1645, 1.872
4.720, -0.1640, 1.884
4.730, -0.1635, 1.883
4.740, -0.1630, 1.870
4.750, -0.1625, 1.883
4.760, -0.1620, 1.910
4.770, -0.1615, 1.902
4.780, -0.1610, 1.896
4.790, -0.1605, 1.876
4.800, -0.1600, 1.872
4.810, -0.1595, 1.902
4.820, -0.1590, 1.865
4.830, -0.1585, 1.870
4.840, -0.1580, 1.876
4.850, -0.1575, 1.873
4.860, -0.1570, 1.898
4.870, -0.1565, 1.916
4.880, -0.1560, 1.928
4.890, -0.1555, 1.940
4.900, -0.1550, 1.956
4.910, -0.1545, 1.969
4.920, -0.1540, 1.993
4.930, -0.1535, 1.995
4.940, -0.1530, 2.017
4.950, -0.1525, 2.036
4.960, -0.1520, 2.023
4.970, -0.1515, 2.053
4.980, -0.1510, 2.014
4.990, -0.1505, 2.022
5.000, -0.1500, 2.040
5.010, -0.1495, 2.048
5.020, -0.1490, 2.052
5.030, -0.1485, 2.031
5.040, -0.1480, 2.039
5.050, -0.1475, 2.055
5.060, -0.1470, 2.051
5.070, -0.1465, 2.064
5.080, -0.1460, 2.064
5.090, -0.1455, 2.051
5.100, -0.1450, 2.060
5.110, -0.1445, 2.053
5.120, -0.1440, 2.049
5.130, -0.1435, 2.023
5.140, -0.1430, 2.063
5.150, -0.1425, 2.041
5.160, -0.1420, 2.049
5.170, -0.1415, 2.080
5.180, -0.1410, 2.053
5.190, -0.1405, 2.049
5.200, -0.1400, 2.052
5.210, -0.1395, 2.042
5.220, -0.1390, 2.065
5.230, -0.1385, 2.053
5.240, -0.1380, 2.052
5.250, -0.1375, 2.052
5.260, -0.1370, 2.046
5.270, -0.1365, 2.039
5.280, -0.1360, 2.063
5.290, -0.1355, 2.071
5.300, -0.1350, 2.107
5.310, -0.1345, 2.098
5.320, -0.1340, 2.098
5.330, -0.1335, 2.134
5.340, -0.1330, 2.137
5.350, -0.1325, 2.179
5.360, -0.1320, 2.161
5.370, -0.1315, 2.168
5.380, -0.1310, 2.178
5.390, -0.1305, 2.189
5.400, -0.1300, 2.206
5.410, -0.1295, 2.172
5.420, -0.1290, 2.206
5.430, -0.1285, 2.193
5.440, -0.1280, 2.183
5.450, -0.1275, 2.186
5.460, -0.1270, 2.155
5.470, -0.1265, 2.165
5.480, -0.1260, 2.172
5.490, -0.1255, 2.163
5.500, -0.1250, 2.172
5.510, -0.1245, 2.185
5.520, -0.1240, 2.196
5.530, -0.1235, 2.180
5.540, -0.1230, 2.188
5.550, -0.1225, 2.199
5.560, -0.1220, 2.202
5.570, -0.1215, 2.175
5.580, -0.1210, 2.170
5.590, -0.1205, 2.184
5.600, -0.1200, 2.177
5.610, -0.1195, 2.194
5.620, -0.1190, 2.178
5.630, -0.1185, 2.175
5.640, -0.1180, 2.174
5.650, -0.1175, 2.180
5.660, -0.1170, 2.178
5.670, -0.1165, 2.182
5.680, -0.1160, 2.168
5.690, -0.1155, 2.164
5.700, -0.1150, 2.176
5.710, -0.1145, 2.158
5.720, -0.1140, 2.191
5.730, -0.1135, 2.214
5.740, -0.1130, 2.224
5.750, -0.1125, 2.236
5.760, -0.1120, 2.252
5.770, -0.1115, 2.250
5.780, -0.1110, 2.243
5.790, -0.1105, 2.290
5.800, -0.1100, 2.270
5.810, -0.1095, 2.284
5.820, -0.1090, 2.285
5.830, -0.1085, 2.278
5.840, -0.1080, 2.268
5.850, -0.1075, 2.281
5.860, -0.1070, 2.286
5.870, -0.1065, 2.268
5.880, -0.1060, 2.282
5.890, -0.1055, 2.267
5.900, -0.1050, 2.272
5.910, -0.1045, 2.273
5.920, -0.1040, 2.273
5.930, -0.1035, 2.285
5.940, -0.1030, 2.288
5.950, -0.1025, 2.305
5.960, -0.1020, 2.265
5.970, -0.1015, 2.279
5.980, -0.1010, 2.250
5.990, -0.1005, 2.286
6.000, -0.1000, 2.280
6.010, -0.09950, 2.289
6.020, -0.09900, 2.264
6.030, -0.09850, 2.262
6.040, -0.09800, 2.252
6.050, -0.09750, 2.283
6.060, -0.09700, 2.267
6.070, -0.09650, 2.269
6.080, -0.09600, 2.260
6.090, -0.09550, 2.248
6.100, -0.09500, 2.264
6.110, -0.09450, 2.254
6.120, -0.09400, 2.272
6.130, -0.09350, 2.282
6.140, -0.09300, 2.291
6.150, -0.09250, 2.301
6.160, -0.09200, 2.318
6.170, -0.09150, 2.336
6.180, -0.09100, 2.310
6.190, -0.09050, 2.339
6.200, -0.09000, 2.358
6.210, -0.08950, 2.358
6.220, -0.08900, 2.378
6.230, -0.08850, 2.374
6.240, -0.08800, 2.367
6.250, -0.08750, 2.383
6.260, -0.08700, 2.388
6.270, -0.08650, 2.365
6.280, -0.08600, 2.363
6.290, -0.08550, 2.356
6.300, -0.08500, 2.367
6.310, -0.08450, 2.388
6.320, -0.08400, 2.352
6.330, -0.08350, 2.373
6.340, -0.08300, 2.393
6.350, -0.08250, 2.387
6.360, -0.08200, 2.385
6.370, -0.08150, 2.362
6.380, -0.08100, 2.358
6.390, -0.08050, 2.372
6.400, -0.08000, 2.366
6.410, -0.07950, 2.381
6.420, -0.07900, 2.375
6.430, -0.07850, 2.389
6.440, -0.07800, 2.362
6.450, -0.07750, 2.388
6.460, -0.07700, 2.364
6.470, -0.07650, 2.380
6.480, -0.07600, 2.390
6.490, -0.07550, 2.350
6.500, -0.07500, 2.370
6.510, -0.07450, 2.373
6.520, -0.07400, 2.381
6.530, -0.07350, 2.364
6.540, -0.07300, 2.375
6.550, -0.07250, 2.376
6.560, -0.07200, 2.389
6.570, -0.07150, 2.411
6.580, -0.07100, 2.414
6.590, -0.07050, 2.450
6.600, -0.07000, 2.448
6.610, -0.06950, 2.493
6.620, -0.06900, 2.487
6.630, -0.06850, 2.483
6.640, -0.06800, 2.492
6.650, -0.06750, 2.490
6.660, -0.06700, 2.488
6.670, -0.06650, 2.515
6.680, -0.06600, 2.495
6.690, -0.06550, 2.477
6.700, -0.06500, 2.496
6.710, -0.06450, 2.502
6.720, -0.06400, 2.503
6.730, -0.06350, 2.484
6.740, -0.06300, 2.508
6.750, -0.06250, 2.505
6.760, -0.06200, 2.487
6.770, -0.06150, 2.494
6.780, -0.06100, 2.511
6.790, -0.06050, 2.500
6.800, -0.06000, 2.510
6.810, -0.05950, 2.509
6.820, -0.05900, 2.519
6.830, -0.05850, 2.542
6.840, -0.05800, 2.508
6.850, -0.05750, 2.533
6.860, -0.05700, 2.529
6.870, -0.05650, 2.554
6.880, -0.05600, 2.553
6.890, -0.05550, 2.512
6.900, -0.05500, 2.503
6.910, -0.05450, 2.513
6.920, -0.05400, 2.552
6.930, -0.05350, 2.537
6.940, -0.05300, 2.555
6.950, -0.05250, 2.538
6.960, -0.05200, 2.561
6.970, -0.05150, 2.553
6.980, -0.05100, 2.566
6.990, -0.05050, 2.624
7.000, -0.05000, 2.628
7.010, -0.04950, 2.646
7.020, -0.04900, 2.661
7.030, -0.04850, 2.665
7.040, -0.04800, 2.677
7.050, -0.04750, 2.710
7.060, -0.04700, 2.712
7.070, -0.04650, 2.715
7.080, -0.04600, 2.699
7.090, -0.04550, 2.692
7.100, -0.04500, 2.722
7.110, -0.04450, 2.735
7.120, -0.04400, 2.736
7.130, -0.04350, 2.739
7.140, -0.04300, 2.729
7.150, -0.04250, 2.730
7.160, -0.04200, 2.759
7.170, -0.04150, 2.749
7.180, -0.04100, 2.759
7.190, -0.04050, 2.761
7.200, -0.04000, 2.751
7.210, -0.03950, 2.773
7.220, -0.03900, 2.751
7.230, -0.03850, 2.773
7.240, -0.03800, 2.776
7.250, -0.03750, 2.778
7.260, -0.03700, 2.820
7.270, -0.03650, 2.816
7.280, -0.03600, 2.815
7.290, -0.03550, 2.799
7.300, -0.03500, 2.836
7.310, -0.03450, 2.830
7.320, -0.03400, 2.817
7.330, -0.03350, 2.854
7.340, -0.03300, 2.841
7.350, -0.03250, 2.839
7.360, -0.03200, 2.849
7.370, -0.03150, 2.840
7.380, -0.03100, 2.872
7.390, -0.03050, 2.877
7.400, -0.03000, 2.911
7.410, -0.02950, 2.953
7.420, -0.02900, 2.934
7.430, -0.02850, 2.985
7.440, -0.02800, 2.992
7.450, -0.02750, 3.015
7.460, -0.02700, 3.010
7.470, -0.02650, 3.032
7.480, -0.02600, 3.059
7.490, -0.02550, 3.072
7.500, -0.02500, 3.099
7.510, -0.02450, 3.093
7.520, -0.02400, 3.103
7.530, -0.02350, 3.119
7.540, -0.02300, 3.107
7.550, -0.02250, 3.120
7.560, -0.02200, 3.126
7.570, -0.02150, 3.141
7.580, -0.02100, 3.162
7.590, -0.02050, 3.184
7.600, -0.02000, 3.179
7.610, -0.01950, 3.174
7.620, -0.01900, 3.207
7.630, -0.01850, 3.195
7.640, -0.01800, 3.216
7.650, -0.01750, 3.230
7.660, -0.01700, 3.253
7.670, -0.01650, 3.270
7.680, -0.01600, 3.268
7.690, -0.01550, 3.294
7.700, -0.01500, 3.288
7.710, -0.01450, 3.305
7.720, -0.01400, 3.316
7.730, -0.01350, 3.339
7.740, -0.01300, 3.350
7.750, -0.01250, 3.350
7.760, -0.01200, 3.372
7.770, -0.01150, 3.393
7.780, -0.01100, 3.411
7.790, -0.01050, 3.384
7.800, -0.01000, 3.405
7.810, -0.009500, 3.420
7.820, -0.009000, 3.445
7.830, -0.008500, 3.492
7.840, -0.008000, 3.535
7.850, -0.007500, 3.557
7.860, -0.007000, 3.578
7.870, -0.006500, 3.609
7.880, -0.006000, 3.611
7.890, -0.005500, 3.637
7.900, -0.005000, 3.687
7.910, -0.004500, 3.672
7.920, -0.004000, 3.746
7.930, -0.003500, 3.750
7.940, -0.003000, 3.756
7.950, -0.002500, 3.743
7.960, -0.002000, 3.754
7.970, -0.001500, 3.791
7.980, -0.001000, 3.824
7.990, -0.0005000, 3.859
8.000, 0.000, 3.866
8.010, 0.0005000, 3.890
8.020, 0.001000, 3.908
8.030, 0.001500, 3.911
8.040, 0.002000, 3.949
8.050, 0.002500, 3.960
8.060, 0.003000, 3.984
8.070, 0.003500, 4.009
8.080, 0.004000, 4.024
8.090, 0.004500, 4.052
8.100, 0.005000, 4.055
8.110, 0.005500, 4.093
8.120, 0.006000, 4.136
8.130, 0.006500, 4.110
8.140, 0.007000, 4.137
8.150, 0.007500, 4.163
8.160, 0.008000, 4.180
8.170, 0.008500, 4.216
8.180, 0.009000, 4.251
8.190, 0.009500, 4.255
8.200, 0.01000, 4.285
8.210, 0.01050, 4.333
8.220, 0.01100, 4.337
8.230, 0.01150, 4.372
8.240, 0.01200, 4.405
8.250, 0.01250, 4.473
8.260, 0.01300, 4.504
8.270, 0.01350, 4.552
8.280, 0.01400, 4.565
8.290, 0.01450, 4.603
8.300, 0.01500, 4.635
8.310, 0.01550, 4.662
8.320, 0.01600, 4.710
8.330, 0.01650, 4.757
8.340, 0.01700, 4.767
8.350, 0.01750, 4.795
8.360, 0.01800, 4.813
8.370, 0.01850, 4.849
8.380, 0.01900, 4.879
8.390, 0.01950, 4.931
8.400, 0.02000, 4.944
8.410, 0.02050, 4.962
8.420, 0.02100, 4.972
8.430, 0.02150, 5.022
8.440, 0.02200, 5.076
8.450, 0.02250, 5.094
8.460, 0.02300, 5.122
8.470, 0.02350, 5.119
8.480, 0.02400, 5.157
8.490, 0.02450, 5.197
8.500, 0.02500, 5.218
8.510, 0.02550, 5.240
8.520, 0.02600, 5.291
8.530, 0.02650, 5.319
8.540, 0.02700, 5.338
8.550, 0.02750, 5.396
8.560, 0.02800, 5.410
8.570, 0.02850, 5.447
8.580, 0.02900, 5.505
8.590, 0.02950, 5.526
8.600, 0.03000, 5.540
8.610, 0.03050, 5.590
8.620, 0.03100, 5.630
8.630, 0.03150, 5.666
8.640, 0.03200, 5.701
8.650, 0.03250, 5.769
8.660, 0.03300, 5.798
8.670, 0.03350, 5.841
8.680, 0.03400, 5.875
8.690, 0.03450, 5.928
8.700, 0.03500, 6.008
8.710, 0.03550, 6.044
8.720, 0.03600, 6.096
8.730, 0.03650, 6.117
8.740, 0.03700, 6.150
8.750, 0.03750, 6.196
8.760, 0.03800, 6.252
8.770, 0.03850, 6.299
8.780, 0.03900, 6.330
8.790, 0.03950, 6.362
8.800, 0.04000, 6.406
8.810, 0.04050, 6.410
8.820, 0.04100, 6.474
8.830, 0.04150, 6.512
8.840, 0.04200, 6.580
8.850, 0.04250, 6.583
8.860, 0.04300, 6.644
8.870, 0.04350, 6.643
8.880, 0.04400, 6.711
8.890, 0.04450, 6.754
8.900, 0.04500, 6.788
8.910, 0.04550, 6.843
8.920, 0.04600, 6.887
8.930, 0.04650, 6.906
8.940, 0.04700, 6.957
8.950, 0.04750, 7.016
8.960, 0.04800, 7.039
8.970, 0.04850, 7.087
8.980, 0.04900, 7.126
8.990, 0.04950, 7.167
9.000, 0.05000, 7.208
9.010, 0.05050, 7.213
9.020, 0.05100, 7.273
9.030, 0.05150, 7.324
9.040, 0.05200, 7.369
9.050, 0.05250, 7.436
9.060, 0.05300, 7.456
9.070, 0.05350, 7.513
9.080, 0.05400, 7.551
9.090, 0.05450, 7.604
9.100, 0.05500, 7.693
9.110, 0.05550, 7.751
9.120, 0.05600, 7.808
9.130, 0.05650, 7.858
9.140, 0.05700, 7.919
9.150, 0.05750, 7.983
9.160, 0.05800, 8.008
9.170, 0.05850, 8.084
9.180, 0.05900, 8.104
9.190, 0.05950, 8.156
9.200, 0.06000, 8.187
9.210, 0.06050, 8.224
9.220, 0.06100, 8.295
9.230, 0.06150, 8.329
9.240, 0.06200, 8.371
9.250, 0.06250, 8.415
9.260, 0.06300, 8.484
9.270, 0.06350, 8.526
9.280, 0.06400, 8.562
9.290, 0.06450, 8.609
9.300, 0.06500, 8.672
9.310, 0.06550, 8.720
9.320, 0.06600, 8.750
9.330, 0.06650, 8.793
9.340, 0.06700, 8.839
9.350, 0.06750, 8.916
9.360, 0.06800, 8.946
9.370, 0.06850, 8.981
9.380, 0.06900, 9.031
9.390, 0.06950, 9.110
9.400, 0.07000, 9.106
9.410, 0.07050, 9.154
9.420, 0.07100, 9.190
9.430, 0.07150, 9.247
9.440, 0.07200, 9.299
9.450, 0.07250, 9.393
9.460, 0.07300, 9.404
9.470, 0.07350, 9.458
9.480, 0.07400, 9.504
9.490, 0.07450, 9.561
9.500, 0.07500, 9.647
9.510, 0.07550, 9.694
9.520, 0.07600, 9.744
9.530, 0.07650, 9.798
9.540, 0.07700, 9.871
9.550, 0.07750, 9.940
9.560, 0.07800, 9.986
9.570, 0.07850, 10.04
9.580, 0.07900, 10.08
9.590, 0.07950, 10.13
9.600, 0.08000, 10.18
9.610, 0.08050, 10.21
9.620, 0.08100, 10.28
9.630, 0.08150, 10.32
9.640, 0.08200, 10.40
9.650, 0.08250, 10.42
9.660, 0.08300, 10.48
9.670, 0.08350, 10.53
9.680, 0.08400, 10.58
9.690, 0.08450, 10.60
9.700, 0.08500, 10.69
9.710, 0.08550, 10.73
9.720, 0.08600, 10.78
9.730, 0.08650, 10.82
9.740, 0.08700, 10.89
9.750, 0.08750, 10.93
9.760, 0.08800, 10.96
9.770, 0.08850, 11.01
9.780, 0.08900, 11.05
9.790, 0.08950, 11.11
9.800, 0.09000, 11.15
9.810, 0.09050, 11.19
9.820, 0.09100, 11.27
9.830, 0.09150, 11.32
9.840, 0.09200, 11.36
9.850, 0.09250, 11.41
9.860, 0.09300, 11.47
9.870, 0.09350, 11.52
9.880, 0.09400, 11.55
9.890, 0.09450, 11.60
9.900, 0.09500, 11.63
9.910, 0.09550, 11.71
9.920, 0.09600, 11.76
9.930, 0.09650, 11.81
9.940, 0.09700, 11.91
9.950, 0.09750, 11.98
9.960, 0.09800, 12.02
9.970, 0.09850, 12.09
9.980, 0.09900, 12.14
9.990, 0.09950, 12.17
10.00, 0.1000, 12.24
10.01, 0.1005, 12.30
10.02, 0.1010, 12.36
10.03, 0.1015, 12.41
10.04, 0.1020, 12.46
10.05, 0.1025, 12.50
10.06, 0.1030, 12.54
10.07, 0.1035, 12.58
10.08, 0.1040, 12.63
10.09, 0.1045, 12.70
10.10, 0.1050, 12.76
10.11, 0.1055, 12.81
10.12, 0.1060, 12.84
10.13, 0.1065, 12.89
10.14, 0.1070, 12.92
10.15, 0.1075, 13.00
10.16, 0.1080, 13.03
10.17, 0.1085, 13.07
10.18, 0.1090, 13.13
10.19, 0.1095, 13.15
10.20, 0.1100, 13.24
10.21, 0.1105, 13.30
10.22, 0.1110, 13.35
10.23, 0.1115, 13.38
10.24, 0.1120, 13.40
10.25, 0.1125, 13.45
10.26, 0.1130, 13.50
10.27, 0.1135, 13.52
10.28, 0.1140, 13.59
10.29, 0.1145, 13.62
10.30, 0.1150, 13.70
10.31, 0.1155, 13.76
10.32, 0.1160, 13.82
10.33, 0.1165, 13.84
10.34, 0.1170, 13.87
10.35, 0.1175, 13.98
10.36, 0.1180, 14.07
10.37, 0.1185, 14.12
10.38, 0.1190, 14.13
10.39, 0.1195, 14.18
10.40, 0.1200, 14.24
10.41, 0.1205, 14.31
10.42, 0.1210, 14.39
10.43, 0.1215, 14.45
10.44, 0.1220, 14.51
10.45, 0.1225, 14.53
10.46, 0.1230, 14.57
10.47, 0.1235, 14.61
10.48, 0.1240, 14.67
10.49, 0.1245, 14.72
10.50, 0.1250, 14.79
10.51, 0.1255, 14.82
10.52, 0.1260, 14.84
10.53, 0.1265, 14.89
10.54, 0.1270, 14.94
10.55, 0.1275, 15.01
10.56, 0.1280, 15.06
10.57, 0.1285, 15.08
10.58, 0.1290, 15.11
10.59, 0.1295, 15.17
10.60, 0.1300, 15.18
10.61, 0.1305, 15.24
10.62, 0.1310, 15.29
10.63, 0.1315, 15.34
10.64, 0.1320, 15.36
10.65, 0.1325, 15.40
10.66, 0.1330, 15.46
10.67, 0.1335, 15.49
10.68, 0.1340, 15.57
10.69, 0.1345, 15.61
10.70, 0.1350, 15.61
10.71, 0.1355, 15.66
10.72, 0.1360, 15.72
10.73, 0.1365, 15.77
10.74, 0.1370, 15.80
10.75, 0.1375, 15.85
10.76, 0.1380, 15.88
10.77, 0.1385, 15.93
10.78, 0.1390, 16.01
10.79, 0.1395, 16.05
10.80, 0.1400, 16.12
10.81, 0.1405, 16.21
10.82, 0.1410, 16.20
10.83, 0.1415, 16.26
10.84, 0.1420, 16.30
10.85, 0.1425, 16.33
10.86, 0.1430, 16.40
10.87, 0.1435, 16.45
10.88, 0.1440, 16.50
10.89, 0.1445, 16.51
10.90, 0.1450, 16.55
10.91, 0.1455, 16.60
10.92, 0.1460, 16.61
10.93, 0.1465, 16.67
10.94, 0.1470, 16.71
10.95, 0.1475, 16.74
10.96, 0.1480, 16.76
10.97, 0.1485, 16.81
10.98, 0.1490, 16.85
10.99, 0.1495, 16.85
11.00, 0.1500, 16.92
11.01, 0.1505, 16.96
11.02, 0.1510, 17.00
11.03, 0.1515, 17.07
11.04, 0.1520, 17.08
11.05, 0.1525, 17.11
11.06, 0.1530, 17.14
11.07, 0.1535, 17.18
11.08, 0.1540, 17.22
11.09, 0.1545, 17.25
11.10, 0.1550, 17.25
11.11, 0.1555, 17.31
11.12, 0.1560, 17.33
11.13, 0.1565, 17.34
11.14, 0.1570, 17.40
11.15, 0.1575, 17.45
11.16, 0.1580, 17.50
11.17, 0.1585, 17.54
11.18, 0.1590, 17.55
11.19, 0.1595, 17.60
11.20, 0.1600, 17.64
11.21, 0.1605, 17.67
11.22, 0.1610, 17.74
11.23, 0.1615, 17.77
11.24, 0.1620, 17.81
11.25, 0.1625, 17.85
11.26, 0.1630, 17.86
11.27, 0.1635, 17.94
11.28, 0.1640, 17.96
11.29, 0.1645, 17.97
11.30, 0.1650, 18.00
11.31, 0.1655, 18.01
11.32, 0.1660, 18.04
11.33, 0.1665, 18.07
11.34, 0.1670, 18.10
11.35, 0.1675, 18.14
11.36, 0.1680, 18.17
11.37, 0.1685, 18.19
11.38, 0.1690, 18.23
11.39, 0.1695, 18.25
11.40, 0.1700, 18.26
11.41, 0.1705, 18.30
11.42, 0.1710, 18.34
11.43, 0.1715, 18.36
11.44, 0.1720, 18.36
11.45, 0.1725, 18.37
11.46, 0.1730, 18.40
11.47, 0.1735, 18.43
11.48, 0.1740, 18.45
11.49, 0.1745, 18.48
11.50, 0.1750, 18.47
11.51, 0.1755, 18.51
11.52, 0.1760, 18.51
11.53, 0.1765, 18.58
11.54, 0.1770, 18.56
11.55, 0.1775, 18.58
11.56, 0.1780, 18.62
11.57, 0.1785, 18.64
11.58, 0.1790, 18.64
11.59, 0.1795, 18.65
11.60, 0.1800, 18.72
11.61, 0.1805, 18.77
11.62, 0.1810, 18.79
11.63, 0.1815, 18.79
11.64, 0.1820, 18.83
11.65, 0.1825, 18.87
11.66, 0.1830, 18.88
11.67, 0.1835, 18.92
11.68, 0.1840, 18.92
11.69, 0.1845, 18.95
11.70, 0.1850, 18.95
11.71, 0.1855, 18.97
11.72, 0.1860, 18.97
11.73, 0.1865, 18.99
11.74, 0.1870, 19.03
11.75, 0.1875, 19.05
11.76, 0.1880, 19.03
11.77, 0.1885, 19.06
11.78, 0.1890, 19.08
11.79, 0.1895, 19.05
11.80, 0.1900, 19.10
11.81, 0.1905, 19.11
11.82, 0.1910, 19.11
11.83, 0.1915, 19.12
11.84, 0.1920, 19.14
11.85, 0.1925, 19.14
11.86, 0.1930, 19.15
11.87, 0.1935, 19.18
11.88, 0.1940, 19.16
11.89, 0.1945, 19.19
11.90, 0.1950, 19.17
11.91, 0.1955, 19.17
11.92, 0.1960, 19.16
11.93, 0.1965, 19.18
11.94, 0.1970, 19.18
11.95, 0.1975, 19.19
11.96, 0.1980, 19.19
11.97, 0.1985, 19.19
11.98, 0.1990, 19.20
11.99, 0.1995, 19.18
12.00, 0.2000, 19.20
12.01, 0.2005, 19.21
12.02, 0.2010, 19.22
12.03, 0.2015, 19.25
12.04, 0.2020, 19.26
12.05, 0.2025, 19.26
12.06, 0.2030, 19.27
12.07, 0.2035, 19.31
12.08, 0.2040, 19.30
12.09, 0.2045, 19.32
12.10, 0.2050, 19.31
12.11, 0.2055, 19.31
12.12, 0.2060, 19.32
12.13, 0.2065, 19.35
12.14, 0.2070, 19.33
12.15, 0.2075, 19.34
12.16, 0.2080, 19.33
12.17, 0.2085, 19.32
12.18, 0.2090, 19.30
12.19, 0.2095, 19.30
12.20, 0.2100, 19.27
12.21, 0.2105, 19.31
12.22, 0.2110, 19.33
12.23, 0.2115, 19.28
12.24, 0.2120, 19.28
12.25, 0.2125, 19.26
12.26, 0.2130, 19.25
12.27, 0.2135, 19.26
12.28, 0.2140, 19.26
12.29, 0.2145, 19.25
12.30, 0.2150, 19.23
12.31, 0.2155, 19.23
12.32, 0.2160, 19.20
12.33, 0.2165, 19.20
12.34, 0.2170, 19.20
12.35, 0.2175, 19.22
12.36, 0.2180, 19.18
12.37, 0.2185, 19.16
12.38, 0.2190, 19.16
12.39, 0.2195, 19.14
12.40, 0.2200, 19.12
12.41, 0.2205, 19.15
12.42, 0.2210, 19.13
12.43, 0.2215, 19.12
12.44, 0.2220, 19.13
12.45, 0.2225, 19.10
12.46, 0.2230, 19.13
12.47, 0.2235, 19.14
12.48, 0.2240, 19.15
12.49, 0.2245, 19.16
12.50, 0.2250, 19.14
12.51, 0.2255, 19.14
12.52, 0.2260, 19.14
12.53, 0.2265, 19.15
12.54, 0.2270, 19.14
12.55, 0.2275, 19.12
12.56, 0.2280, 19.11
12.57, 0.2285, 19.10
12.58, 0.2290, 19.10
12.59, 0.2295, 19.09
12.60, 0.2300, 19.07
12.61, 0.2305, 19.06
12.62, 0.2310, 19.07
12.63, 0.2315, 19.07
12.64, 0.2320, 19.03
12.65, 0.2325, 19.02
12.66, 0.2330, 19.00
12.67, 0.2335, 19.01
12.68, 0.2340, 19.04
12.69, 0.2345, 19.01
12.70, 0.2350, 18.99
12.71, 0.2355, 18.99
12.72, 0.2360, 18.98
12.73, 0.2365, 18.97
12.74, 0.2370, 18.96
12.75, 0.2375, 18.95
12.76, 0.2380, 18.94
12.77, 0.2385, 18.94
12.78, 0.2390, 18.92
12.79, 0.2395, 18.88
12.80, 0.2400, 18.90
12.81, 0.2405, 18.89
12.82, 0.2410, 18.90
12.83, 0.2415, 18.90
12.84, 0.2420, 18.87
12.85, 0.2425, 18.88
12.86, 0.2430, 18.86
12.87, 0.2435, 18.86
12.88, 0.2440, 18.87
12.89, 0.2445, 18.88
12.90, 0.2450, 18.89
12.91, 0.2455, 18.89
12.92, 0.2460, 18.91
12.93, 0.2465, 18.91
12.94, 0.2470, 18.94
12.95, 0.2475, 18.96
12.96, 0.2480, 18.94
12.97, 0.2485, 18.93
12.98, 0.2490, 18.93
12.99, 0.2495, 18.93
13.00, 0.2500, 18.93
13.01, 0.2505, 18.91
13.02, 0.2510, 18.95
13.03, 0.2515, 18.92
13.04, 0.2520, 18.92
13.05, 0.2525, 18.90
13.06, 0.2530, 18.90
13.07, 0.2535, 18.89
13.08, 0.2540, 18.93
13.09, 0.2545, 18.92
13.10, 0.2550, 18.89
13.11, 0.2555, 18.90
13.12, 0.2560, 18.91
13.13, 0.2565, 18.88
13.14, 0.2570, 18.88
13.15, 0.2575, 18.89
13.16, 0.2580, 18.90
13.17, 0.2585, 18.86
13.18, 0.2590, 18.89
13.19, 0.2595, 18.87
13.20, 0.2600, 18.86
13.21, 0.2605, 18.87
13.22, 0.2610, 18.88
13.23, 0.2615, 18.87
13.24, 0.2620, 18.87
13.25, 0.2625, 18.87
13.26, 0.2630, 18.85
13.27, 0.2635, 18.87
13.28, 0.2640, 18.88
13.29, 0.2645, 18.88
13.30, 0.2650, 18.92
13.31, 0.2655, 18.90
13.32, 0.2660, 18.94
13.33, 0.2665, 18.95
13.34, 0.2670, 18.95
13.35, 0.2675, 18.97
13.36, 0.2680, 18.99
13.37, 0.2685, 18.98
13.38, 0.2690, 18.98
13.39, 0.2695, 18.98
13.40, 0.2700, 18.99
13.41, 0.2705, 18.97
13.42, 0.2710, 18.99
13.43, 0.2715, 18.96
13.44, 0.2720, 18.98
13.45, 0.2725, 18.97
13.46, 0.2730, 18.98
13.47, 0.2735, 18.98
13.48, 0.2740, 18.97
13.49, 0.2745, 18.98
13.50, 0.2750, 18.97
13.51, 0.2755, 18.98
13.52, 0.2760, 19.00
13.53, 0.2765, 19.01
13.54, 0.2770, 18.98
13.55, 0.2775, 19.01
13.56, 0.2780, 19.00
13.57, 0.2785, 18.98
13.58, 0.2790, 18.99
13.59, 0.2795, 18.98
13.60, 0.2800, 18.99
13.61, 0.2805, 19.00
13.62, 0.2810, 18.98
13.63, 0.2815, 18.99
13.64, 0.2820, 19.00
13.65, 0.2825, 19.00
13.66, 0.2830, 19.00
13.67, 0.2835, 18.98
13.68, 0.2840, 18.99
13.69, 0.2845, 18.99
13.70, 0.2850, 19.00
13.71, 0.2855, 18.99
13.72, 0.2860, 19.04
13.73, 0.2865, 19.04
13.74, 0.2870, 19.07
13.75, 0.2875, 19.09
13.76, 0.2880, 19.11
13.77, 0.2885, 19.11
13.78, 0.2890, 19.09
13.79, 0.2895, 19.11
13.80, 0.2900, 19.14
13.81, 0.2905, 19.13
13.82, 0.2910, 19.13
13.83, 0.2915, 19.12
13.84, 0.2920, 19.15
13.85, 0.2925, 19.12
13.86, 0.2930, 19.13
13.87, 0.2935, 19.16
13.88, 0.2940, 19.14
13.89, 0.2945, 19.15
13.90, 0.2950, 19.15
13.91, 0.2955, 19.16
13.92, 0.2960, 19.16
13.93, 0.2965, 19.15
13.94, 0.2970, 19.16
13.95, 0.2975, 19.18
13.96, 0.2980, 19.20
13.97, 0.2985, 19.19
13.98, 0.2990, 19.18
13.99, 0.2995, 19.20
14.00, 0.3000, 19.21
14.01, 0.3005, 19.21
14.02, 0.3010, 19.20
14.03, 0.3015, 19.22
14.04, 0.3020, 19.19
14.05, 0.3025, 19.20
14.06, 0.3030, 19.21
14.07, 0.3035, 19.23
14.08, 0.3040, 19.22
14.09, 0.3045, 19.21
14.10, 0.3050, 19.23
14.11, 0.3055, 19.20
14.12, 0.3060, 19.27
14.13, 0.3065, 19.25
14.14, 0.3070, 19.30
14.15, 0.3075, 19.31
14.16, 0.3080, 19.35
14.17, 0.3085, 19.34
14.18, 0.3090, 19.37
14.19, 0.3095, 19.37
14.20, 0.3100, 19.41
14.21, 0.3105, 19.40
14.22, 0.3110, 19.42
14.23, 0.3115, 19.44
14.24, 0.3120, 19.45
14.25, 0.3125, 19.44
14.26, 0.3130, 19.48
14.27, 0.3135, 19.49
14.28, 0.3140, 19.49
14.29, 0.3145, 19.47
14.30, 0.3150, 19.49
14.31, 0.3155, 19.50
14.32, 0.3160, 19.51
14.33, 0.3165, 19.52
14.34, 0.3170, 19.52
14.35, 0.3175, 19.55
14.36, 0.3180, 19.56
14.37, 0.3185, 19.57
14.38, 0.3190, 19.56
14.39, 0.3195, 19.58
14.40, 0.3200, 19.59
14.41, 0.3205, 19.58
14.42, 0.3210, 19.60
14.43, 0.3215, 19.59
14.44, 0.3220, 19.61
14.45, 0.3225, 19.61
14.46, 0.3230, 19.62
14.47, 0.3235, 19.65
14.48, 0.3240, 19.69
14.49, 0.3245, 19.70
14.50, 0.3250, 19.69
14.51, 0.3255, 19.68
14.52, 0.3260, 19.71
14.53, 0.3265, 19.71
14.54, 0.3270, 19.73
14.55, 0.3275, 19.76
14.56, 0.3280, 19.79
14.57, 0.3285, 19.82
14.58, 0.3290, 19.84
14.59, 0.3295, 19.87
14.60, 0.3300, 19.87
14.61, 0.3305, 19.89
14.62, 0.3310, 19.93
14.63, 0.3315, 19.97
14.64, 0.3320, 19.96
14.65, 0.3325, 19.96
14.66, 0.3330, 19.97
14.67, 0.3335, 20.00
14.68, 0.3340, 20.01
14.69, 0.3345, 20.04
14.70, 0.3350, 20.03
14.71, 0.3355, 20.05
14.72, 0.3360, 20.05
14.73, 0.3365, 20.07
14.74, 0.3370, 20.09
14.75, 0.3375, 20.13
14.76, 0.3380, 20.13
14.77, 0.3385, 20.15
14.78, 0.3390, 20.14
14.79, 0.3395, 20.17
14.80, 0.3400, 20.17
14.81, 0.3405, 20.18
14.82, 0.3410, 20.20
14.83, 0.3415, 20.21
14.84, 0.3420, 20.21
14.85, 0.3425, 20.23
14.86, 0.3430, 20.25
14.87, 0.3435, 20.27
14.88, 0.3440, 20.30
14.89, 0.3445, 20.31
14.90, 0.3450, 20.30
14.91, 0.3455, 20.31
14.92, 0.3460, 20.32
14.93, 0.3465, 20.34
14.94, 0.3470, 20.38
14.95, 0.3475, 20.39
14.96, 0.3480, 20.37
14.97, 0.3485, 20.40
14.98, 0.3490, 20.46
14.99, 0.3495, 20.47
15.00, 0.3500, 20.50
15.01, 0.3505, 20.58
15.02, 0.3510, 20.59
15.03, 0.3515, 20.60
15.04, 0.3520, 20.58
15.05, 0.3525, 20.61
15.06, 0.3530, 20.64
15.07, 0.3535, 20.65
15.08, 0.3540, 20.68
15.09, 0.3545, 20.69
15.10, 0.3550, 20.71
15.11, 0.3555, 20.71
15.12, 0.3560, 20.73
15.13, 0.3565, 20.75
15.14, 0.3570, 20.77
15.15, 0.3575, 20.76
15.16, 0.3580, 20.78
15.17, 0.3585, 20.78
15.18, 0.3590, 20.81
15.19, 0.3595, 20.81
15.20, 0.3600, 20.85
15.21, 0.3605, 20.85
15.22, 0.3610, 20.87
15.23, 0.3615, 20.89
15.24, 0.3620, 20.88
15.25, 0.3625, 20.91
15.26, 0.3630, 20.91
15.27, 0.3635, 20.94
15.28, 0.3640, 20.93
15.29, 0.3645, 20.94
15.30, 0.3650, 20.96
15.31, 0.3655, 20.98
15.32, 0.3660, 20.98
15.33, 0.3665, 20.99
15.34, 0.3670, 20.99
15.35, 0.3675, 21.03
15.36, 0.3680, 21.00
15.37, 0.3685, 21.04
15.38, 0.3690, 21.06
15.39, 0.3695, 21.07
15.40, 0.3700, 21.07
15.41, 0.3705, 21.11
15.42, 0.3710, 21.14
15.43, 0.3715, 21.17
15.44, 0.3720, 21.19
15.45, 0.3725, 21.21
15.46, 0.3730, 21.22
15.47, 0.3735, 21.26
15.48, 0.3740, 21.27
15.49, 0.3745, 21.31
15.50, 0.3750, 21.28
15.51, 0.3755, 21.27
15.52, 0.3760, 21.31
15.53, 0.3765, 21.31
15.54, 0.3770, 21.32
15.55, 0.3775, 21.33
15.56, 0.3780, 21.34
15.57, 0.3785, 21.37
15.58, 0.3790, 21.36
15.59, 0.3795, 21.37
15.60, 0.3800, 21.38
15.61, 0.3805, 21.40
15.62, 0.3810, 21.40
15.63, 0.3815, 21.41
15.64, 0.3820, 21.41
15.65, 0.3825, 21.42
15.66, 0.3830, 21.42
15.67, 0.3835, 21.43
15.68, 0.3840, 21.44
15.69, 0.3845, 21.42
15.70, 0.3850, 21.44
15.71, 0.3855, 21.45
15.72, 0.3860, 21.45
15.73, 0.3865, 21.48
15.74, 0.3870, 21.47
15.75, 0.3875, 21.48
15.76, 0.3880, 21.47
15.77, 0.3885, 21.46
15.78, 0.3890, 21.47
15.79, 0.3895, 21.50
15.80, 0.3900, 21.50
15.81, 0.3905, 21.53
15.82, 0.3910, 21.54
15.83, 0.3915, 21.55
15.84, 0.3920, 21.56
15.85, 0.3925, 21.60
15.86, 0.3930, 21.61
15.87, 0.3935, 21.64
15.88, 0.3940, 21.63
15.89, 0.3945, 21.66
15.90, 0.3950, 21.66
15.91, 0.3955, 21.65
15.92, 0.3960, 21.64
15.93, 0.3965, 21.70
15.94, 0.3970, 21.69
15.95, 0.3975, 21.67
15.96, 0.3980, 21.68
15.97, 0.3985, 21.67
15.98, 0.3990, 21.67
15.99, 0.3995, 21.68
16.00, 0.4000, 21.69
16.01, 0.3995, 21.44
16.02, 0.3990, 21.22
16.03, 0.3985, 21.02
16.04, 0.3980, 20.85
16.05, 0.3975, 20.67
16.06, 0.3970, 20.49
16.07, 0.3965, 20.32
16.08, 0.3960, 20.13
16.09, 0.3955, 19.97
16.10, 0.3950, 19.79
16.11, 0.3945, 19.65
16.12, 0.3940, 19.49
16.13, 0.3935, 19.35
16.14, 0.3930, 19.25
16.15, 0.3925, 19.09
16.16, 0.3920, 18.95
16.17, 0.3915, 18.80
16.18, 0.3910, 18.67
16.19, 0.3905, 18.56
16.20, 0.3900, 18.41
16.21, 0.3895, 18.27
16.22, 0.3890, 18.15
16.23, 0.3885, 18.02
16.24, 0.3880, 17.92
16.25, 0.3875, 17.78
16.26, 0.3870, 17.61
16.27, 0.3865, 17.51
16.28, 0.3860, 17.37
16.29, 0.3855, 17.26
16.30, 0.3850, 17.15
16.31, 0.3845, 17.02
16.32, 0.3840, 16.90
16.33, 0.3835, 16.80
16.34, 0.3830, 16.67
16.35, 0.3825, 16.58
16.36, 0.3820, 16.47
16.37, 0.3815, 16.36
16.38, 0.3810, 16.26
16.39, 0.3805, 16.17
16.40, 0.3800, 16.08
16.41, 0.3795, 15.98
16.42, 0.3790, 15.90
16.43, 0.3785, 15.78
16.44, 0.3780, 15.70
16.45, 0.3775, 15.58
16.46, 0.3770, 15.49
16.47, 0.3765, 15.44
16.48, 0.3760, 15.32
16.49, 0.3755, 15.23
16.50, 0.3750, 15.13
16.51, 0.3745, 15.05
16.52, 0.3740, 14.96
16.53, 0.3735, 14.88
16.54, 0.3730, 14.80
16.55, 0.3725, 14.71
16.56, 0.3720, 14.62
16.57, 0.3715, 14.53
16.58, 0.3710, 14.44
16.59, 0.3705, 14.33
16.60, 0.3700, 14.25
16.61, 0.3695, 14.19
16.62, 0.3690, 14.11
16.63, 0.3685, 14.04
16.64, 0.3680, 13.94
16.65, 0.3675, 13.86
16.66, 0.3670, 13.79
16.67, 0.3665, 13.69
16.68, 0.3660, 13.59
16.69, 0.3655, 13.51
16.70, 0.3650, 13.43
16.71, 0.3645, 13.33
16.72, 0.3640, 13.28
16.73, 0.3635, 13.20
16.74, 0.3630, 13.11
16.75, 0.3625, 13.03
16.76, 0.3620, 12.97
16.77, 0.3615, 12.86
16.78, 0.3610, 12.80
16.79, 0.3605, 12.75
16.80, 0.3600, 12.68
16.81, 0.3595, 12.60
16.82, 0.3590, 12.53
16.83, 0.3585, 12.46
16.84, 0.3580, 12.38
16.85, 0.3575, 12.33
16.86, 0.3570, 12.29
16.87, 0.3565, 12.20
16.88, 0.3560, 12.15
16.89, 0.3555, 12.10
16.90, 0.3550, 12.02
16.91, 0.3545, 11.96
16.92, 0.3540, 11.89
16.93, 0.3535, 11.82
16.94, 0.3530, 11.77
16.95, 0.3525, 11.70
16.96, 0.3520, 11.64
16.97, 0.3515, 11.61
16.98, 0.3510, 11.52
16.99, 0.3505, 11.50
17.00, 0.3500, 11.42
17.01, 0.3495, 11.37
17.02, 0.3490, 11.30
17.03, 0.3485, 11.23
17.04, 0.3480, 11.17
17.05, 0.3475, 11.12
17.06, 0.3470, 11.09
17.07, 0.3465, 11.01
17.08, 0.3460, 10.95
17.09, 0.3455, 10.86
17.10, 0.3450, 10.82
17.11, 0.3445, 10.76
17.12, 0.3440, 10.69
17.13, 0.3435, 10.61
17.14, 0.3430, 10.57
17.15, 0.3425, 10.51
17.16, 0.3420, 10.44
17.17, 0.3415, 10.38
17.18, 0.3410, 10.30
17.19, 0.3405, 10.29
17.20, 0.3400, 10.25
17.21, 0.3395, 10.19
17.22, 0.3390, 10.16
17.23, 0.3385, 10.06
17.24, 0.3380, 10.03
17.25, 0.3375, 9.991
17.26, 0.3370, 9.943
17.27, 0.3365, 9.850
17.28, 0.3360, 9.820
17.29, 0.3355, 9.793
17.30, 0.3350, 9.746
17.31, 0.3345, 9.702
17.32, 0.3340, 9.658
17.33, 0.3335, 9.617
17.34, 0.3330, 9.582
17.35, 0.3325, 9.498
17.36, 0.3320, 9.451
17.37, 0.3315, 9.429
17.38, 0.3310, 9.363
17.39, 0.3305, 9.344
17.40, 0.3300, 9.287
17.41, 0.3295, 9.277
17.42, 0.3290, 9.224
17.43, 0.3285, 9.191
17.44, 0.3280, 9.137
17.45, 0.3275, 9.096
17.46, 0.3270, 9.004
17.47, 0.3265, 8.989
17.48, 0.3260, 9.010
17.49, 0.3255, 8.930
17.50, 0.3250, 8.861
17.51, 0.3245, 8.811
17.52, 0.3240, 8.762
17.53, 0.3235, 8.711
17.54, 0.3230, 8.665
17.55, 0.3225, 8.612
17.56, 0.3220, 8.571
17.57, 0.3215, 8.499
17.58, 0.3210, 8.441
17.59, 0.3205, 8.426
17.60, 0.3200, 8.389
17.61, 0.3195, 8.357
17.62, 0.3190, 8.283
17.63, 0.3185, 8.215
17.64, 0.3180, 8.189
17.65, 0.3175, 8.168
17.66, 0.3170, 8.144
17.67, 0.3165, 8.105
17.68, 0.3160, 8.060
17.69, 0.3155, 8.062
17.70, 0.3150, 8.042
17.71, 0.3145, 7.974
17.72, 0.3140, 7.912
17.73, 0.3135, 7.909
17.74, 0.3130, 7.926
17.75, 0.3125, 7.822
17.76, 0.3120, 7.798
17.77, 0.3115, 7.754
17.78, 0.3110, 7.699
17.79, 0.3105, 7.658
17.80, 0.3100, 7.670
17.81, 0.3095, 7.638
17.82, 0.3090, 7.590
17.83, 0.3085, 7.531
17.84, 0.3080, 7.547
17.85, 0.3075, 7.514
17.86, 0.3070, 7.507
17.87, 0.3065, 7.413
17.88, 0.3060, 7.368
17.89, 0.3055, 7.393
17.90, 0.3050, 7.340
17.91, 0.3045, 7.311
17.92, 0.3040, 7.246
17.93, 0.3035, 7.196
17.94, 0.3030, 7.149
17.95, 0.3025, 7.135
17.96, 0.3020, 7.072
17.97, 0.3015, 7.029
17.98, 0.3010, 7.017
17.99, 0.3005, 6.976
18.00, 0.3000, 6.901
18.01, 0.2995, 6.903
18.02, 0.2990, 6.827
18.03, 0.2985, 6.812
18.04, 0.2980, 6.804
18.05, 0.2975, 6.767
18.06, 0.2970, 6.714
18.07, 0.2965, 6.740
18.08, 0.2960, 6.688
18.09, 0.2955, 6.629
18.10, 0.2950, 6.624
18.11, 0.2945, 6.572
18.12, 0.2940, 6.553
18.13, 0.2935, 6.539
18.14, 0.2930, 6.552
18.15, 0.2925, 6.503
18.16, 0.2920, 6.492
18.17, 0.2915, 6.486
18.18, 0.2910, 6.441
18.19, 0.2905, 6.440
18.20, 0.2900, 6.377
18.21, 0.2895, 6.356
18.22, 0.2890, 6.345
18.23, 0.2885, 6.309
18.24, 0.2880, 6.248
18.25, 0.2875, 6.265
18.26, 0.2870, 6.238
18.27, 0.2865, 6.175
18.28, 0.2860, 6.157
18.29, 0.2855, 6.160
18.30, 0.2850, 6.118
18.31, 0.2845, 6.088
18.32, 0.2840, 6.092
18.33, 0.2835, 6.033
18.34, 0.2830, 6.056
18.35, 0.2825, 5.973
18.36, 0.2820, 5.912
18.37, 0.2815, 5.922
18.38, 0.2810, 5.859
18.39, 0.2805, 5.833
18.40, 0.2800, 5.810
18.41, 0.2795, 5.759
18.42, 0.2790, 5.750
18.43, 0.2785, 5.657
18.44, 0.2780, 5.688
18.45, 0.2775, 5.664
18.46, 0.2770, 5.627
18.47, 0.2765, 5.648
18.48, 0.2760, 5.590
18.49, 0.2755, 5.563
18.50, 0.2750, 5.560
18.51, 0.2745, 5.482
18.52, 0.2740, 5.489
18.53, 0.2735, 5.484
18.54, 0.2730, 5.458
18.55, 0.2725, 5.457
18.56, 0.2720, 5.426
18.57, 0.2715, 5.436
18.58, 0.2710, 5.360
18.59, 0.2705, 5.375
18.60, 0.2700, 5.327
18.61, 0.2695, 5.313
18.62, 0.2690, 5.325
18.63, 0.2685, 5.261
18.64, 0.2680, 5.254
18.65, 0.2675, 5.222
18.66, 0.2670, 5.249
18.67, 0.2665, 5.196
18.68, 0.2660, 5.194
18.69, 0.2655, 5.120
18.70, 0.2650, 5.101
18.71, 0.2645, 5.132
18.72, 0.2640, 5.115
18.73, 0.2635, 5.097
18.74, 0.2630, 5.055
18.75, 0.2625, 5.017
18.76, 0.2620, 5.023
18.77, 0.2615, 4.950
18.78, 0.2610, 4.957
18.79, 0.2605, 4.931
18.80, 0.2600, 4.900
18.81, 0.2595, 4.873
18.82, 0.2590, 4.822
18.83, 0.2585, 4.786
18.84, 0.2580, 4.751
18.85, 0.2575, 4.714
18.86, 0.2570, 4.700
18.87, 0.2565, 4.699
18.88, 0.2560, 4.701
18.89, 0.2555, 4.626
18.90, 0.2550, 4.623
18.91, 0.2545, 4.607
18.92, 0.2540, 4.626
18.93, 0.2535, 4.609
18.94, 0.2530, 4.598
18.95, 0.2525, 4.528
18.96, 0.2520, 4.512
18.97, 0.2515, 4.511
18.98, 0.2510, 4.512
18.99, 0.2505, 4.517
19.00, 0.2500, 4.450
19.01, 0.2495, 4.417
19.02, 0.2490, 4.405
19.03, 0.2485, 4.408
19.04, 0.2480, 4.390
19.05, 0.2475, 4.384
19.06, 0.2470, 4.349
19.07, 0.2465, 4.345
19.08, 0.2460, 4.305
19.09, 0.2455, 4.265
19.10, 0.2450, 4.259
19.11, 0.2445, 4.279
19.12, 0.2440, 4.266
19.13, 0.2435, 4.219
19.14, 0.2430, 4.224
19.15, 0.2425, 4.214
19.16, 0.2420, 4.148
19.17, 0.2415, 4.178
19.18, 0.2410, 4.149
19.19, 0.2405, 4.113
19.20, 0.2400, 4.086
19.21, 0.2395, 4.019
19.22, 0.2390, 4.005
19.23, 0.2385, 3.949
19.24, 0.2380, 3.938
19.25, 0.2375, 3.964
19.26, 0.2370, 3.936
19.27, 0.2365, 3.905
19.28, 0.2360, 3.844
19.29, 0.2355, 3.858
19.30, 0.2350, 3.864
19.31, 0.2345, 3.797
19.32, 0.2340, 3.792
19.33, 0.2335, 3.792
19.34, 0.2330, 3.747
19.35, 0.2325, 3.788
19.36, 0.2320, 3.687
19.37, 0.2315, 3.711
19.38, 0.2310, 3.692
19.39, 0.2305, 3.698
19.40, 0.2300, 3.716
19.41, 0.2295, 3.687
19.42, 0.2290, 3.634
19.43, 0.2285, 3.621
19.44, 0.2280, 3.642
19.45, 0.2275, 3.644
19.46, 0.2270, 3.590
19.47, 0.2265, 3.599
19.48, 0.2260, 3.549
19.49, 0.2255, 3.572
19.50, 0.2250, 3.521
19.51, 0.2245, 3.524
19.52, 0.2240, 3.511
19.53, 0.2235, 3.505
19.54, 0.2230, 3.476
19.55, 0.2225, 3.444
19.56, 0.2220, 3.437
19.57, 0.2215, 3.392
19.58, 0.2210, 3.464
19.59, 0.2205, 3.391
19.60, 0.2200, 3.421
19.61, 0.2195, 3.352
19.62, 0.2190, 3.291
19.63, 0.2185, 3.280
19.64, 0.2180, 3.289
19.65, 0.2175, 3.272
19.66, 0.2170, 3.208
19.67, 0.2165, 3.217
19.68, 0.2160, 3.146
19.69, 0.2155, 3.151
19.70, 0.2150, 3.138
19.71, 0.2145, 3.135
19.72, 0.2140, 3.082
19.73, 0.2135, 3.087
19.74, 0.2130, 3.067
19.75, 0.2125, 3.071
19.76, 0.2120, 3.010
19.77, 0.2115, 3.018
19.78, 0.2110, 3.030
19.79, 0.2105, 3.010
19.80, 0.2100, 3.006
19.81, 0.2095, 2.928
19.82, 0.2090, 2.989
19.83, 0.2085, 2.953
19.84, 0.2080, 2.971
19.85, 0.2075, 2.934
19.86, 0.2070, 2.991
19.87, 0.2065, 2.885
19.88, 0.2060, 2.864
19.89, 0.2055, 2.847
19.90, 0.2050, 2.819
19.91, 0.2045, 2.867
19.92, 0.2040, 2.862
19.93, 0.2035, 2.859
19.94, 0.2030, 2.817
19.95, 0.2025, 2.814
19.96, 0.2020, 2.789
19.97, 0.2015, 2.801
19.98, 0.2010, 2.768
19.99, 0.2005, 2.748
20.00, 0.2000, 2.734
20.01, 0.1995, 2.720
20.02, 0.1990, 2.714
20.03, 0.1985, 2.632
20.04, 0.1980, 2.617
20.05, 0.1975, 2.646
20.06, 0.1970, 2.641
20.07, 0.1965, 2.579
20.08, 0.1960, 2.559
20.09, 0.1955, 2.538
20.10, 0.1950, 2.485
20.11, 0.1945, 2.474
20.12, 0.1940, 2.478
20.13, 0.1935, 2.468
20.14, 0.1930, 2.427
20.15, 0.1925, 2.402
20.16, 0.1920, 2.415
20.17, 0.1915, 2.395
20.18, 0.1910, 2.394
20.19, 0.1905, 2.388
20.20, 0.1900, 2.411
20.21, 0.1895, 2.331
20.22, 0.1890, 2.353
20.23, 0.1885, 2.295
20.24, 0.1880, 2.284
20.25, 0.1875, 2.300
20.26, 0.1870, 2.280
20.27, 0.1865, 2.300
20.28, 0.1860, 2.267
20.29, 0.1855, 2.247
20.30, 0.1850, 2.271
20.31, 0.1845, 2.218
20.32, 0.1840, 2.258
20.33, 0.1835, 2.249
20.34, 0.1830, 2.213
20.35, 0.1825, 2.205
20.36, 0.1820, 2.184
20.37, 0.1815, 2.191
20.38, 0.1810, 2.178
20.39, 0.1805, 2.170
20.40, 0.1800, 2.113
20.41, 0.1795, 2.132
20.42, 0.1790, 2.093
20.43, 0.1785, 2.094
20.44, 0.1780, 2.110
20.45, 0.1775, 2.044
20.46, 0.1770, 2.057
20.47, 0.1765, 2.002
20.48, 0.1760, 1.990
20.49, 0.1755, 1.971
20.50, 0.1750, 1.946
20.51, 0.1745, 1.897
20.52, 0.1740, 1.930
20.53, 0.1735, 1.873
20.54, 0.1730, 1.877
20.55, 0.1725, 1.850
20.56, 0.1720, 1.835
20.57, 0.1715, 1.814
20.58, 0.1710, 1.851
20.59, 0.1705, 1.816
20.60, 0.1700, 1.777
20.61, 0.1695, 1.733
20.62, 0.1690, 1.795
20.63, 0.1685, 1.720
20.64, 0.1680, 1.801
20.65, 0.1675, 1.755
20.66, 0.1670, 1.798
20.67, 0.1665, 1.721
20.68, 0.1660, 1.720
20.69, 0.1655, 1.733
20.70, 0.1650, 1.709
20.71, 0.1645, 1.718
20.72, 0.1640, 1.704
20.73, 0.1635, 1.722
20.74, 0.1630, 1.679
20.75, 0.1625, 1.641
20.76, 0.1620, 1.619
20.77, 0.1615, 1.628
20.78, 0.1610, 1.614
20.79, 0.1605, 1.651
20.80, 0.1600, 1.619
20.81, 0.1595, 1.625
20.82, 0.1590, 1.608
20.83, 0.1585, 1.573
20.84, 0.1580, 1.569
20.85, 0.1575, 1.560
20.86, 0.1570, 1.559
20.87, 0.1565, 1.501
20.88, 0.1560, 1.527
20.89, 0.1555, 1.504
20.90, 0.1550, 1.501
20.91, 0.1545, 1.460
20.92, 0.1540, 1.452
20.93, 0.1535, 1.429
20.94, 0.1530, 1.378
20.95, 0.1525, 1.391
20.96, 0.1520, 1.402
20.97, 0.1515, 1.375
20.98, 0.1510, 1.378
20.99, 0.1505, 1.352
21.00, 0.1500, 1.355
21.01, 0.1495, 1.302
21.02, 0.1490, 1.292
21.03, 0.1485, 1.291
21.04, 0.1480, 1.287
21.05, 0.1475, 1.285
21.06, 0.1470, 1.300
21.07, 0.1465, 1.268
21.08, 0.1460, 1.269
21.09, 0.1455, 1.232
21.10, 0.1450, 1.242
21.11, 0.1445, 1.223
21.12, 0.1440, 1.256
21.13, 0.1435, 1.204
21.14, 0.1430, 1.242
21.15, 0.1425, 1.193
21.16, 0.1420, 1.210
21.17, 0.1415, 1.165
21.18, 0.1410, 1.181
21.19, 0.1405, 1.199
21.20, 0.1400, 1.161
21.21, 0.1395, 1.163
21.22, 0.1390, 1.116
21.23, 0.1385, 1.159
21.24, 0.1380, 1.149
21.25, 0.1375, 1.105
21.26, 0.1370, 1.136
21.27, 0.1365, 1.145
21.28, 0.1360, 1.131
21.29, 0.1355, 1.102
21.30, 0.1350, 1.074
21.31, 0.1345, 1.023
21.32, 0.1340, 1.055
21.33, 0.1335, 0.9876
21.34, 0.1330, 0.9700
21.35, 0.1325, 0.9805
21.36, 0.1320, 0.9471
21.37, 0.1315, 0.9257
21.38, 0.1310, 0.8963
21.39, 0.1305, 0.9352
21.40, 0.1300, 0.9294
21.41, 0.1295, 0.8687
21.42, 0.1290, 0.9033
21.43, 0.1285, 0.9092
21.44, 0.1280, 0.8746
21.45, 0.1275, 0.8909
21.46, 0.1270, 0.8903
21.47, 0.1265, 0.8184
21.48, 0.1260, 0.8175
21.49, 0.1255, 0.8523
21.50, 0.1250, 0.7748
21.51, 0.1245, 0.8045
21.52, 0.1240, 0.8310
21.53, 0.1235, 0.7701
21.54, 0.1230, 0.7998
21.55, 0.1225, 0.8006
21.56, 0.1220, 0.7933
21.57, 0.1215, 0.7382
21.58, 0.1210, 0.7311
21.59, 0.1205, 0.7335
21.60, 0.1200, 0.7532
21.61, 0.1195, 0.7589
21.62, 0.1190, 0.6997
21.63, 0.1185, 0.7405
21.64, 0.1180, 0.7275
21.65, 0.1175, 0.7311
21.66, 0.1170, 0.7139
21.67, 0.1165, 0.7152
21.68, 0.1160, 0.6629
21.69, 0.1155, 0.6775
21.70, 0.1150, 0.6757
21.71, 0.1145, 0.6453
21.72, 0.1140, 0.5997
21.73, 0.1135, 0.5621
21.74, 0.1130, 0.5664
21.75, 0.1125, 0.5839
21.76, 0.1120, 0.5678
21.77, 0.1115, 0.5090
21.78, 0.1110, 0.4902
21.79, 0.1105, 0.4737
21.80, 0.1100, 0.4483
21.81, 0.1095, 0.4708
21.82, 0.1090, 0.4180
21.83, 0.1085, 0.4311
21.84, 0.1080, 0.4531
21.85, 0.1075, 0.4582
21.86, 0.1070, 0.4383
21.87, 0.1065, 0.4363
21.88, 0.1060, 0.3679
21.89, 0.1055, 0.3542
21.90, 0.1050, 0.3763
21.91, 0.1045, 0.3608
21.92, 0.1040, 0.3848
21.93, 0.1035, 0.3606
21.94, 0.1030, 0.3405
21.95, 0.1025, 0.3658
21.96, 0.1020, 0.3682
21.97, 0.1015, 0.3626
21.98, 0.1010, 0.3078
21.99, 0.1005, 0.2758
22.00, 0.1000, 0.2928
22.01, 0.09950, 0.2537
22.02, 0.09900, 0.2377
22.03, 0.09850, 0.2758
22.04, 0.09800, 0.2768
22.05, 0.09750, 0.2510
22.06, 0.09700, 0.2003
22.07, 0.09650, 0.2152
22.08, 0.09600, 0.1930
22.09, 0.09550, 0.1703
22.10, 0.09500, 0.1769
22.11, 0.09450, 0.1873
22.12, 0.09400, 0.1521
22.13, 0.09350, 0.1162
22.14, 0.09300, 0.07281
22.15, 0.09250, 0.04121
22.16, 0.09200, 0.04069
22.17, 0.09150, 0.04057
22.18, 0.09100, -0.02568
22.19, 0.09050, -0.01906
22.20, 0.09000, -0.04218
22.21, 0.08950, -0.05254
22.22, 0.08900, -0.09735
22.23, 0.08850, -0.08317
22.24, 0.08800, -0.1012
22.25, 0.08750, -0.1465
22.26, 0.08700, -0.1402
22.27, 0.08650, -0.1437
22.28, 0.08600, -0.1783
22.29, 0.08550, -0.1513
22.30, 0.08500, -0.2160
22.31, 0.08450, -0.1775
22.32, 0.08400, -0.2511
22.33, 0.08350, -0.2612
22.34, 0.08300, -0.2578
22.35, 0.08250, -0.2543
22.36, 0.08200, -0.2508
22.37, 0.08150, -0.3256
22.38, 0.08100, -0.3040
22.39, 0.08050, -0.3391
22.40, 0.08000, -0.3521
22.41, 0.07950, -0.3358
22.42, 0.07900, -0.3338
22.43, 0.07850, -0.3492
22.44, 0.07800, -0.3759
22.45, 0.07750, -0.4006
22.46, 0.07700, -0.4088
22.47, 0.07650, -0.4490
22.48, 0.07600, -0.4701
22.49, 0.07550, -0.5132
22.50, 0.07500, -0.5241
22.51, 0.07450, -0.5225
22.52, 0.07400, -0.5282
22.53, 0.07350, -0.5770
22.54, 0.07300, -0.5887
22.55, 0.07250, -0.5989
22.56, 0.07200, -0.6254
22.57, 0.07150, -0.6738
22.58, 0.07100, -0.7390
22.59, 0.07050, -0.7264
22.60, 0.07000, -0.7482
22.61, 0.06950, -0.8289
22.62, 0.06900, -0.8032
22.63, 0.06850, -0.8185
22.64, 0.06800, -0.8783
22.65, 0.06750, -0.8660
22.66, 0.06700, -0.8839
22.67, 0.06650, -0.9139
22.68, 0.06600, -0.9980
22.69, 0.06550, -0.9711
22.70, 0.06500, -1.015
22.71, 0.06450, -1.047
22.72, 0.06400, -1.055
22.73, 0.06350, -1.089
22.74, 0.06300, -1.121
22.75, 0.06250, -1.115
22.76, 0.06200, -1.095
22.77, 0.06150, -1.125
22.78, 0.06100, -1.192
22.79, 0.06050, -1.211
22.80, 0.06000, -1.250
22.81, 0.05950, -1.245
22.82, 0.05900, -1.249
22.83, 0.05850, -1.234
22.84, 0.05800, -1.294
22.85, 0.05750, -1.322
22.86, 0.05700, -1.345
22.87, 0.05650, -1.371
22.88, 0.05600, -1.432
22.89, 0.05550, -1.447
22.90, 0.05500, -1.428
22.91, 0.05450, -1.463
22.92, 0.05400, -1.523
22.93, 0.05350, -1.547
22.94, 0.05300, -1.504
22.95, 0.05250, -1.586
22.96, 0.05200, -1.601
22.97, 0.05150, -1.602
22.98, 0.05100, -1.657
22.99, 0.05050, -1.703
23.00, 0.05000, -1.754
23.01, 0.04950, -1.786
23.02, 0.04900, -1.807
23.03, 0.04850, -1.882
23.04, 0.04800, -1.904
23.05, 0.04750, -1.926
23.06, 0.04700, -1.989
23.07, 0.04650, -1.994
23.08, 0.04600, -2.039
23.09, 0.04550, -2.055
23.10, 0.04500, -2.060
23.11, 0.04450, -2.117
23.12, 0.04400, -2.146
23.13, 0.04350, -2.187
23.14, 0.04300, -2.224
23.15, 0.04250, -2.222
23.16, 0.04200, -2.259
23.17, 0.04150, -2.254
23.18, 0.04100, -2.255
23.19, 0.04050, -2.328
23.20, 0.04000, -2.356
23.21, 0.03950, -2.403
23.22, 0.03900, -2.397
23.23, 0.03850, -2.420
23.24, 0.03800, -2.466
23.25, 0.03750, -2.475
23.26, 0.03700, -2.491
23.27, 0.03650, -2.528
23.28, 0.03600, -2.584
23.29, 0.03550, -2.614
23.30, 0.03500, -2.623
23.31, 0.03450, -2.618
23.32, 0.03400, -2.655
23.33, 0.03350, -2.715
23.34, 0.03300, -2.767
23.35, 0.03250, -2.803
23.36, 0.03200, -2.847
23.37, 0.03150, -2.846
23.38, 0.03100, -2.889
23.39, 0.03050, -2.913
23.40, 0.03000, -2.953
23.41, 0.02950, -2.989
23.42, 0.02900, -3.036
23.43, 0.02850, -3.040
23.44, 0.02800, -3.099
23.45, 0.02750, -3.174
23.46, 0.02700, -3.156
23.47, 0.02650, -3.240
23.48, 0.02600, -3.240
23.49, 0.02550, -3.323
23.50, 0.02500, -3.338
23.51, 0.02450, -3.383
23.52, 0.02400, -3.399
23.53, 0.02350, -3.399
23.54, 0.02300, -3.457
23.55, 0.02250, -3.485
23.56, 0.02200, -3.489
23.57, 0.02150, -3.525
23.58, 0.02100, -3.570
23.59, 0.02050, -3.587
23.60, 0.02000, -3.626
23.61, 0.01950, -3.635
23.62, 0.01900, -3.672
23.63, 0.01850, -3.693
23.64, 0.01800, -3.735
23.65, 0.01750, -3.804
23.66, 0.01700, -3.796
23.67, 0.01650, -3.828
23.68, 0.01600, -3.886
23.69, 0.01550, -3.921
23.70, 0.01500, -3.930
23.71, 0.01450, -3.953
23.72, 0.01400, -3.998
23.73, 0.01350, -4.035
23.74, 0.01300, -4.037
23.75, 0.01250, -4.066
23.76, 0.01200, -4.091
23.77, 0.01150, -4.133
23.78, 0.01100, -4.196
23.79, 0.01050, -4.227
23.80, 0.01000, -4.282
23.81, 0.009500, -4.269
23.82, 0.009000, -4.281
23.83, 0.008500, -4.369
23.84, 0.008000, -4.437
23.85, 0.007500, -4.481
23.86, 0.007000, -4.510
23.87, 0.006500, -4.556
23.88, 0.006000, -4.560
23.89, 0.005500, -4.612
23.90, 0.005000, -4.657
23.91, 0.004500, -4.697
23.92, 0.004000, -4.735
23.93, 0.003500, -4.756
23.94, 0.003000, -4.801
23.95, 0.002500, -4.811
23.96, 0.002000, -4.855
23.97, 0.001500, -4.896
23.98, 0.001000, -4.898
23.99, 0.0005000, -4.947
24.00, 0.000, -5.000
24.01, -0.0005000, -5.003
24.02, -0.001000, -5.045
24.03, -0.001500, -5.077
24.04, -0.002000, -5.119
24.05, -0.002500, -5.142
24.06, -0.003000, -5.145
24.07, -0.003500, -5.222
24.08, -0.004000, -5.188
24.09, -0.004500, -5.228
24.10, -0.005000, -5.240
24.11, -0.005500, -5.299
24.12, -0.006000, -5.324
24.13, -0.006500, -5.360
24.14, -0.007000, -5.420
24.15, -0.007500, -5.426
24.16, -0.008000, -5.431
24.17, -0.008500, -5.489
24.18, -0.009000, -5.524
24.19, -0.009500, -5.552
24.20, -0.01000, -5.561
24.21, -0.01050, -5.585
24.22, -0.01100, -5.623
24.23, -0.01150, -5.647
24.24, -0.01200, -5.731
24.25, -0.01250, -5.719
24.26, -0.01300, -5.802
24.27, -0.01350, -5.820
24.28, -0.01400, -5.883
24.29, -0.01450, -5.923
24.30, -0.01500, -5.925
24.31, -0.01550, -5.982
24.32, -0.01600, -6.005
24.33, -0.01650, -6.061
24.34, -0.01700, -6.074
24.35, -0.01750, -6.124
24.36, -0.01800, -6.141
24.37, -0.01850, -6.168
24.38, -0.01900, -6.234
24.39, -0.01950, -6.265
24.40, -0.02000, -6.263
24.41, -0.02050, -6.275
24.42, -0.02100, -6.312
24.43, -0.02150, -6.358
24.44, -0.02200, -6.393
24.45, -0.02250, -6.405
24.46, -0.02300, -6.444
24.47, -0.02350, -6.487
24.48, -0.02400, -6.512
24.49, -0.02450, -6.536
24.50, -0.02500, -6.547
24.51, -0.02550, -6.610
24.52, -0.02600, -6.586
24.53, -0.02650, -6.630
24.54, -0.02700, -6.631
24.55, -0.02750, -6.657
24.56, -0.02800, -6.705
24.57, -0.02850, -6.722
24.58, -0.02900, -6.771
24.59, -0.02950, -6.796
24.60, -0.03000, -6.823
24.61, -0.03050, -6.850
24.62, -0.03100, -6.882
24.63, -0.03150, -6.872
24.64, -0.03200, -6.924
24.65, -0.03250, -6.970
24.66, -0.03300, -7.034
24.67, -0.03350, -7.057
24.68, -0.03400, -7.090
24.69, -0.03450, -7.126
24.70, -0.03500, -7.179
24.71, -0.03550, -7.223
24.72, -0.03600, -7.245
24.73, -0.03650, -7.269
24.74, -0.03700, -7.316
24.75, -0.03750, -7.357
24.76, -0.03800, -7.341
24.77, -0.03850, -7.436
24.78, -0.03900, -7.428
24.79, -0.03950, -7.468
24.80, -0.04000, -7.482
24.81, -0.04050, -7.526
24.82, -0.04100, -7.524
24.83, -0.04150, -7.568
24.84, -0.04200, -7.606
24.85, -0.04250, -7.653
24.86, -0.04300, -7.634
24.87, -0.04350, -7.672
24.88, -0.04400, -7.707
24.89, -0.04450, -7.725
24.90, -0.04500, -7.765
24.91, -0.04550, -7.777
24.92, -0.04600, -7.823
24.93, -0.04650, -7.845
24.94, -0.04700, -7.875
24.95, -0.04750, -7.875
24.96, -0.04800, -7.910
24.97, -0.04850, -7.942
24.98, -0.04900, -7.961
24.99, -0.04950, -7.997
25.00, -0.05000, -8.005
25.01, -0.05050, -8.043
25.02, -0.05100, -8.066
25.03, -0.05150, -8.070
25.04, -0.05200, -8.143
25.05, -0.05250, -8.136
25.06, -0.05300, -8.153
25.07, -0.05350, -8.209
25.08, -0.05400, -8.253
25.09, -0.05450, -8.300
25.10, -0.05500, -8.326
25.11, -0.05550, -8.391
25.12, -0.05600, -8.443
25.13, -0.05650, -8.439
25.14, -0.05700, -8.482
25.15, -0.05750, -8.561
25.16, -0.05800, -8.546
25.17, -0.05850, -8.607
25.18, -0.05900, -8.604
25.19, -0.05950, -8.626
25.20, -0.06000, -8.699
25.21, -0.06050, -8.695
25.22, -0.06100, -8.712
25.23, -0.06150, -8.778
25.24, -0.06200, -8.807
25.25, -0.06250, -8.820
25.26, -0.06300, -8.832
25.27, -0.06350, -8.883
25.28, -0.06400, -8.903
25.29, -0.06450, -8.913
25.30, -0.06500, -8.956
25.31, -0.06550, -8.959
25.32, -0.06600, -8.977
25.33, -0.06650, -8.983
25.34, -0.06700, -9.050
25.35, -0.06750, -9.096
25.36, -0.06800, -9.094
25.37, -0.06850, -9.137
25.38, -0.06900, -9.166
25.39, -0.06950, -9.167
25.40, -0.07000, -9.183
25.41, -0.07050, -9.262
25.42, -0.07100, -9.309
25.43, -0.07150, -9.312
25.44, -0.07200, -9.335
25.45, -0.07250, -9.350
25.46, -0.07300, -9.377
25.47, -0.07350, -9.424
25.48, -0.07400, -9.419
25.49, -0.07450, -9.471
25.50, -0.07500, -9.534
25.51, -0.07550, -9.598
25.52, -0.07600, -9.624
25.53, -0.07650, -9.634
25.54, -0.07700, -9.684
25.55, -0.07750, -9.732
25.56, -0.07800, -9.761
25.57, -0.07850, -9.832
25.58, -0.07900, -9.829
25.59, -0.07950, -9.861
25.60, -0.08000, -9.921
25.61, -0.08050, -9.927
25.62, -0.08100, -9.970
25.63, -0.08150, -10.00
25.64, -0.08200, -9.999
25.65, -0.08250, -10.04
25.66, -0.08300, -10.05
25.67, -0.08350, -10.11
25.68, -0.08400, -10.15
25.69, -0.08450, -10.17
25.70, -0.08500, -10.21
25.71, -0.08550, -10.25
25.72, -0.08600, -10.27
25.73, -0.08650, -10.31
25.74, -0.08700, -10.31
25.75, -0.08750, -10.35
25.76, -0.08800, -10.40
25.77, -0.08850, -10.45
25.78, -0.08900, -10.43
25.79, -0.08950, -10.47
25.80, -0.09000, -10.51
25.81, -0.09050, -10.55
25.82, -0.09100, -10.55
25.83, -0.09150, -10.56
25.84, -0.09200, -10.61
25.85, -0.09250, -10.65
25.86, -0.09300, -10.61
25.87, -0.09350, -10.67
25.88, -0.09400, -10.73
25.89, -0.09450, -10.77
25.90, -0.09500, -10.77
25.91, -0.09550, -10.78
25.92, -0.09600, -10.82
25.93, -0.09650, -10.88
25.94, -0.09700, -10.92
25.95, -0.09750, -10.99
25.96, -0.09800, -11.05
25.97, -0.09850, -11.07
25.98, -0.09900, -11.13
25.99, -0.09950, -11.13
26.00, -0.1000, -11.17
26.01, -0.1005, -11.17
26.02, -0.1010, -11.24
26.03, -0.1015, -11.27
26.04, -0.1020, -11.30
26.05, -0.1025, -11.32
26.06, -0.1030, -11.35
26.07, -0.1035, -11.40
26.08, -0.1040, -11.42
26.09, -0.1045, -11.46
26.10, -0.1050, -11.47
26.11, -0.1055, -11.50
26.12, -0.1060, -11.54
26.13, -0.1065, -11.53
26.14, -0.1070, -11.58
26.15, -0.1075, -11.60
26.16, -0.1080, -11.64
26.17, -0.1085, -11.68
26.18, -0.1090, -11.67
26.19, -0.1095, -11.70
26.20, -0.1100, -11.71
26.21, -0.1105, -11.78
26.22, -0.1110, -11.81
26.23, -0.1115, -11.80
26.24, -0.1120, -11.83
26.25, -0.1125, -11.86
26.26, -0.1130, -11.90
26.27, -0.1135, -11.93
26.28, -0.1140, -11.94
26.29, -0.1145, -11.97
26.30, -0.1150, -11.99
26.31, -0.1155, -12.00
26.32, -0.1160, -12.04
26.33, -0.1165, -12.07
26.34, -0.1170, -12.11
26.35, -0.1175, -12.13
26.36, -0.1180, -12.21
26.37, -0.1185, -12.22
26.38, -0.1190, -12.24
26.39, -0.1195, -12.30
26.40, -0.1200, -12.33
26.41, -0.1205, -12.36
26.42, -0.1210, -12.40
26.43, -0.1215, -12.44
26.44, -0.1220, -12.44
26.45, -0.1225, -12.46
26.46, -0.1230, -12.49
26.47, -0.1235, -12.53
26.48, -0.1240, -12.56
26.49, -0.1245, -12.56
26.50, -0.1250, -12.59
26.51, -0.1255, -12.59
26.52, -0.1260, -12.67
26.53, -0.1265, -12.68
26.54, -0.1270, -12.69
26.55, -0.1275, -12.70
26.56, -0.1280, -12.71
26.57, -0.1285, -12.73
26.58, -0.1290, -12.77
26.59, -0.1295, -12.78
26.60, -0.1300, -12.80
26.61, -0.1305, -12.81
26.62, -0.1310, -12.83
26.63, -0.1315, -12.86
26.64, -0.1320, -12.87
26.65, -0.1325, -12.88
26.66, -0.1330, -12.88
26.67, -0.1335, -12.91
26.68, -0.1340, -12.94
26.69, -0.1345, -12.93
26.70, -0.1350, -12.96
26.71, -0.1355, -12.97
26.72, -0.1360, -12.99
26.73, -0.1365, -13.03
26.74, -0.1370, -13.03
26.75, -0.1375, -13.05
26.76, -0.1380, -13.06
26.77, -0.1385, -13.11
26.78, -0.1390, -13.14
26.79, -0.1395, -13.16
26.80, -0.1400, -13.18
26.81, -0.1405, -13.21
26.82, -0.1410, -13.22
26.83, -0.1415, -13.24
26.84, -0.1420, -13.26
26.85, -0.1425, -13.28
26.86, -0.1430, -13.30
26.87, -0.1435, -13.32
26.88, -0.1440, -13.34
26.89, -0.1445, -13.36
26.90, -0.1450, -13.34
26.91, -0.1455, -13.33
26.92, -0.1460, -13.36
26.93, -0.1465, -13.35
26.94, -0.1470, -13.40
26.95, -0.1475, -13.40
26.96, -0.1480, -13.39
26.97, -0.1485, -13.42
26.98, -0.1490, -13.41
26.99, -0.1495, -13.41
27.00, -0.1500, -13.40
27.01, -0.1505, -13.40
27.02, -0.1510, -13.44
27.03, -0.1515, -13.42
27.04, -0.1520, -13.41
27.05, -0.1525, -13.41
27.06, -0.1530, -13.41
27.07, -0.1535, -13.45
27.08, -0.1540, -13.45
27.09, -0.1545, -13.44
27.10, -0.1550, -13.45
27.11, -0.1555, -13.43
27.12, -0.1560, -13.44
27.13, -0.1565, -13.46
27.14, -0.1570, -13.44
27.15, -0.1575, -13.43
27.16, -0.1580, -13.43
27.17, -0.1585, -13.44
27.18, -0.1590, -13.44
27.19, -0.1595, -13.42
27.20, -0.1600, -13.45
27.21, -0.1605, -13.51
27.22, -0.1610, -13.52
27.23, -0.1615, -13.53
27.24, -0.1620, -13.50
27.25, -0.1625, -13.50
27.26, -0.1630, -13.50
27.27, -0.1635, -13.51
27.28, -0.1640, -13.46
27.29, -0.1645, -13.48
27.30, -0.1650, -13.49
27.31, -0.1655, -13.45
27.32, -0.1660, -13.49
27.33, -0.1665, -13.43
27.34, -0.1670, -13.47
27.35, -0.1675, -13.45
27.36, -0.1680, -13.42
27.37, -0.1685, -13.40
27.38, -0.1690, -13.42
27.39, -0.1695, -13.42
27.40, -0.1700, -13.38
27.41, -0.1705, -13.38
27.42, -0.1710, -13.37
27.43, -0.1715, -13.35
27.44, -0.1720, -13.33
27.45, -0.1725, -13.32
27.46, -0.1730, -13.30
27.47, -0.1735, -13.28
27.48, -0.1740, -13.26
27.49, -0.1745, -13.25
27.50, -0.1750, -13.24
27.51, -0.1755, -13.25
27.52, -0.1760, -13.23
27.53, -0.1765, -13.22
27.54, -0.1770, -13.20
27.55, -0.1775, -13.16
27.56, -0.1780, -13.16
27.57, -0.1785, -13.12
27.58, -0.1790, -13.12
27.59, -0.1795, -13.11
27.60, -0.1800, -13.09
27.61, -0.1805, -13.06
27.62, -0.1810, -13.09
27.63, -0.1815, -13.06
27.64, -0.1820, -13.09
27.65, -0.1825, -13.08
27.66, -0.1830, -13.08
27.67, -0.1835, -13.04
27.68, -0.1840, -13.04
27.69, -0.1845, -13.00
27.70, -0.1850, -13.01
27.71, -0.1855, -13.00
27.72, -0.1860, -12.97
27.73, -0.1865, -12.96
27.74, -0.1870, -12.93
27.75, -0.1875, -12.90
27.76, -0.1880, -12.89
27.77, -0.1885, -12.86
27.78, -0.1890, -12.87
27.79, -0.1895, -12.86
27.80, -0.1900, -12.80
27.81, -0.1905, -12.80
27.82, -0.1910, -12.79
27.83, -0.1915, -12.73
27.84, -0.1920, -12.72
27.85, -0.1925, -12.72
27.86, -0.1930, -12.72
27.87, -0.1935, -12.68
27.88, -0.1940, -12.66
27.89, -0.1945, -12.62
27.90, -0.1950, -12.59
27.91, -0.1955, -12.57
27.92, -0.1960, -12.54
27.93, -0.1965, -12.52
27.94, -0.1970, -12.50
27.95, -0.1975, -12.45
27.96, -0.1980, -12.43
27.97, -0.1985, -12.41
27.98, -0.1990, -12.39
27.99, -0.1995, -12.37
28.00, -0.2000, -12.38
28.01, -0.2005, -12.34
28.02, -0.2010, -12.33
28.03, -0.2015, -12.31
28.04, -0.2020, -12.29
28.05, -0.2025, -12.29
28.06, -0.2030, -12.30
28.07, -0.2035, -12.31
28.08, -0.2040, -12.25
28.09, -0.2045, -12.24
28.10, -0.2050, -12.23
28.11, -0.2055, -12.22
28.12, -0.2060, -12.20
28.13, -0.2065, -12.20
28.14, -0.2070, -12.14
28.15, -0.2075, -12.11
28.16, -0.2080, -12.08
28.17, -0.2085, -12.09
28.18, -0.2090, -12.06
28.19, -0.2095, -12.06
28.20, -0.2100, -12.02
28.21, -0.2105, -12.01
28.22, -0.2110, -11.97
28.23, -0.2115, -11.97
28.24, -0.2120, -11.96
28.25, -0.2125, -11.95
28.26, -0.2130, -11.92
28.27, -0.2135, -11.89
28.28, -0.2140, -11.85
28.29, -0.2145, -11.78
28.30, -0.2150, -11.77
28.31, -0.2155, -11.76
28.32, -0.2160, -11.78
28.33, -0.2165, -11.75
28.34, -0.2170, -11.72
28.35, -0.2175, -11.71
28.36, -0.2180, -11.66
28.37, -0.2185, -11.65
28.38, -0.2190, -11.61
28.39, -0.2195, -11.61
28.40, -0.2200, -11.59
28.41, -0.2205, -11.57
28.42, -0.2210, -11.57
28.43, -0.2215, -11.53
28.44, -0.2220, -11.55
28.45, -0.2225, -11.53
28.46, -0.2230, -11.55
28.47, -0.2235, -11.50
28.48, -0.2240, -11.48
28.49, -0.2245, -11.50
28.50, -0.2250, -11.50
28.51, -0.2255, -11.45
28.52, -0.2260, -11.45
28.53, -0.2265, -11.45
28.54, -0.2270, -11.43
28.55, -0.2275, -11.42
28.56, -0.2280, -11.38
28.57, -0.2285, -11.39
28.58, -0.2290, -11.38
28.59, -0.2295, -11.36
28.60, -0.2300, -11.33
28.61, -0.2305, -11.30
28.62, -0.2310, -11.27
28.63, -0.2315, -11.26
28.64, -0.2320, -11.27
28.65, -0.2325, -11.25
28.66, -0.2330, -11.23
28.67, -0.2335, -11.22
28.68, -0.2340, -11.18
28.69, -0.2345, -11.16
28.70, -0.2350, -11.17
28.71, -0.2355, -11.13
28.72, -0.2360, -11.12
28.73, -0.2365, -11.10
28.74, -0.2370, -11.06
28.75, -0.2375, -11.04
28.76, -0.2380, -11.05
28.77, -0.2385, -11.03
28.78, -0.2390, -11.00
28.79, -0.2395, -11.02
28.80, -0.2400, -10.98
28.81, -0.2405, -10.95
28.82, -0.2410, -10.94
28.83, -0.2415, -10.95
28.84, -0.2420, -10.94
28.85, -0.2425, -10.92
28.86, -0.2430, -10.93
28.87, -0.2435, -10.93
28.88, -0.2440, -10.92
28.89, -0.2445, -10.91
28.90, -0.2450, -10.91
28.91, -0.2455, -10.92
28.92, -0.2460, -10.91
28.93, -0.2465, -10.94
28.94, -0.2470, -10.90
28.95, -0.2475, -10.88
28.96, -0.2480, -10.89
28.97, -0.2485, -10.87
28.98, -0.2490, -10.85
28.99, -0.2495, -10.86
29.00, -0.2500, -10.86
29.01, -0.2505, -10.83
29.02, -0.2510, -10.82
29.03, -0.2515, -10.81
29.04, -0.2520, -10.82
29.05, -0.2525, -10.81
29.06, -0.2530, -10.77
29.07, -0.2535, -10.74
29.08, -0.2540, -10.71
29.09, -0.2545, -10.74
29.10, -0.2550, -10.74
29.11, -0.2555, -10.72
29.12, -0.2560, -10.70
29.13, -0.2565, -10.67
29.14, -0.2570, -10.68
29.15, -0.2575, -10.66
29.16, -0.2580, -10.65
29.17, -0.2585, -10.65
29.18, -0.2590, -10.67
29.19, -0.2595, -10.65
29.20, -0.2600, -10.65
29.21, -0.2605, -10.62
29.22, -0.2610, -10.60
29.23, -0.2615, -10.63
29.24, -0.2620, -10.61
29.25, -0.2625, -10.60
29.26, -0.2630, -10.57
29.27, -0.2635, -10.57
29.28, -0.2640, -10.57
29.29, -0.2645, -10.59
29.30, -0.2650, -10.57
29.31, -0.2655, -10.60
29.32, -0.2660, -10.57
29.33, -0.2665, -10.61
29.34, -0.2670, -10.61
29.35, -0.2675, -10.62
29.36, -0.2680, -10.64
29.37, -0.2685, -10.63
29.38, -0.2690, -10.63
29.39, -0.2695, -10.62
29.40, -0.2700, -10.63
29.41, -0.2705, -10.59
29.42, -0.2710, -10.60
29.43, -0.2715, -10.62
29.44, -0.2720, -10.62
29.45, -0.2725, -10.61
29.46, -0.2730, -10.62
29.47, -0.2735, -10.57
29.48, -0.2740, -10.57
29.49, -0.2745, -10.58
29.50, -0.2750, -10.57
29.51, -0.2755, -10.60
29.52, -0.2760, -10.59
29.53, -0.2765, -10.53
29.54, -0.2770, -10.54
29.55, -0.2775, -10.55
29.56, -0.2780, -10.55
29.57, -0.2785, -10.54
29.58, -0.2790, -10.55
29.59, -0.2795, -10.58
29.60, -0.2800, -10.56
29.61, -0.2805, -10.56
29.62, -0.2810, -10.56
29.63, -0.2815, -10.55
29.64, -0.2820, -10.55
29.65, -0.2825, -10.54
29.66, -0.2830, -10.52
29.67, -0.2835, -10.51
29.68, -0.2840, -10.54
29.69, -0.2845, -10.53
29.70, -0.2850, -10.53
29.71, -0.2855, -10.53
29.72, -0.2860, -10.54
29.73, -0.2865, -10.56
29.74, -0.2870, -10.58
29.75, -0.2875, -10.58
29.76, -0.2880, -10.60
29.77, -0.2885, -10.59
29.78, -0.2890, -10.61
29.79, -0.2895, -10.60
29.80, -0.2900, -10.58
29.81, -0.2905, -10.62
29.82, -0.2910, -10.64
29.83, -0.2915, -10.65
29.84, -0.2920, -10.63
29.85, -0.2925, -10.62
29.86, -0.2930, -10.62
29.87, -0.2935, -10.64
29.88, -0.2940, -10.62
29.89, -0.2945, -10.66
29.90, -0.2950, -10.65
29.91, -0.2955, -10.61
29.92, -0.2960, -10.65
29.93, -0.2965, -10.62
29.94, -0.2970, -10.59
29.95, -0.2975, -10.63
29.96, -0.2980, -10.63
29.97, -0.2985, -10.62
29.98, -0.2990, -10.62
29.99, -0.2995, -10.60
30.00, -0.3000, -10.63
30.01, -0.3005, -10.61
30.02, -0.3010, -10.61
30.03, -0.3015, -10.62
30.04, -0.3020, -10.61
30.05, -0.3025, -10.61
30.06, -0.3030, -10.61
30.07, -0.3035, -10.60
30.08, -0.3040, -10.62
30.09, -0.3045, -10.64
30.10, -0.3050, -10.58
30.11, -0.3055, -10.59
30.12, -0.3060, -10.59
30.13, -0.3065, -10.59
30.14, -0.3070, -10.62
30.15, -0.3075, -10.64
30.16, -0.3080, -10.64
30.17, -0.3085, -10.66
30.18, -0.3090, -10.66
30.19, -0.3095, -10.67
30.20, -0.3100, -10.67
30.21, -0.3105, -10.70
30.22, -0.3110, -10.71
30.23, -0.3115, -10.72
30.24, -0.3120, -10.69
30.25, -0.3125, -10.69
30.26, -0.3130, -10.72
30.27, -0.3135, -10.69
30.28, -0.3140, -10.68
30.29, -0.3145, -10.66
30.30, -0.3150, -10.68
30.31, -0.3155, -10.69
30.32, -0.3160, -10.70
30.33, -0.3165, -10.66
30.34, -0.3170, -10.66
30.35, -0.3175, -10.67
30.36, -0.3180, -10.67
30.37, -0.3185, -10.66
30.38, -0.3190, -10.66
30.39, -0.3195, -10.64
30.40, -0.3200, -10.65
30.41, -0.3205, -10.66
30.42, -0.3210, -10.68
30.43, -0.3215, -10.67
30.44, -0.3220, -10.66
30.45, -0.3225, -10.66
30.46, -0.3230, -10.65
30.47, -0.3235, -10.61
30.48, -0.3240, -10.65
30.49, -0.3245, -10.60
30.50, -0.3250, -10.60
30.51, -0.3255, -10.62
30.52, -0.3260, -10.64
30.53, -0.3265, -10.60
30.54, -0.3270, -10.61
30.55, -0.3275, -10.60
30.56, -0.3280, -10.62
30.57, -0.3285, -10.64
30.58, -0.3290, -10.67
30.59, -0.3295, -10.65
30.60, -0.3300, -10.65
30.61, -0.3305, -10.66
30.62, -0.3310, -10.67
30.63, -0.3315, -10.68
30.64, -0.3320, -10.67
30.65, -0.3325, -10.69
30.66, -0.3330, -10.67
30.67, -0.3335, -10.68
30.68, -0.3340, -10.67
30.69, -0.3345, -10.69
30.70, -0.3350, -10.71
30.71, -0.3355, -10.65
30.72, -0.3360, -10.68
30.73, -0.3365, -10.64
30.74, -0.3370, -10.65
30.75, -0.3375, -10.66
30.76, -0.3380, -10.64
30.77, -0.3385, -10.65
30.78, -0.3390, -10.65
30.79, -0.3395, -10.63
30.80, -0.3400, -10.61
30.81, -0.3405, -10.62
30.82, -0.3410, -10.61
30.83, -0.3415, -10.62
30.84, -0.3420, -10.59
30.85, -0.3425, -10.58
30.86, -0.3430, -10.61
30.87, -0.3435, -10.60
30.88, -0.3440, -10.58
30.89, -0.3445, -10.60
30.90, -0.3450, -10.57
30.91, -0.3455, -10.58
30.92, -0.3460, -10.57
30.93, -0.3465, -10.59
30.94, -0.3470, -10.58
30.95, -0.3475, -10.58
30.96, -0.3480, -10.58
30.97, -0.3485, -10.58
30.98, -0.3490, -10.58
30.99, -0.3495, -10.59
31.00, -0.3500, -10.64
31.01, -0.3505, -10.66
31.02, -0.3510, -10.66
31.03, -0.3515, -10.63
31.04, -0.3520, -10.63
31.05, -0.3525, -10.65
31.06, -0.3530, -10.65
31.07, -0.3535, -10.64
31.08, -0.3540, -10.66
31.09, -0.3545, -10.67
31.10, -0.3550, -10.64
31.11, -0.3555, -10.62
31.12, -0.3560, -10.65
31.13, -0.3565, -10.63
31.14, -0.3570, -10.64
31.15, -0.3575, -10.65
31.16, -0.3580, -10.64
31.17, -0.3585, -10.60
31.18, -0.3590, -10.60
31.19, -0.3595, -10.61
31.20, -0.3600, -10.60
31.21, -0.3605, -10.62
31.22, -0.3610, -10.59
31.23, -0.3615, -10.60
31.24, -0.3620, -10.58
31.25, -0.3625, -10.58
31.26, -0.3630, -10.61
31.27, -0.3635, -10.58
31.28, -0.3640, -10.59
31.29, -0.3645, -10.57
31.30, -0.3650, -10.57
31.31, -0.3655, -10.56
31.32, -0.3660, -10.60
31.33, -0.3665, -10.60
31.34, -0.3670, -10.60
31.35, -0.3675, -10.57
31.36, -0.3680, -10.57
31.37, -0.3685, -10.56
31.38, -0.3690, -10.58
31.39, -0.3695, -10.57
31.40, -0.3700, -10.60
31.41, -0.3705, -10.63
31.42, -0.3710, -10.65
31.43, -0.3715, -10.64
31.44, -0.3720, -10.63
31.45, -0.3725, -10.65
31.46, -0.3730, -10.66
31.47, -0.3735, -10.70
31.48, -0.3740, -10.68
31.49, -0.3745, -10.69
31.50, -0.3750, -10.68
31.51, -0.3755, -10.70
31.52, -0.3760, -10.67
31.53, -0.3765, -10.70
31.54, -0.3770, -10.71
31.55, -0.3775, -10.67
31.56, -0.3780, -10.69
31.57, -0.3785, -10.71
31.58, -0.3790, -10.67
31.59, -0.3795, -10.70
31.60, -0.3800, -10.71
31.61, -0.3805, -10.68
31.62, -0.3810, -10.69
31.63, -0.3815, -10.69
31.64, -0.3820, -10.69
31.65, -0.3825, -10.71
31.66, -0.3830, -10.69
31.67, -0.3835, -10.68
31.68, -0.3840, -10.69
31.69, -0.3845, -10.69
31.70, -0.3850, -10.68
31.71, -0.3855, -10.66
31.72, -0.3860, -10.67
31.73, -0.3865, -10.67
31.74, -0.3870, -10.67
31.75, -0.3875, -10.67
31.76, -0.3880, -10.69
31.77, -0.3885, -10.66
31.78, -0.3890, -10.67
31.79, -0.3895, -10.67
31.80, -0.3900, -10.69
31.81, -0.3905, -10.69
31.82, -0.3910, -10.71
31.83, -0.3915, -10.73
31.84, -0.3920, -10.73
31.85, -0.3925, -10.78
31.86, -0.3930, -10.79
31.87, -0.3935, -10.78
31.88, -0.3940, -10.79
31.89, -0.3945, -10.79
31.90, -0.3950, -10.82
31.91, -0.3955, -10.84
31.92, -0.3960, -10.82
31.93, -0.3965, -10.83
31.94, -0.3970, -10.83
31.95, -0.3975, -10.86
31.96, -0.3980, -10.85
31.97, -0.3985, -10.83
31.98, -0.3990, -10.85
31.99, -0.3995, -10.83
32.00, -0.4000, -10.86
