0.01000, -0.3995, -96.46
0.02000, -0.3990, -87.93
0.03000, -0.3985, -81.82
0.04000, -0.3980, -76.30
0.05000, -0.3975, -71.67
0.06000, -0.3970, -67.99
0.07000, -0.3965, -64.36
0.08000, -0.3960, -61.12
0.09000, -0.3955, -57.72
0.1000, -0.3950, -55.32
0.1100, -0.3945, -52.79
0.1200, -0.3940, -50.44
0.1300, -0.3935, -48.36
0.1400, -0.3930, -45.99
0.1500, -0.3925, -44.44
0.1600, -0.3920, -42.80
0.1700, -0.3915, -41.19
0.1800, -0.3910, -39.57
0.1900, -0.3905, -38.36
0.2000, -0.3900, -37.12
0.2100, -0.3895, -35.99
0.2200, -0.3890, -34.54
0.2300, -0.3885, -33.60
0.2400, -0.3880, -32.42
0.2500, -0.3875, -31.86
0.2600, -0.3870, -31.08
0.2700, -0.3865, -29.37
0.2800, -0.3860, -29.20
0.2900, -0.3855, -28.88
0.3000, -0.3850, -27.89
0.3100, -0.3845, -27.40
0.3200, -0.3840, -26.75
0.3300, -0.3835, -26.48
0.3400, -0.3830, -25.34
0.3500, -0.3825, -24.99
0.3600, -0.3820, -24.54
0.3700, -0.3815, -24.03
0.3800, -0.3810, -23.69
0.3900, -0.3805, -23.04
0.4000, -0.3800, -22.60
0.4100, -0.3795, -22.25
0.4200, -0.3790, -21.80
0.4300, -0.3785, -21.48
0.4400, -0.3780, -20.95
0.4500, -0.3775, -20.57
0.4600, -0.3770, -20.30
0.4700, -0.3765, -19.96
0.4800, -0.3760, -19.47
0.4900, -0.3755, -18.29
0.5000, -0.3750, -18.94
0.5100, -0.3745, -18.73
0.5200, -0.3740, -18.39
0.5300, -0.3735, -18.22
0.5400, -0.3730, -17.79
0.5500, -0.3725, -17.62
0.5600, -0.3720, -17.36
0.5700, -0.3715, -17.06
0.5800, -0.3710, -16.57
0.5900, -0.3705, -16.44
0.6000, -0.3700, -16.41
0.6100, -0.3695, -16.11
0.6200, -0.3690, -15.86
0.6300, -0.3685, -15.42
0.6400, -0.3680, -15.35
0.6500, -0.3675, -15.23
0.6600, -0.3670, -15.02
0.6700, -0.3665, -14.86
0.6800, -0.3660, -14.02
0.6900, -0.3655, -13.60
0.7000, -0.3650, -14.20
0.7100, -0.3645, -14.06
0.7200, -0.3640, -13.84
0.7300, -0.3635, -12.69
0.7400, -0.3630, -13.47
0.7500, -0.3625, -13.28
0.7600, -0.3620, -13.18
0.7700, -0.3615, -13.01
0.7800, -0.3610, -12.13
0.7900, -0.3605, -12.68
0.8000, -0.3600, -12.57
0.8100, -0.3595, -12.44
0.8200, -0.3590, -12.29
0.8300, -0.3585, -10.35
0.8400, -0.3580, -11.54
0.8500, -0.3575, -11.84
0.8600, -0.3570, -11.73
0.8700, -0.3565, -11.57
0.8800, -0.3560, -10.82
0.8900, -0.3555, -11.42
0.9000, -0.3550, -11.05
0.9100, -0.3545, -11.17
0.9200, -0.3540, -11.01
0.9300, -0.3535, -9.354
0.9400, -0.3530, -10.59
0.9500, -0.3525, -10.71
0.9600, -0.3520, -10.54
0.9700, -0.3515, -9.333
0.9800, -0.3510, -10.01
0.9900, -0.3505, -8.153
1.000, -0.3500, -10.08
1.010, -0.3495, -10.06
1.020, -0.3490, -6.132
1.030, -0.3485, -7.640
1.040, -0.3480, -7.012
1.050, -0.3475, -6.373
1.060, -0.3470, -9.723
1.070, -0.3465, -6.708
1.080, -0.3460, -8.177
1.090, -0.3455, -5.694
1.100, -0.3450, -9.262
1.110, -0.3445, -9.478
1.120, -0.3440, -8.048
1.130, -0.3435, -8.739
1.140, -0.3430, -8.253
1.150, -0.3425, -8.904
1.160, -0.3420, -8.786
1.170, -0.3415, -8.640
1.180, -0.3410, -7.694
1.190, -0.3405, -7.892
1.200, -0.3400, -7.556
1.210, -0.3395, -8.336
1.220, -0.3390, -8.664
1.230, -0.3385, -7.209
1.240, -0.3380, -6.994
1.250, -0.3375, -7.903
1.260, -0.3370, -7.932
1.270, -0.3365, -5.373
1.280, -0.3360, -7.221
1.290, -0.3355, -7.498
1.300, -0.3350, -7.347
1.310, -0.3345, -7.570
1.320, -0.3340, -6.539
1.330, -0.3335, -6.560
1.340, -0.3330, -6.223
1.350, -0.3325, -6.411
1.360, -0.3320, -7.220
1.370, -0.3315, -4.280
1.380, -0.3310, -5.617
1.390, -0.3305, -5.970
1.400, -0.3300, -5.986
1.410, -0.3295, -6.930
1.420, -0.3290, -6.579
1.430, -0.3285, -5.959
1.440, -0.3280, -6.239
1.450, -0.3275, -5.522
1.460, -0.3270, -6.661
1.470, -0.3265, -5.919
1.480, -0.3260, -4.362
1.490, -0.3255, -5.412
1.500, -0.3250, -6.468
1.510, -0.3245, -6.349
1.520, -0.3240, -5.540
1.530, -0.3235, -3.900
1.540, -0.3230, -4.003
1.550, -0.3225, -5.272
1.560, -0.3220, -5.351
1.570, -0.3215, -5.429
1.580, -0.3210, -1.475
1.590, -0.3205, -4.025
1.600, -0.3200, -5.519
1.610, -0.3195, -4.135
1.620, -0.3190, -4.642
1.630, -0.3185, -4.956
1.640, -0.3180, -3.651
1.650, -0.3175, -5.452
1.660, -0.3170, -3.709
1.670, -0.3165, -5.219
1.680, -0.3160, -4.690
1.690, -0.3155, -4.063
1.700, -0.3150, -5.248
1.710, -0.3145, -2.865
1.720, -0.3140, -5.354
1.730, -0.3135, -4.269
1.740, -0.3130, -3.512
1.750, -0.3125, -4.746
1.760, -0.3120, -4.141
1.770, -0.3115, -5.154
1.780, -0.3110, -3.880
1.790, -0.3105, -4.740
1.800, -0.3100, -4.585
1.810, -0.3095, -1.937
1.820, -0.3090, -4.728
1.830, -0.3085, -3.025
1.840, -0.3080, -3.455
1.850, -0.3075, -5.075
1.860, -0.3070, -2.122
1.870, -0.3065, -4.589
1.880, -0.3060, -4.303
1.890, -0.3055, -4.143
1.900, -0.3050, -4.563
1.910, -0.3045, -0.8707
1.920, -0.3040, -4.413
1.930, -0.3035, -3.770
1.940, -0.3030, -2.327
1.950, -0.3025, -4.217
1.960, -0.3020, -4.227
1.970, -0.3015, -3.679
1.980, -0.3010, -3.853
1.990, -0.3005, -3.847
2.000, -0.3000, -3.899
2.010, -0.2995, -3.947
2.020, -0.2990, -3.564
2.030, -0.2985, -3.092
2.040, -0.2980, -3.439
2.050, -0.2975, -3.617
2.060, -0.2970, -1.274
2.070, -0.2965, -3.558
2.080, -0.2960, -3.544
2.090, -0.2955, -3.285
2.100, -0.2950, -3.711
2.110, -0.2945, -1.554
2.120, -0.2940, -3.410
2.130, -0.2935, -2.971
2.140, -0.2930, -1.324
2.150, -0.2925, -3.420
2.160, -0.2920, -2.498
2.170, -0.2915, -3.244
2.180, -0.2910, -3.041
2.190, -0.2905, -3.107
2.200, -0.2900, -3.197
2.210, -0.2895, -3.229
2.220, -0.2890, -3.031
2.230, -0.2885, -2.679
2.240, -0.2880, -1.971
2.250, -0.2875, -2.997
2.260, -0.2870, -3.055
2.270, -0.2865, -2.863
2.280, -0.2860, -2.501
2.290, -0.2855, -2.296
2.300, -0.2850, -2.869
2.310, -0.2845, -2.927
2.320, -0.2840, -2.825
2.330, -0.2835, -2.198
2.340, -0.2830, -2.510
2.350, -0.2825, -2.752
2.360, -0.2820, -2.704
2.370, -0.2815, -2.378
2.380, -0.2810, -1.796
2.390, -0.2805, -1.497
2.400, -0.2800, -2.551
2.410, -0.2795, -2.543
2.420, -0.2790, -2.282
2.430, -0.2785, -1.999
2.440, -0.2780, -1.904
2.450, -0.2775, -2.383
2.460, -0.2770, -2.391
2.470, -0.2765, -2.290
2.480, -0.2760, -1.782
2.490, -0.2755, -2.241
2.500, -0.2750, -2.239
2.510, -0.2745, -2.231
2.520, -0.2740, -2.281
2.530, -0.2735, -1.572
2.540, -0.2730, -1.189
2.550, -0.2725, -2.149
2.560, -0.2720, -2.141
2.570, -0.2715, -1.865
2.580, -0.2710, -1.713
2.590, -0.2705, -1.122
2.600, -0.2700, -2.031
2.610, -0.2695, -2.027
2.620, -0.2690, -2.061
2.630, -0.2685, -1.371
2.640, -0.2680, -1.236
2.650, -0.2675, -1.970
2.660, -0.2670, -1.733
2.670, -0.2665, -1.849
2.680, -0.2660, -1.111
2.690, -0.2655, -1.675
2.700, -0.2650, -1.876
2.710, -0.2645, -1.799
2.720, -0.2640, -1.728
2.730, -0.2635, -1.802
2.740, -0.2630, -1.192
2.750, -0.2625, -1.778
2.760, -0.2620, -1.710
2.770, -0.2615, -1.686
2.780, -0.2610, -1.121
2.790, -0.2605, -1.115
2.800, -0.2600, -1.601
2.810, -0.2595, -1.340
2.820, -0.2590, -1.358
2.830, -0.2585, -0.9698
2.840, -0.2580, -1.285
2.850, -0.2575, -1.446
2.860, -0.2570, -1.313
2.870, -0.2565, -1.413
2.880, -0.2560, -1.293
2.890, -0.2555, -0.5483
2.900, -0.2550, -1.352
2.910, -0.2545, -1.333
2.920, -0.2540, -1.382
2.930, -0.2535, -1.018
2.940, -0.2530, -0.2102
2.950, -0.2525, -1.287
2.960, -0.2520, -0.8436
2.970, -0.2515, -1.231
2.980, -0.2510, -0.8877
2.990, -0.2505, -0.7610
3.000, -0.2500, -1.235
3.010, -0.2495, -0.5881
3.020, -0.2490, -1.189
3.030, -0.2485, -0.5017
3.040, -0.2480, -0.8630
3.050, -0.2475, -1.212
3.060, -0.2470, -0.8801
3.070, -0.2465, -1.121
3.080, -0.2460, -0.7446
3.090, -0.2455, -0.6547
3.100, -0.2450, -1.141
3.110, -0.2445, -0.4952
3.120, -0.2440, -1.046
3.130, -0.2435, -0.5887
3.140, -0.2430, -0.3945
3.150, -0.2425, -1.061
3.160, -0.2420, 0.6947
3.170, -0.2415, -0.9517
3.180, -0.2410, -0.9107
3.190, -0.2405, -0.8244
3.200, -0.2400, -0.9040
3.210, -0.2395, 0.3689
3.220, -0.2390, -0.8295
3.230, -0.2385, -0.7865
3.240, -0.2380, 0.1350
3.250, -0.2375, -0.8129
3.260, -0.2370, -0.5881
3.270, -0.2365, -0.7481
3.280, -0.2360, -0.4012
3.290, -0.2355, -0.1274
3.300, -0.2350, -0.7297
3.310, -0.2345, 0.1705
3.320, -0.2340, -0.7041
3.330, -0.2335, -0.4193
3.340, -0.2330, -0.3827
3.350, -0.2325, -0.6449
3.360, -0.2320, 0.3311
3.370, -0.2315, -0.6295
3.380, -0.2310, -0.1582
3.390, -0.2305, -0.1439
3.400, -0.2300, -0.5927
3.410, -0.2295, 0.2600
3.420, -0.2290, -0.5671
3.430, -0.2285, -0.2369
3.440, -0.2280, -0.5979
3.450, -0.2275, -0.5355
3.460, -0.2270, 0.03528
3.470, -0.2265, -0.4753
3.480, -0.2260, -0.2731
3.490, -0.2255, -0.5446
3.500, -0.2250, -0.5222
3.510, -0.2245, 0.3395
3.520, -0.2240, -0.4209
3.530, -0.2235, -0.2500
3.540, -0.2230, -0.2487
3.550, -0.2225, -0.4535
3.560, -0.2220, 1.012
3.570, -0.2215, -0.3839
3.580, -0.2210, -0.2463
3.590, -0.2205, 0.06827
3.600, -0.2200, -0.3751
3.610, -0.2195, 0.2931
3.620, -0.2190, -0.3245
3.630, -0.2185, -0.2906
3.640, -0.2180, -0.2613
3.650, -0.2175, -0.2938
3.660, -0.2170, 0.2703
3.670, -0.2165, -0.1841
3.680, -0.2160, 0.02686
3.690, -0.2155, -0.1362
3.700, -0.2150, -0.1749
3.710, -0.2145, 0.8403
3.720, -0.2140, -0.1199
3.730, -0.2135, -0.03134
3.740, -0.2130, 0.3081
3.750, -0.2125, -0.1295
3.760, -0.2120, 0.6689
3.770, -0.2115, -0.05040
3.780, -0.2110, 0.07738
3.790, -0.2105, 0.4366
3.800, -0.2100, -0.08161
3.810, -0.2095, 0.2755
3.820, -0.2090, 0.01273
3.830, -0.2085, 0.005015
3.840, -0.2080, 0.5244
3.850, -0.2075, -0.009843
3.860, -0.2070, 0.7036
3.870, -0.2065, 0.03272
3.880, -0.2060, -0.08451
3.890, -0.2055, 0.3506
3.900, -0.2050, -0.004720
3.910, -0.2045, 0.2070
3.920, -0.2040, 0.07953
3.930, -0.2035, 0.1262
3.940, -0.2030, 0.2317
3.950, -0.2025, 0.005844
3.960, -0.2020, 0.2854
3.970, -0.2015, 0.09363
3.980, -0.2010, 0.06115
3.990, -0.2005, 0.3829
4.000, -0.2000, 0.08813
4.010, -0.1995, 0.5507
4.020, -0.1990, 0.1648
4.030, -0.1985, 0.2286
4.040, -0.1980, 0.1797
4.050, -0.1975, 0.1722
4.060, -0.1970, 0.2015
4.070, -0.1965, 0.2724
4.080, -0.1960, 0.2865
4.090, -0.1955, 0.4126
4.100, -0.1950, 0.2424
4.110, -0.1945, 0.5399
4.120, -0.1940, 0.3149
4.130, -0.1935, 0.3479
4.140, -0.1930, 0.4677
4.150, -0.1925, 0.3107
4.160, -0.1920, 0.9705
4.170, -0.1915, 0.3730
4.180, -0.1910, 0.4484
4.190, -0.1905, 0.5068
4.200, -0.1900, 0.3182
4.210, -0.1895, 1.308
4.220, -0.1890, 0.3970
4.230, -0.1885, 0.4024
4.240, -0.1880, 0.3185
4.250, -0.1875, 0.3778
4.260, -0.1870, 0.7184
4.270, -0.1865, 0.4183
4.280, -0.1860, 0.4325
4.290, -0.1855, 0.2592
4.300, -0.1850, 0.3834
4.310, -0.1845, 1.033
4.320, -0.1840, 0.4724
4.330, -0.1835, 0.4892
4.340, -0.1830, 0.5016
4.350, -0.1825, 0.4138
4.360, -0.1820, 0.6597
4.370, -0.1815, 0.4703
4.380, -0.1810, 0.4813
4.390, -0.1805, 0.6066
4.400, -0.1800, 0.4270
4.410, -0.1795, 0.8167
4.420, -0.1790, 0.4870
4.430, -0.1785, 0.4588
4.440, -0.1780, 0.6220
4.450, -0.1775, 0.5062
4.460, -0.1770, 0.8868
4.470, -0.1765, 0.5781
4.480, -0.1760, 0.5966
4.490, -0.1755, 0.8656
4.500, -0.1750, 0.5845
4.510, -0.1745, 0.9130
4.520, -0.1740, 0.6728
4.530, -0.1735, 0.6167
4.540, -0.1730, 0.8274
4.550, -0.1725, 0.6263
4.560, -0.1720, 0.9159
4.570, -0.1715, 0.6881
4.580, -0.1710, 0.6828
4.590, -0.1705, 0.6649
4.600, -0.1700, 0.6470
4.610, -0.1695, 1.062
4.620, -0.1690, 0.7028
4.630, -0.1685, 0.6507
4.640, -0.1680, 0.8178
4.650, -0.1675, 0.6645
4.660, -0.1670, 1.181
4.670, -0.1665, 0.7106
4.680, -0.1660, 0.6545
4.690, -0.1655, 0.9297
4.700, -0.1650, 0.6692
4.710, -0.1645, 0.9588
4.720, -0.1640, 0.7779
4.730, -0.1635, 0.7634
4.740, -0.1630, 0.8439
4.750, -0.1625, 0.6849
4.760, -0.1620, 0.8561
4.770, -0.1615, 0.7474
4.780, -0.1610, 0.7288
4.790, -0.1605, 0.8893
4.800, -0.1600, 0.7543
4.810, -0.1595, 0.8892
4.820, -0.1590, 0.7612
4.830, -0.1585, 0.7806
4.840, -0.1580, 0.8048
4.850, -0.1575, 0.7479
4.860, -0.1570, 0.9228
4.870, -0.1565, 0.8487
4.880, -0.1560, 0.8502
4.890, -0.1555, 0.8353
4.900, -0.1550, 0.8348
4.910, -0.1545, 1.195
4.920, -0.1540, 0.8943
4.930, -0.1535, 0.8670
4.940, -0.1530, 0.9813
4.950, -0.1525, 0.9183
4.960, -0.1520, 0.8800
4.970, -0.1515, 0.9260
4.980, -0.1510, 0.8594
4.990, -0.1505, 1.082
5.000, -0.1500, 0.9051
5.010, -0.1495, 1.181
5.020, -0.1490, 0.9942
5.030, -0.1485, 0.9166
5.040, -0.1480, 0.8952
5.050, -0.1475, 0.9409
5.060, -0.1470, 1.331
5.070, -0.1465, 0.9457
5.080, -0.1460, 0.9357
5.090, -0.1455, 1.038
5.100, -0.1450, 0.9642
5.110, -0.1445, 1.132
5.120, -0.1440, 0.9912
5.130, -0.1435, 0.9585
5.140, -0.1430, 0.9177
5.150, -0.1425, 0.9822
5.160, -0.1420, 1.211
5.170, -0.1415, 1.015
5.180, -0.1410, 0.9958
5.190, -0.1405, 1.193
5.200, -0.1400, 0.9404
5.210, -0.1395, 1.136
5.220, -0.1390, 1.012
5.230, -0.1385, 0.9924
5.240, -0.1380, 0.9991
5.250, -0.1375, 1.005
5.260, -0.1370, 1.209
5.270, -0.1365, 1.031
5.280, -0.1360, 1.011
5.290, -0.1355, 1.097
5.300, -0.1350, 1.026
5.310, -0.1345, 1.142
5.320, -0.1340, 1.108
5.330, -0.1335, 1.074
5.340, -0.1330, 1.091
5.350, -0.1325, 1.114
5.360, -0.1320, 1.205
5.370, -0.1315, 1.209
5.380, -0.1310, 1.126
5.390, -0.1305, 1.181
5.400, -0.1300, 1.115
5.410, -0.1295, 1.284
5.420, -0.1290, 1.196
5.430, -0.1285, 1.161
5.440, -0.1280, 1.226
5.450, -0.1275, 1.141
5.460, -0.1270, 1.048
5.470, -0.1265, 1.214
5.480, -0.1260, 1.173
5.490, -0.1255, 1.201
5.500, -0.1250, 1.176
5.510, -0.1245, 1.208
5.520, -0.1240, 1.202
5.530, -0.1235, 1.184
5.540, -0.1230, 1.282
5.550, -0.1225, 1.222
5.560, -0.1220, 1.360
5.570, -0.1215, 1.262
5.580, -0.1210, 1.197
5.590, -0.1205, 1.259
5.600, -0.1200, 1.221
5.610, -0.1195, 1.265
5.620, -0.1190, 1.253
5.630, -0.1185, 1.228
5.640, -0.1180, 1.281
5.650, -0.1175, 1.213
5.660, -0.1170, 1.330
5.670, -0.1165, 1.267
5.680, -0.1160, 1.202
5.690, -0.1155, 1.263
5.700, -0.1150, 1.222
5.710, -0.1145, 1.430
5.720, -0.1140, 1.307
5.730, -0.1135, 1.303
5.740, -0.1130, 1.319
5.750, -0.1125, 1.343
5.760, -0.1120, 1.214
5.770, -0.1115, 1.400
5.780, -0.1110, 1.352
5.790, -0.1105, 1.425
5.800, -0.1100, 1.381
5.810, -0.1095, 1.534
5.820, -0.1090, 1.454
5.830, -0.1085, 1.395
5.840, -0.1080, 1.406
5.850, -0.1075, 1.420
5.860, -0.1070, 1.555
5.870, -0.1065, 1.440
5.880, -0.1060, 1.399
5.890, -0.1055, 1.449
5.900, -0.1050, 1.431
5.910, -0.1045, 1.432
5.920, -0.1040, 1.502
5.930, -0.1035, 1.458
5.940, -0.1030, 1.449
5.950, -0.1025, 1.454
5.960, -0.1020, 1.372
5.970, -0.1015, 1.523
5.980, -0.1010, 1.445
5.990, -0.1005, 1.485
6.000, -0.1000, 1.476
6.010, -0.09950, 1.548
6.020, -0.09900, 1.511
6.030, -0.09850, 1.485
6.040, -0.09800, 1.550
6.050, -0.09750, 1.477
6.060, -0.09700, 1.538
6.070, -0.09650, 1.530
6.080, -0.09600, 1.476
6.090, -0.09550, 1.530
6.100, -0.09500, 1.495
6.110, -0.09450, 1.505
6.120, -0.09400, 1.513
6.130, -0.09350, 1.534
6.140, -0.09300, 1.619
6.150, -0.09250, 1.561
6.160, -0.09200, 1.597
6.170, -0.09150, 1.640
6.180, -0.09100, 1.617
6.190, -0.09050, 1.683
6.200, -0.09000, 1.645
6.210, -0.08950, 1.925
6.220, -0.08900, 1.701
6.230, -0.08850, 1.670
6.240, -0.08800, 1.710
6.250, -0.08750, 1.689
6.260, -0.08700, 1.743
6.270, -0.08650, 1.713
6.280, -0.08600, 1.695
6.290, -0.08550, 1.741
6.300, -0.08500, 1.685
6.310, -0.08450, 1.808
6.320, -0.08400, 1.730
6.330, -0.08350, 1.706
6.340, -0.08300, 1.759
6.350, -0.08250, 1.707
6.360, -0.08200, 1.773
6.370, -0.08150, 1.758
6.380, -0.08100, 1.725
6.390, -0.08050, 1.828
6.400, -0.08000, 1.705
6.410, -0.07950, 1.773
6.420, -0.07900, 1.770
6.430, -0.07850, 1.734
6.440, -0.07800, 1.824
6.450, -0.07750, 1.771
6.460, -0.07700, 1.935
6.470, -0.07650, 1.818
6.480, -0.07600, 1.787
6.490, -0.07550, 1.843
6.500, -0.07500, 1.802
6.510, -0.07450, 1.887
6.520, -0.07400, 1.840
6.530, -0.07350, 1.805
6.540, -0.07300, 1.863
6.550, -0.07250, 1.842
6.560, -0.07200, 1.971
6.570, -0.07150, 1.931
6.580, -0.07100, 1.851
6.590, -0.07050, 2.002
6.600, -0.07000, 1.921
6.610, -0.06950, 2.009
6.620, -0.06900, 2.003
6.630, -0.06850, 1.967
6.640, -0.06800, 2.061
6.650, -0.06750, 2.053
6.660, -0.06700, 1.911
6.670, -0.06650, 2.084
6.680, -0.06600, 2.038
6.690, -0.06550, 2.111
6.700, -0.06500, 2.063
6.710, -0.06450, 2.077
6.720, -0.06400, 2.071
6.730, -0.06350, 2.054
6.740, -0.06300, 2.130
6.750, -0.06250, 2.089
6.760, -0.06200, 2.138
6.770, -0.06150, 2.150
6.780, -0.06100, 2.109
6.790, -0.06050, 2.169
6.800, -0.06000, 2.118
6.810, -0.05950, 2.096
6.820, -0.05900, 2.163
6.830, -0.05850, 2.176
6.840, -0.05800, 2.263
6.850, -0.05750, 2.211
6.860, -0.05700, 2.213
6.870, -0.05650, 2.197
6.880, -0.05600, 2.180
6.890, -0.05550, 2.301
6.900, -0.05500, 2.208
6.910, -0.05450, 2.229
6.920, -0.05400, 2.261
6.930, -0.05350, 2.240
6.940, -0.05300, 2.335
6.950, -0.05250, 2.249
6.960, -0.05200, 2.324
6.970, -0.05150, 2.312
6.980, -0.05100, 2.279
6.990, -0.05050, 2.383
7.000, -0.05000, 2.369
7.010, -0.04950, 2.456
7.020, -0.04900, 2.444
7.030, -0.04850, 2.438
7.040, -0.04800, 2.497
7.050, -0.04750, 2.483
7.060, -0.04700, 2.548
7.070, -0.04650, 2.544
7.080, -0.04600, 2.527
7.090, -0.04550, 2.609
7.100, -0.04500, 2.530
7.110, -0.04450, 2.607
7.120, -0.04400, 2.590
7.130, -0.04350, 2.561
7.140, -0.04300, 2.642
7.150, -0.04250, 2.593
7.160, -0.04200, 2.586
7.170, -0.04150, 2.605
7.180, -0.04100, 2.571
7.190, -0.04050, 2.690
7.200, -0.04000, 2.655
7.210, -0.03950, 2.663
7.220, -0.03900, 2.719
7.230, -0.03850, 2.670
7.240, -0.03800, 2.767
7.250, -0.03750, 2.737
7.260, -0.03700, 2.767
7.270, -0.03650, 2.762
7.280, -0.03600, 2.770
7.290, -0.03550, 2.861
7.300, -0.03500, 2.788
7.310, -0.03450, 2.805
7.320, -0.03400, 2.827
7.330, -0.03350, 2.826
7.340, -0.03300, 2.899
7.350, -0.03250, 2.861
7.360, -0.03200, 2.906
7.370, -0.03150, 2.883
7.380, -0.03100, 2.888
7.390, -0.03050, 2.985
7.400, -0.03000, 2.915
7.410, -0.02950, 3.009
7.420, -0.02900, 3.020
7.430, -0.02850, 3.030
7.440, -0.02800, 3.127
7.450, -0.02750, 3.094
7.460, -0.02700, 3.126
7.470, -0.02650, 3.159
7.480, -0.02600, 3.169
7.490, -0.02550, 3.234
7.500, -0.02500, 3.189
7.510, -0.02450, 3.261
7.520, -0.02400, 3.258
7.530, -0.02350, 3.235
7.540, -0.02300, 3.327
7.550, -0.02250, 3.280
7.560, -0.02200, 3.292
7.570, -0.02150, 3.351
7.580, -0.02100, 3.344
7.590, -0.02050, 3.455
7.600, -0.02000, 3.383
7.610, -0.01950, 3.413
7.620, -0.01900, 3.440
7.630, -0.01850, 3.460
7.640, -0.01800, 3.532
7.650, -0.01750, 3.455
7.660, -0.01700, 3.496
7.670, -0.01650, 3.574
7.680, -0.01600, 3.549
7.690, -0.01550, 3.600
7.700, -0.01500, 3.594
7.710, -0.01450, 3.592
7.720, -0.01400, 3.648
7.730, -0.01350, 3.668
7.740, -0.01300, 3.717
7.750, -0.01250, 3.703
7.760, -0.01200, 3.694
7.770, -0.01150, 3.755
7.780, -0.01100, 3.742
7.790, -0.01050, 3.823
7.800, -0.01000, 3.777
7.810, -0.009500, 3.820
7.820, -0.009000, 3.897
7.830, -0.008500, 3.891
7.840, -0.008000, 3.998
7.850, -0.007500, 3.980
7.860, -0.007000, 4.010
7.870, -0.006500, 4.077
7.880, -0.006000, 4.063
7.890, -0.005500, 4.157
7.900, -0.005000, 4.111
7.910, -0.004500, 4.157
7.920, -0.004000, 4.250
7.930, -0.003500, 4.203
7.940, -0.003000, 4.271
7.950, -0.002500, 4.238
7.960, -0.002000, 4.294
7.970, -0.001500, 4.345
7.980, -0.001000, 4.335
7.990, -0.0005000, 4.439
8.000, 0.000, 4.375
8.010, 0.0005000, 4.424
8.020, 0.001000, 4.465
8.030, 0.001500, 4.469
8.040, 0.002000, 4.544
8.050, 0.002500, 4.490
8.060, 0.003000, 4.550
8.070, 0.003500, 4.595
8.080, 0.004000, 4.594
8.090, 0.004500, 4.687
8.100, 0.005000, 4.621
8.110, 0.005500, 4.660
8.120, 0.006000, 4.733
8.130, 0.006500, 4.714
8.140, 0.007000, 4.834
8.150, 0.007500, 4.795
8.160, 0.008000, 4.839
8.170, 0.008500, 4.897
8.180, 0.009000, 4.858
8.190, 0.009500, 4.981
8.200, 0.01000, 4.928
8.210, 0.01050, 4.941
8.220, 0.01100, 5.014
8.230, 0.01150, 5.034
8.240, 0.01200, 5.141
8.250, 0.01250, 5.120
8.260, 0.01300, 5.174
8.270, 0.01350, 5.206
8.280, 0.01400, 5.266
8.290, 0.01450, 5.339
8.300, 0.01500, 5.317
8.310, 0.01550, 5.385
8.320, 0.01600, 5.449
8.330, 0.01650, 5.435
8.340, 0.01700, 5.550
8.350, 0.01750, 5.440
8.360, 0.01800, 5.525
8.370, 0.01850, 5.627
8.380, 0.01900, 5.598
8.390, 0.01950, 5.696
8.400, 0.02000, 5.635
8.410, 0.02050, 5.685
8.420, 0.02100, 5.743
8.430, 0.02150, 5.742
8.440, 0.02200, 5.839
8.450, 0.02250, 5.804
8.460, 0.02300, 5.888
8.470, 0.02350, 5.916
8.480, 0.02400, 5.916
8.490, 0.02450, 5.993
8.500, 0.02500, 5.974
8.510, 0.02550, 6.017
8.520, 0.02600, 6.119
8.530, 0.02650, 6.095
8.540, 0.02700, 6.189
8.550, 0.02750, 6.096
8.560, 0.02800, 6.183
8.570, 0.02850, 6.214
8.580, 0.02900, 6.252
8.590, 0.02950, 6.339
8.600, 0.03000, 6.270
8.610, 0.03050, 6.345
8.620, 0.03100, 6.376
8.630, 0.03150, 6.414
8.640, 0.03200, 6.486
8.650, 0.03250, 6.443
8.660, 0.03300, 6.516
8.670, 0.03350, 6.604
8.680, 0.03400, 6.607
8.690, 0.03450, 6.713
8.700, 0.03500, 6.699
8.710, 0.03550, 6.791
8.720, 0.03600, 6.833
8.730, 0.03650, 6.819
8.740, 0.03700, 6.955
8.750, 0.03750, 6.903
8.760, 0.03800, 6.965
8.770, 0.03850, 7.017
8.780, 0.03900, 7.037
8.790, 0.03950, 7.084
8.800, 0.04000, 7.059
8.810, 0.04050, 7.124
8.820, 0.04100, 7.209
8.830, 0.04150, 7.212
8.840, 0.04200, 7.290
8.850, 0.04250, 7.219
8.860, 0.04300, 7.307
8.870, 0.04350, 7.359
8.880, 0.04400, 7.354
8.890, 0.04450, 7.461
8.900, 0.04500, 7.401
8.910, 0.04550, 7.468
8.920, 0.04600, 7.540
8.930, 0.04650, 7.531
8.940, 0.04700, 7.624
8.950, 0.04750, 7.566
8.960, 0.04800, 7.633
8.970, 0.04850, 7.693
8.980, 0.04900, 7.719
8.990, 0.04950, 7.822
9.000, 0.05000, 7.743
9.010, 0.05050, 7.812
9.020, 0.05100, 7.896
9.030, 0.05150, 7.874
9.040, 0.05200, 7.966
9.050, 0.05250, 7.909
9.060, 0.05300, 7.968
9.070, 0.05350, 8.036
9.080, 0.05400, 8.087
9.090, 0.05450, 8.166
9.100, 0.05500, 8.189
9.110, 0.05550, 8.225
9.120, 0.05600, 8.311
9.130, 0.05650, 8.334
9.140, 0.05700, 8.452
9.150, 0.05750, 8.366
9.160, 0.05800, 8.476
9.170, 0.05850, 8.504
9.180, 0.05900, 8.535
9.190, 0.05950, 8.623
9.200, 0.06000, 8.596
9.210, 0.06050, 8.672
9.220, 0.06100, 8.709
9.230, 0.06150, 8.703
9.240, 0.06200, 8.835
9.250, 0.06250, 8.776
9.260, 0.06300, 8.845
9.270, 0.06350, 8.948
9.280, 0.06400, 8.886
9.290, 0.06450, 8.986
9.300, 0.06500, 8.943
9.310, 0.06550, 9.043
9.320, 0.06600, 9.072
9.330, 0.06650, 9.082
9.340, 0.06700, 9.183
9.350, 0.06750, 9.142
9.360, 0.06800, 9.205
9.370, 0.06850, 9.253
9.380, 0.06900, 9.267
9.390, 0.06950, 9.380
9.400, 0.07000, 9.340
9.410, 0.07050, 9.371
9.420, 0.07100, 9.455
9.430, 0.07150, 9.461
9.440, 0.07200, 9.533
9.450, 0.07250, 9.530
9.460, 0.07300, 9.582
9.470, 0.07350, 9.627
9.480, 0.07400, 9.656
9.490, 0.07450, 9.719
9.500, 0.07500, 9.711
9.510, 0.07550, 9.803
9.520, 0.07600, 9.900
9.530, 0.07650, 9.881
9.540, 0.07700, 10.01
9.550, 0.07750, 9.963
9.560, 0.07800, 10.04
9.570, 0.07850, 10.16
9.580, 0.07900, 10.14
9.590, 0.07950, 10.24
9.600, 0.08000, 10.20
9.610, 0.08050, 10.31
9.620, 0.08100, 10.33
9.630, 0.08150, 10.35
9.640, 0.08200, 10.42
9.650, 0.08250, 10.41
9.660, 0.08300, 10.47
9.670, 0.08350, 10.52
9.680, 0.08400, 10.54
9.690, 0.08450, 10.63
9.700, 0.08500, 10.61
9.710, 0.08550, 10.64
9.720, 0.08600, 10.70
9.730, 0.08650, 10.69
9.740, 0.08700, 10.79
9.750, 0.08750, 10.73
9.760, 0.08800, 10.85
9.770, 0.08850, 10.92
9.780, 0.08900, 10.91
9.790, 0.08950, 11.00
9.800, 0.09000, 10.99
9.810, 0.09050, 11.06
9.820, 0.09100, 11.12
9.830, 0.09150, 11.09
9.840, 0.09200, 11.18
9.850, 0.09250, 11.16
9.860, 0.09300, 11.22
9.870, 0.09350, 11.27
9.880, 0.09400, 11.29
9.890, 0.09450, 11.37
9.900, 0.09500, 11.36
9.910, 0.09550, 11.42
9.920, 0.09600, 11.47
9.930, 0.09650, 11.50
9.940, 0.09700, 11.63
9.950, 0.09750, 11.59
9.960, 0.09800, 11.68
9.970, 0.09850, 11.73
9.980, 0.09900, 11.73
9.990, 0.09950, 11.83
10.00, 0.1000, 11.82
10.01, 0.1005, 11.90
10.02, 0.1010, 11.95
10.03, 0.1015, 11.94
10.04, 0.1020, 12.04
10.05, 0.1025, 12.03
10.06, 0.1030, 12.08
10.07, 0.1035, 12.14
10.08, 0.1040, 12.12
10.09, 0.1045, 12.21
10.10, 0.1050, 12.18
10.11, 0.1055, 12.27
10.12, 0.1060, 12.31
10.13, 0.1065, 12.28
10.14, 0.1070, 12.39
10.15, 0.1075, 12.39
10.16, 0.1080, 12.44
10.17, 0.1085, 12.49
10.18, 0.1090, 12.49
10.19, 0.1095, 12.56
10.20, 0.1100, 12.52
10.21, 0.1105, 12.63
10.22, 0.1110, 12.65
10.23, 0.1115, 12.62
10.24, 0.1120, 12.73
10.25, 0.1125, 12.70
10.26, 0.1130, 12.78
10.27, 0.1135, 12.81
10.28, 0.1140, 12.81
10.29, 0.1145, 12.93
10.30, 0.1150, 12.86
10.31, 0.1155, 12.95
10.32, 0.1160, 13.01
10.33, 0.1165, 12.96
10.34, 0.1170, 13.10
10.35, 0.1175, 13.08
10.36, 0.1180, 13.17
10.37, 0.1185, 13.21
10.38, 0.1190, 13.22
10.39, 0.1195, 13.35
10.40, 0.1200, 13.32
10.41, 0.1205, 13.43
10.42, 0.1210, 13.40
10.43, 0.1215, 13.43
10.44, 0.1220, 13.54
10.45, 0.1225, 13.48
10.46, 0.1230, 13.56
10.47, 0.1235, 13.60
10.48, 0.1240, 13.59
10.49, 0.1245, 13.69
10.50, 0.1250, 13.67
10.51, 0.1255, 13.75
10.52, 0.1260, 13.79
10.53, 0.1265, 13.80
10.54, 0.1270, 13.89
10.55, 0.1275, 13.81
10.56, 0.1280, 13.87
10.57, 0.1285, 13.95
10.58, 0.1290, 13.89
10.59, 0.1295, 14.00
10.60, 0.1300, 13.95
10.61, 0.1305, 14.04
10.62, 0.1310, 14.06
10.63, 0.1315, 14.08
10.64, 0.1320, 14.12
10.65, 0.1325, 14.12
10.66, 0.1330, 14.20
10.67, 0.1335, 14.20
10.68, 0.1340, 14.19
10.69, 0.1345, 14.32
10.70, 0.1350, 14.27
10.71, 0.1355, 14.31
10.72, 0.1360, 14.33
10.73, 0.1365, 14.31
10.74, 0.1370, 14.43
10.75, 0.1375, 14.39
10.76, 0.1380, 14.46
10.77, 0.1385, 14.50
10.78, 0.1390, 14.53
10.79, 0.1395, 14.63
10.80, 0.1400, 14.59
10.81, 0.1405, 14.67
10.82, 0.1410, 14.69
10.83, 0.1415, 14.71
10.84, 0.1420, 14.83
10.85, 0.1425, 14.79
10.86, 0.1430, 14.84
10.87, 0.1435, 14.84
10.88, 0.1440, 14.87
10.89, 0.1445, 14.93
10.90, 0.1450, 14.89
10.91, 0.1455, 14.92
10.92, 0.1460, 14.99
10.93, 0.1465, 14.95
10.94, 0.1470, 15.05
10.95, 0.1475, 14.98
10.96, 0.1480, 15.04
10.97, 0.1485, 15.04
10.98, 0.1490, 15.06
10.99, 0.1495, 15.13
11.00, 0.1500, 15.08
11.01, 0.1505, 15.15
11.02, 0.1510, 15.17
11.03, 0.1515, 15.14
11.04, 0.1520, 15.26
11.05, 0.1525, 15.18
11.06, 0.1530, 15.21
11.07, 0.1535, 15.27
11.08, 0.1540, 15.23
11.09, 0.1545, 15.36
11.10, 0.1550, 15.29
11.11, 0.1555, 15.31
11.12, 0.1560, 15.37
11.13, 0.1565, 15.30
11.14, 0.1570, 15.39
11.15, 0.1575, 15.33
11.16, 0.1580, 15.37
11.17, 0.1585, 15.40
11.18, 0.1590, 15.39
11.19, 0.1595, 15.48
11.20, 0.1600, 15.43
11.21, 0.1605, 15.50
11.22, 0.1610, 15.53
11.23, 0.1615, 15.52
11.24, 0.1620, 15.61
11.25, 0.1625, 15.57
11.26, 0.1630, 15.63
11.27, 0.1635, 15.64
11.28, 0.1640, 15.59
11.29, 0.1645, 15.68
11.30, 0.1650, 15.62
11.31, 0.1655, 15.66
11.32, 0.1660, 15.65
11.33, 0.1665, 15.62
11.34, 0.1670, 15.70
11.35, 0.1675, 15.63
11.36, 0.1680, 15.66
11.37, 0.1685, 15.69
11.38, 0.1690, 15.66
11.39, 0.1695, 15.73
11.40, 0.1700, 15.64
11.41, 0.1705, 15.68
11.42, 0.1710, 15.72
11.43, 0.1715, 15.67
11.44, 0.1720, 15.74
11.45, 0.1725, 15.67
11.46, 0.1730, 15.67
11.47, 0.1735, 15.69
11.48, 0.1740, 15.67
11.49, 0.1745, 15.73
11.50, 0.1750, 15.64
11.51, 0.1755, 15.68
11.52, 0.1760, 15.67
11.53, 0.1765, 15.63
11.54, 0.1770, 15.70
11.55, 0.1775, 15.58
11.56, 0.1780, 15.66
11.57, 0.1785, 15.62
11.58, 0.1790, 15.61
11.59, 0.1795, 15.68
11.60, 0.1800, 15.56
11.61, 0.1805, 15.57
11.62, 0.1810, 15.60
11.63, 0.1815, 15.60
11.64, 0.1820, 15.68
11.65, 0.1825, 15.62
11.66, 0.1830, 15.66
11.67, 0.1835, 15.66
11.68, 0.1840, 15.63
11.69, 0.1845, 15.68
11.70, 0.1850, 15.58
11.71, 0.1855, 15.63
11.72, 0.1860, 15.65
11.73, 0.1865, 15.60
11.74, 0.1870, 15.66
11.75, 0.1875, 15.58
11.76, 0.1880, 15.54
11.77, 0.1885, 15.57
11.78, 0.1890, 15.50
11.79, 0.1895, 15.59
11.80, 0.1900, 15.48
11.81, 0.1905, 15.53
11.82, 0.1910, 15.52
11.83, 0.1915, 15.45
11.84, 0.1920, 15.49
11.85, 0.1925, 15.42
11.86, 0.1930, 15.45
11.87, 0.1935, 15.42
11.88, 0.1940, 15.38
11.89, 0.1945, 15.43
11.90, 0.1950, 15.34
11.91, 0.1955, 15.34
11.92, 0.1960, 15.36
11.93, 0.1965, 15.27
11.94, 0.1970, 15.35
11.95, 0.1975, 15.28
11.96, 0.1980, 15.27
11.97, 0.1985, 15.27
11.98, 0.1990, 15.20
11.99, 0.1995, 15.26
12.00, 0.2000, 15.17
12.01, 0.2005, 15.20
12.02, 0.2010, 15.16
12.03, 0.2015, 15.14
12.04, 0.2020, 15.19
12.05, 0.2025, 15.15
12.06, 0.2030, 15.13
12.07, 0.2035, 15.16
12.08, 0.2040, 15.12
12.09, 0.2045, 15.23
12.10, 0.2050, 15.12
12.11, 0.2055, 15.11
12.12, 0.2060, 15.14
12.13, 0.2065, 15.08
12.14, 0.2070, 15.11
12.15, 0.2075, 15.03
12.16, 0.2080, 15.06
12.17, 0.2085, 15.05
12.18, 0.2090, 15.01
12.19, 0.2095, 15.05
12.20, 0.2100, 14.93
12.21, 0.2105, 14.95
12.22, 0.2110, 14.96
12.23, 0.2115, 14.89
12.24, 0.2120, 14.95
12.25, 0.2125, 14.85
12.26, 0.2130, 14.87
12.27, 0.2135, 14.87
12.28, 0.2140, 14.80
12.29, 0.2145, 14.86
12.30, 0.2150, 14.78
12.31, 0.2155, 14.81
12.32, 0.2160, 14.81
12.33, 0.2165, 14.73
12.34, 0.2170, 14.81
12.35, 0.2175, 14.71
12.36, 0.2180, 14.76
12.37, 0.2185, 14.72
12.38, 0.2190, 14.66
12.39, 0.2195, 14.72
12.40, 0.2200, 14.62
12.41, 0.2205, 14.66
12.42, 0.2210, 14.66
12.43, 0.2215, 14.62
12.44, 0.2220, 14.65
12.45, 0.2225, 14.58
12.46, 0.2230, 14.64
12.47, 0.2235, 14.65
12.48, 0.2240, 14.64
12.49, 0.2245, 14.65
12.50, 0.2250, 14.62
12.51, 0.2255, 14.63
12.52, 0.2260, 14.62
12.53, 0.2265, 14.60
12.54, 0.2270, 14.68
12.55, 0.2275, 14.54
12.56, 0.2280, 14.59
12.57, 0.2285, 14.59
12.58, 0.2290, 14.55
12.59, 0.2295, 14.62
12.60, 0.2300, 14.55
12.61, 0.2305, 14.56
12.62, 0.2310, 14.52
12.63, 0.2315, 14.50
12.64, 0.2320, 14.56
12.65, 0.2325, 14.48
12.66, 0.2330, 14.48
12.67, 0.2335, 14.49
12.68, 0.2340, 14.47
12.69, 0.2345, 14.50
12.70, 0.2350, 14.42
12.71, 0.2355, 14.45
12.72, 0.2360, 14.44
12.73, 0.2365, 14.40
12.74, 0.2370, 14.46
12.75, 0.2375, 14.38
12.76, 0.2380, 14.41
12.77, 0.2385, 14.41
12.78, 0.2390, 14.37
12.79, 0.2395, 14.44
12.80, 0.2400, 14.32
12.81, 0.2405, 14.37
12.82, 0.2410, 14.37
12.83, 0.2415, 14.29
12.84, 0.2420, 14.34
12.85, 0.2425, 14.29
12.86, 0.2430, 14.34
12.87, 0.2435, 14.34
12.88, 0.2440, 14.32
12.89, 0.2445, 14.39
12.90, 0.2450, 14.33
12.91, 0.2455, 14.35
12.92, 0.2460, 14.39
12.93, 0.2465, 14.35
12.94, 0.2470, 14.42
12.95, 0.2475, 14.33
12.96, 0.2480, 14.37
12.97, 0.2485, 14.38
12.98, 0.2490, 14.37
12.99, 0.2495, 14.43
13.00, 0.2500, 14.32
13.01, 0.2505, 14.37
13.02, 0.2510, 14.39
13.03, 0.2515, 14.36
13.04, 0.2520, 14.40
13.05, 0.2525, 14.32
13.06, 0.2530, 14.32
13.07, 0.2535, 14.35
13.08, 0.2540, 14.31
13.09, 0.2545, 14.33
13.10, 0.2550, 14.25
13.11, 0.2555, 14.30
13.12, 0.2560, 14.28
13.13, 0.2565, 14.29
13.14, 0.2570, 14.30
13.15, 0.2575, 14.25
13.16, 0.2580, 14.27
13.17, 0.2585, 14.30
13.18, 0.2590, 14.25
13.19, 0.2595, 14.31
13.20, 0.2600, 14.23
13.21, 0.2605, 14.27
13.22, 0.2610, 14.28
13.23, 0.2615, 14.26
13.24, 0.2620, 14.28
13.25, 0.2625, 14.19
13.26, 0.2630, 14.23
13.27, 0.2635, 14.28
13.28, 0.2640, 14.23
13.29, 0.2645, 14.32
13.30, 0.2650, 14.23
13.31, 0.2655, 14.24
13.32, 0.2660, 14.31
13.33, 0.2665, 14.30
13.34, 0.2670, 14.32
13.35, 0.2675, 14.28
13.36, 0.2680, 14.33
13.37, 0.2685, 14.35
13.38, 0.2690, 14.33
13.39, 0.2695, 14.41
13.40, 0.2700, 14.31
13.41, 0.2705, 14.35
13.42, 0.2710, 14.38
13.43, 0.2715, 14.35
13.44, 0.2720, 14.40
13.45, 0.2725, 14.32
13.46, 0.2730, 14.36
13.47, 0.2735, 14.38
13.48, 0.2740, 14.35
13.49, 0.2745, 14.40
13.50, 0.2750, 14.30
13.51, 0.2755, 14.36
13.52, 0.2760, 14.40
13.53, 0.2765, 14.35
13.54, 0.2770, 14.41
13.55, 0.2775, 14.31
13.56, 0.2780, 14.35
13.57, 0.2785, 14.40
13.58, 0.2790, 14.36
13.59, 0.2795, 14.41
13.60, 0.2800, 14.35
13.61, 0.2805, 14.38
13.62, 0.2810, 14.43
13.63, 0.2815, 14.37
13.64, 0.2820, 14.42
13.65, 0.2825, 14.36
13.66, 0.2830, 14.42
13.67, 0.2835, 14.40
13.68, 0.2840, 14.43
13.69, 0.2845, 14.44
13.70, 0.2850, 14.38
13.71, 0.2855, 14.44
13.72, 0.2860, 14.52
13.73, 0.2865, 14.46
13.74, 0.2870, 14.53
13.75, 0.2875, 14.48
13.76, 0.2880, 14.55
13.77, 0.2885, 14.56
13.78, 0.2890, 14.56
13.79, 0.2895, 14.59
13.80, 0.2900, 14.56
13.81, 0.2905, 14.59
13.82, 0.2910, 14.63
13.83, 0.2915, 14.60
13.84, 0.2920, 14.68
13.85, 0.2925, 14.62
13.86, 0.2930, 14.66
13.87, 0.2935, 14.71
13.88, 0.2940, 14.65
13.89, 0.2945, 14.69
13.90, 0.2950, 14.63
13.91, 0.2955, 14.74
13.92, 0.2960, 14.73
13.93, 0.2965, 14.71
13.94, 0.2970, 14.78
13.95, 0.2975, 14.68
13.96, 0.2980, 14.72
13.97, 0.2985, 14.76
13.98, 0.2990, 14.73
13.99, 0.2995, 14.82
14.00, 0.3000, 14.71
14.01, 0.3005, 14.76
14.02, 0.3010, 14.78
14.03, 0.3015, 14.71
14.04, 0.3020, 14.82
14.05, 0.3025, 14.79
14.06, 0.3030, 14.85
14.07, 0.3035, 14.83
14.08, 0.3040, 14.84
14.09, 0.3045, 14.85
14.10, 0.3050, 14.83
14.11, 0.3055, 14.85
14.12, 0.3060, 14.90
14.13, 0.3065, 14.86
14.14, 0.3070, 14.96
14.15, 0.3075, 14.90
14.16, 0.3080, 14.96
14.17, 0.3085, 14.99
14.18, 0.3090, 14.98
14.19, 0.3095, 15.04
14.20, 0.3100, 14.99
14.21, 0.3105, 15.03
14.22, 0.3110, 15.10
14.23, 0.3115, 15.05
14.24, 0.3120, 15.14
14.25, 0.3125, 15.13
14.26, 0.3130, 15.13
14.27, 0.3135, 15.16
14.28, 0.3140, 15.13
14.29, 0.3145, 15.18
14.30, 0.3150, 15.16
14.31, 0.3155, 15.19
14.32, 0.3160, 15.19
14.33, 0.3165, 15.16
14.34, 0.3170, 15.24
14.35, 0.3175, 15.17
14.36, 0.3180, 15.24
14.37, 0.3185, 15.25
14.38, 0.3190, 15.20
14.39, 0.3195, 15.27
14.40, 0.3200, 15.18
14.41, 0.3205, 15.24
14.42, 0.3210, 15.24
14.43, 0.3215, 15.25
14.44, 0.3220, 15.32
14.45, 0.3225, 15.22
14.46, 0.3230, 15.29
14.47, 0.3235, 15.32
14.48, 0.3240, 15.26
14.49, 0.3245, 15.34
14.50, 0.3250, 15.31
14.51, 0.3255, 15.32
14.52, 0.3260, 15.35
14.53, 0.3265, 15.30
14.54, 0.3270, 15.43
14.55, 0.3275, 15.32
14.56, 0.3280, 15.39
14.57, 0.3285, 15.40
14.58, 0.3290, 15.41
14.59, 0.3295, 15.50
14.60, 0.3300, 15.43
14.61, 0.3305, 15.49
14.62, 0.3310, 15.51
14.63, 0.3315, 15.50
14.64, 0.3320, 15.56
14.65, 0.3325, 15.52
14.66, 0.3330, 15.56
14.67, 0.3335, 15.54
14.68, 0.3340, 15.53
14.69, 0.3345, 15.62
14.70, 0.3350, 15.59
14.71, 0.3355, 15.63
14.72, 0.3360, 15.62
14.73, 0.3365, 15.58
14.74, 0.3370, 15.61
14.75, 0.3375, 15.59
14.76, 0.3380, 15.64
14.77, 0.3385, 15.63
14.78, 0.3390, 15.59
14.79, 0.3395, 15.66
14.80, 0.3400, 15.60
14.81, 0.3405, 15.64
14.82, 0.3410, 15.66
14.83, 0.3415, 15.62
14.84, 0.3420, 15.68
14.85, 0.3425, 15.64
14.86, 0.3430, 15.69
14.87, 0.3435, 15.67
14.88, 0.3440, 15.65
14.89, 0.3445, 15.69
14.90, 0.3450, 15.64
14.91, 0.3455, 15.70
14.92, 0.3460, 15.71
14.93, 0.3465, 15.67
14.94, 0.3470, 15.77
14.95, 0.3475, 15.66
14.96, 0.3480, 15.70
14.97, 0.3485, 15.73
14.98, 0.3490, 15.70
14.99, 0.3495, 15.80
15.00, 0.3500, 15.77
15.01, 0.3505, 15.78
15.02, 0.3510, 15.83
15.03, 0.3515, 15.83
15.04, 0.3520, 15.87
15.05, 0.3525, 15.81
15.06, 0.3530, 15.87
15.07, 0.3535, 15.88
15.08, 0.3540, 15.86
15.09, 0.3545, 15.93
15.10, 0.3550, 15.88
15.11, 0.3555, 15.87
15.12, 0.3560, 15.89
15.13, 0.3565, 15.87
15.14, 0.3570, 15.93
15.15, 0.3575, 15.88
15.16, 0.3580, 15.88
15.17, 0.3585, 15.91
15.18, 0.3590, 15.90
15.19, 0.3595, 15.97
15.20, 0.3600, 15.91
15.21, 0.3605, 15.90
15.22, 0.3610, 15.93
15.23, 0.3615, 15.90
15.24, 0.3620, 15.98
15.25, 0.3625, 15.87
15.26, 0.3630, 15.90
15.27, 0.3635, 15.93
15.28, 0.3640, 15.90
15.29, 0.3645, 15.97
15.30, 0.3650, 15.89
15.31, 0.3655, 15.91
15.32, 0.3660, 15.92
15.33, 0.3665, 15.90
15.34, 0.3670, 15.98
15.35, 0.3675, 15.92
15.36, 0.3680, 15.90
15.37, 0.3685, 15.94
15.38, 0.3690, 15.93
15.39, 0.3695, 15.99
15.40, 0.3700, 15.95
15.41, 0.3705, 15.97
15.42, 0.3710, 15.98
15.43, 0.3715, 16.02
15.44, 0.3720, 16.07
15.45, 0.3725, 16.01
15.46, 0.3730, 16.01
15.47, 0.3735, 16.03
15.48, 0.3740, 16.08
15.49, 0.3745, 16.10
15.50, 0.3750, 16.04
15.51, 0.3755, 16.05
15.52, 0.3760, 16.05
15.53, 0.3765, 16.05
15.54, 0.3770, 16.13
15.55, 0.3775, 16.04
15.56, 0.3780, 16.08
15.57, 0.3785, 16.09
15.58, 0.3790, 16.07
15.59, 0.3795, 16.14
15.60, 0.3800, 16.05
15.61, 0.3805, 16.08
15.62, 0.3810, 16.09
15.63, 0.3815, 16.09
15.64, 0.3820, 16.13
15.65, 0.3825, 16.07
15.66, 0.3830, 16.09
15.67, 0.3835, 16.09
15.68, 0.3840, 16.07
15.69, 0.3845, 16.15
15.70, 0.3850, 16.06
15.71, 0.3855, 16.11
15.72, 0.3860, 16.11
15.73, 0.3865, 16.08
15.74, 0.3870, 16.15
15.75, 0.3875, 16.07
15.76, 0.3880, 16.12
15.77, 0.3885, 16.13
15.78, 0.3890, 16.10
15.79, 0.3895, 16.14
15.80, 0.3900, 16.07
15.81, 0.3905, 16.11
15.82, 0.3910, 16.14
15.83, 0.3915, 16.13
15.84, 0.3920, 16.20
15.85, 0.3925, 16.16
15.86, 0.3930, 16.19
15.87, 0.3935, 16.22
15.88, 0.3940, 16.20
15.89, 0.3945, 16.26
15.90, 0.3950, 16.17
15.91, 0.3955, 16.22
15.92, 0.3960, 16.24
15.93, 0.3965, 16.24
15.94, 0.3970, 16.32
15.95, 0.3975, 16.22
15.96, 0.3980, 16.25
15.97, 0.3985, 16.26
15.98, 0.3990, 16.25
15.99, 0.3995, 16.29
16.00, 0.4000, 16.23
16.01, 0.3995, 16.00
16.02, 0.3990, 15.83
16.03, 0.3985, 15.58
16.04, 0.3980, 15.45
16.05, 0.3975, 15.16
16.06, 0.3970, 15.05
16.07, 0.3965, 14.95
16.08, 0.3960, 14.75
16.09, 0.3955, 14.64
16.10, 0.3950, 14.40
16.11, 0.3945, 14.32
16.12, 0.3940, 14.22
16.13, 0.3935, 14.04
16.14, 0.3930, 13.99
16.15, 0.3925, 13.78
16.16, 0.3920, 13.67
16.17, 0.3915, 13.60
16.18, 0.3910, 13.44
16.19, 0.3905, 13.38
16.20, 0.3900, 13.22
16.21, 0.3895, 13.13
16.22, 0.3890, 13.02
16.23, 0.3885, 12.91
16.24, 0.3880, 12.83
16.25, 0.3875, 12.67
16.26, 0.3870, 12.59
16.27, 0.3865, 12.51
16.28, 0.3860, 12.36
16.29, 0.3855, 12.30
16.30, 0.3850, 12.14
16.31, 0.3845, 12.07
16.32, 0.3840, 12.00
16.33, 0.3835, 11.88
16.34, 0.3830, 11.81
16.35, 0.3825, 11.66
16.36, 0.3820, 11.59
16.37, 0.3815, 11.53
16.38, 0.3810, 11.45
16.39, 0.3805, 11.40
16.40, 0.3800, 11.28
16.41, 0.3795, 11.23
16.42, 0.3790, 11.16
16.43, 0.3785, 11.07
16.44, 0.3780, 11.01
16.45, 0.3775, 10.89
16.46, 0.3770, 10.88
16.47, 0.3765, 10.84
16.48, 0.3760, 10.70
16.49, 0.3755, 10.66
16.50, 0.3750, 10.52
16.51, 0.3745, 10.47
16.52, 0.3740, 10.46
16.53, 0.3735, 10.33
16.54, 0.3730, 10.33
16.55, 0.3725, 10.17
16.56, 0.3720, 10.17
16.57, 0.3715, 10.10
16.58, 0.3710, 10.03
16.59, 0.3705, 10.03
16.60, 0.3700, 9.864
16.61, 0.3695, 9.860
16.62, 0.3690, 9.841
16.63, 0.3685, 9.716
16.64, 0.3680, 9.722
16.65, 0.3675, 9.562
16.66, 0.3670, 9.537
16.67, 0.3665, 9.449
16.68, 0.3660, 9.360
16.69, 0.3655, 9.368
16.70, 0.3650, 9.233
16.71, 0.3645, 9.215
16.72, 0.3640, 9.172
16.73, 0.3635, 9.069
16.74, 0.3630, 9.029
16.75, 0.3625, 8.922
16.76, 0.3620, 8.908
16.77, 0.3615, 8.849
16.78, 0.3610, 8.769
16.79, 0.3605, 8.779
16.80, 0.3600, 8.627
16.81, 0.3595, 8.637
16.82, 0.3590, 8.627
16.83, 0.3585, 8.519
16.84, 0.3580, 8.526
16.85, 0.3575, 8.413
16.86, 0.3570, 8.427
16.87, 0.3565, 8.391
16.88, 0.3560, 8.261
16.89, 0.3555, 8.302
16.90, 0.3550, 8.171
16.91, 0.3545, 8.178
16.92, 0.3540, 8.110
16.93, 0.3535, 8.034
16.94, 0.3530, 8.069
16.95, 0.3525, 7.936
16.96, 0.3520, 7.896
16.97, 0.3515, 7.893
16.98, 0.3510, 7.807
16.99, 0.3505, 7.822
17.00, 0.3500, 7.733
17.01, 0.3495, 7.758
17.02, 0.3490, 7.689
17.03, 0.3485, 7.621
17.04, 0.3480, 7.617
17.05, 0.3475, 7.502
17.06, 0.3470, 7.531
17.07, 0.3465, 7.464
17.08, 0.3460, 7.401
17.09, 0.3455, 7.405
17.10, 0.3450, 7.289
17.11, 0.3445, 7.265
17.12, 0.3440, 7.206
17.13, 0.3435, 7.116
17.14, 0.3430, 7.131
17.15, 0.3425, 7.013
17.16, 0.3420, 7.031
17.17, 0.3415, 6.977
17.18, 0.3410, 6.910
17.19, 0.3405, 6.954
17.20, 0.3400, 6.846
17.21, 0.3395, 6.861
17.22, 0.3390, 6.825
17.23, 0.3385, 6.723
17.24, 0.3380, 6.752
17.25, 0.3375, 6.651
17.26, 0.3370, 6.685
17.27, 0.3365, 6.635
17.28, 0.3360, 6.532
17.29, 0.3355, 6.597
17.30, 0.3350, 6.482
17.31, 0.3345, 6.518
17.32, 0.3340, 6.504
17.33, 0.3335, 6.408
17.34, 0.3330, 6.431
17.35, 0.3325, 6.326
17.36, 0.3320, 6.391
17.37, 0.3315, 6.319
17.38, 0.3310, 6.238
17.39, 0.3305, 6.290
17.40, 0.3300, 6.204
17.41, 0.3295, 6.169
17.42, 0.3290, 6.158
17.43, 0.3285, 6.086
17.44, 0.3280, 6.131
17.45, 0.3275, 6.065
17.46, 0.3270, 6.089
17.47, 0.3265, 6.021
17.48, 0.3260, 5.986
17.49, 0.3255, 5.995
17.50, 0.3250, 5.904
17.51, 0.3245, 5.874
17.52, 0.3240, 5.840
17.53, 0.3235, 5.763
17.54, 0.3230, 5.801
17.55, 0.3225, 5.680
17.56, 0.3220, 5.701
17.57, 0.3215, 5.625
17.58, 0.3210, 5.590
17.59, 0.3205, 5.615
17.60, 0.3200, 5.537
17.61, 0.3195, 5.565
17.62, 0.3190, 5.509
17.63, 0.3185, 5.449
17.64, 0.3180, 5.483
17.65, 0.3175, 5.402
17.66, 0.3170, 5.409
17.67, 0.3165, 5.380
17.68, 0.3160, 5.360
17.69, 0.3155, 5.384
17.70, 0.3150, 5.278
17.71, 0.3145, 5.291
17.72, 0.3140, 5.305
17.73, 0.3135, 5.236
17.74, 0.3130, 5.265
17.75, 0.3125, 5.154
17.76, 0.3120, 5.164
17.77, 0.3115, 5.125
17.78, 0.3110, 5.106
17.79, 0.3105, 5.136
17.80, 0.3100, 5.022
17.81, 0.3095, 5.065
17.82, 0.3090, 5.042
17.83, 0.3085, 5.014
17.84, 0.3080, 5.045
17.85, 0.3075, 4.957
17.86, 0.3070, 4.947
17.87, 0.3065, 4.909
17.88, 0.3060, 4.869
17.89, 0.3055, 4.900
17.90, 0.3050, 4.860
17.91, 0.3045, 4.870
17.92, 0.3040, 4.819
17.93, 0.3035, 4.731
17.94, 0.3030, 4.800
17.95, 0.3025, 4.673
17.96, 0.3020, 4.668
17.97, 0.3015, 4.641
17.98, 0.3010, 4.590
17.99, 0.3005, 4.650
18.00, 0.3000, 4.554
18.01, 0.2995, 4.517
18.02, 0.2990, 4.498
18.03, 0.2985, 4.471
18.04, 0.2980, 4.517
18.05, 0.2975, 4.453
18.06, 0.2970, 4.408
18.07, 0.2965, 4.395
18.08, 0.2960, 4.370
18.09, 0.2955, 4.456
18.10, 0.2950, 4.352
18.11, 0.2945, 4.340
18.12, 0.2940, 4.295
18.13, 0.2935, 4.281
18.14, 0.2930, 4.346
18.15, 0.2925, 4.221
18.16, 0.2920, 4.255
18.17, 0.2915, 4.260
18.18, 0.2910, 4.227
18.19, 0.2905, 4.250
18.20, 0.2900, 4.182
18.21, 0.2895, 4.167
18.22, 0.2890, 4.190
18.23, 0.2885, 4.152
18.24, 0.2880, 4.158
18.25, 0.2875, 4.084
18.26, 0.2870, 4.109
18.27, 0.2865, 4.100
18.28, 0.2860, 4.055
18.29, 0.2855, 4.091
18.30, 0.2850, 3.974
18.31, 0.2845, 3.992
18.32, 0.2840, 4.023
18.33, 0.2835, 3.951
18.34, 0.2830, 4.016
18.35, 0.2825, 3.898
18.36, 0.2820, 3.872
18.37, 0.2815, 3.901
18.38, 0.2810, 3.833
18.39, 0.2805, 3.851
18.40, 0.2800, 3.756
18.41, 0.2795, 3.729
18.42, 0.2790, 3.713
18.43, 0.2785, 3.697
18.44, 0.2780, 3.725
18.45, 0.2775, 3.651
18.46, 0.2770, 3.657
18.47, 0.2765, 3.674
18.48, 0.2760, 3.632
18.49, 0.2755, 3.662
18.50, 0.2750, 3.558
18.51, 0.2745, 3.601
18.52, 0.2740, 3.578
18.53, 0.2735, 3.560
18.54, 0.2730, 3.626
18.55, 0.2725, 3.493
18.56, 0.2720, 3.541
18.57, 0.2715, 3.527
18.58, 0.2710, 3.516
18.59, 0.2705, 3.520
18.60, 0.2700, 3.429
18.61, 0.2695, 3.447
18.62, 0.2690, 3.477
18.63, 0.2685, 3.436
18.64, 0.2680, 3.443
18.65, 0.2675, 3.349
18.66, 0.2670, 3.377
18.67, 0.2665, 3.386
18.68, 0.2660, 3.350
18.69, 0.2655, 3.392
18.70, 0.2650, 3.317
18.71, 0.2645, 3.296
18.72, 0.2640, 3.338
18.73, 0.2635, 3.252
18.74, 0.2630, 3.368
18.75, 0.2625, 3.243
18.76, 0.2620, 3.223
18.77, 0.2615, 3.237
18.78, 0.2610, 3.168
18.79, 0.2605, 3.231
18.80, 0.2600, 3.095
18.81, 0.2595, 3.129
18.82, 0.2590, 3.122
18.83, 0.2585, 3.072
18.84, 0.2580, 3.085
18.85, 0.2575, 3.012
18.86, 0.2570, 3.004
18.87, 0.2565, 2.995
18.88, 0.2560, 2.962
18.89, 0.2555, 3.005
18.90, 0.2550, 2.917
18.91, 0.2545, 2.982
18.92, 0.2540, 2.961
18.93, 0.2535, 2.898
18.94, 0.2530, 2.937
18.95, 0.2525, 2.874
18.96, 0.2520, 2.900
18.97, 0.2515, 2.946
18.98, 0.2510, 2.908
18.99, 0.2505, 2.937
19.00, 0.2500, 2.791
19.01, 0.2495, 2.818
19.02, 0.2490, 2.841
19.03, 0.2485, 2.791
19.04, 0.2480, 2.834
19.05, 0.2475, 2.781
19.06, 0.2470, 2.808
19.07, 0.2465, 2.777
19.08, 0.2460, 2.734
19.09, 0.2455, 2.785
19.10, 0.2450, 2.711
19.11, 0.2445, 2.747
19.12, 0.2440, 2.731
19.13, 0.2435, 2.696
19.14, 0.2430, 2.719
19.15, 0.2425, 2.638
19.16, 0.2420, 2.672
19.17, 0.2415, 2.685
19.18, 0.2410, 2.611
19.19, 0.2405, 2.644
19.20, 0.2400, 2.566
19.21, 0.2395, 2.539
19.22, 0.2390, 2.509
19.23, 0.2385, 2.496
19.24, 0.2380, 2.514
19.25, 0.2375, 2.391
19.26, 0.2370, 2.445
19.27, 0.2365, 2.433
19.28, 0.2360, 2.406
19.29, 0.2355, 2.454
19.30, 0.2350, 2.377
19.31, 0.2345, 2.378
19.32, 0.2340, 2.364
19.33, 0.2335, 2.332
19.34, 0.2330, 2.371
19.35, 0.2325, 2.303
19.36, 0.2320, 2.312
19.37, 0.2315, 2.317
19.38, 0.2310, 2.259
19.39, 0.2305, 2.322
19.40, 0.2300, 2.227
19.41, 0.2295, 2.274
19.42, 0.2290, 2.282
19.43, 0.2285, 2.226
19.44, 0.2280, 2.263
19.45, 0.2275, 2.186
19.46, 0.2270, 2.241
19.47, 0.2265, 2.219
19.48, 0.2260, 2.140
19.49, 0.2255, 2.202
19.50, 0.2250, 2.118
19.51, 0.2245, 2.139
19.52, 0.2240, 2.172
19.53, 0.2235, 2.110
19.54, 0.2230, 2.128
19.55, 0.2225, 2.058
19.56, 0.2220, 2.142
19.57, 0.2215, 2.123
19.58, 0.2210, 2.057
19.59, 0.2205, 2.091
19.60, 0.2200, 1.984
19.61, 0.2195, 2.059
19.62, 0.2190, 1.997
19.63, 0.2185, 1.954
19.64, 0.2180, 1.970
19.65, 0.2175, 1.905
19.66, 0.2170, 1.905
19.67, 0.2165, 1.905
19.68, 0.2160, 1.864
19.69, 0.2155, 1.903
19.70, 0.2150, 1.815
19.71, 0.2145, 1.865
19.72, 0.2140, 1.858
19.73, 0.2135, 1.780
19.74, 0.2130, 1.806
19.75, 0.2125, 1.735
19.76, 0.2120, 1.759
19.77, 0.2115, 1.780
19.78, 0.2110, 1.726
19.79, 0.2105, 1.780
19.80, 0.2100, 1.671
19.81, 0.2095, 1.708
19.82, 0.2090, 1.741
19.83, 0.2085, 1.687
19.84, 0.2080, 1.727
19.85, 0.2075, 1.641
19.86, 0.2070, 1.707
19.87, 0.2065, 1.712
19.88, 0.2060, 1.617
19.89, 0.2055, 1.702
19.90, 0.2050, 1.616
19.91, 0.2045, 1.657
19.92, 0.2040, 1.655
19.93, 0.2035, 1.567
19.94, 0.2030, 1.658
19.95, 0.2025, 1.578
19.96, 0.2020, 1.576
19.97, 0.2015, 1.591
19.98, 0.2010, 1.531
19.99, 0.2005, 1.588
20.00, 0.2000, 1.508
20.01, 0.1995, 1.525
20.02, 0.1990, 1.519
20.03, 0.1985, 1.479
20.04, 0.1980, 1.531
20.05, 0.1975, 1.419
20.06, 0.1970, 1.462
20.07, 0.1965, 1.412
20.08, 0.1960, 1.358
20.09, 0.1955, 1.434
20.10, 0.1950, 1.303
20.11, 0.1945, 1.315
20.12, 0.1940, 1.324
20.13, 0.1935, 1.271
20.14, 0.1930, 1.351
20.15, 0.1925, 1.228
20.16, 0.1920, 1.291
20.17, 0.1915, 1.279
20.18, 0.1910, 1.210
20.19, 0.1905, 1.275
20.20, 0.1900, 1.192
20.21, 0.1895, 1.227
20.22, 0.1890, 1.240
20.23, 0.1885, 1.162
20.24, 0.1880, 1.245
20.25, 0.1875, 1.183
20.26, 0.1870, 1.193
20.27, 0.1865, 1.171
20.28, 0.1860, 1.164
20.29, 0.1855, 1.212
20.30, 0.1850, 1.135
20.31, 0.1845, 1.168
20.32, 0.1840, 1.140
20.33, 0.1835, 1.098
20.34, 0.1830, 1.170
20.35, 0.1825, 1.120
20.36, 0.1820, 1.109
20.37, 0.1815, 1.122
20.38, 0.1810, 1.071
20.39, 0.1805, 1.117
20.40, 0.1800, 1.082
20.41, 0.1795, 1.067
20.42, 0.1790, 1.097
20.43, 0.1785, 1.060
20.44, 0.1780, 1.091
20.45, 0.1775, 0.9960
20.46, 0.1770, 0.9749
20.47, 0.1765, 0.9894
20.48, 0.1760, 0.9451
20.49, 0.1755, 0.9850
20.50, 0.1750, 0.8842
20.51, 0.1745, 0.9077
20.52, 0.1740, 0.9019
20.53, 0.1735, 0.8591
20.54, 0.1730, 0.8897
20.55, 0.1725, 0.8200
20.56, 0.1720, 0.8664
20.57, 0.1715, 0.8411
20.58, 0.1710, 0.8336
20.59, 0.1705, 0.8724
20.60, 0.1700, 0.7949
20.61, 0.1695, 0.8178
20.62, 0.1690, 0.7989
20.63, 0.1685, 0.7522
20.64, 0.1680, 0.8102
20.65, 0.1675, 0.7456
20.66, 0.1670, 0.7183
20.67, 0.1665, 0.7760
20.68, 0.1660, 0.7295
20.69, 0.1655, 0.7941
20.70, 0.1650, 0.7210
20.71, 0.1645, 0.7460
20.72, 0.1640, 0.7610
20.73, 0.1635, 0.7129
20.74, 0.1630, 0.7518
20.75, 0.1625, 0.6884
20.76, 0.1620, 0.7551
20.77, 0.1615, 0.7018
20.78, 0.1610, 0.6829
20.79, 0.1605, 0.7292
20.80, 0.1600, 0.6609
20.81, 0.1595, 0.6893
20.82, 0.1590, 0.6797
20.83, 0.1585, 0.6274
20.84, 0.1580, 0.6919
20.85, 0.1575, 0.6382
20.86, 0.1570, 0.6631
20.87, 0.1565, 0.6274
20.88, 0.1560, 0.5471
20.89, 0.1555, 0.6096
20.90, 0.1550, 0.5480
20.91, 0.1545, 0.5377
20.92, 0.1540, 0.5560
20.93, 0.1535, 0.4734
20.94, 0.1530, 0.5495
20.95, 0.1525, 0.4983
20.96, 0.1520, 0.4618
20.97, 0.1515, 0.4919
20.98, 0.1510, 0.4227
20.99, 0.1505, 0.4834
21.00, 0.1500, 0.4006
21.01, 0.1495, 0.4231
21.02, 0.1490, 0.4320
21.03, 0.1485, 0.3829
21.04, 0.1480, 0.4592
21.05, 0.1475, 0.4064
21.06, 0.1470, 0.4060
21.07, 0.1465, 0.4534
21.08, 0.1460, 0.4035
21.09, 0.1455, 0.4283
21.10, 0.1450, 0.3766
21.11, 0.1445, 0.4174
21.12, 0.1440, 0.3981
21.13, 0.1435, 0.3668
21.14, 0.1430, 0.4088
21.15, 0.1425, 0.3512
21.16, 0.1420, 0.3889
21.17, 0.1415, 0.3878
21.18, 0.1410, 0.3636
21.19, 0.1405, 0.3941
21.20, 0.1400, 0.3371
21.21, 0.1395, 0.3375
21.22, 0.1390, 0.3624
21.23, 0.1385, 0.3026
21.24, 0.1380, 0.3784
21.25, 0.1375, 0.3303
21.26, 0.1370, 0.3359
21.27, 0.1365, 0.3235
21.28, 0.1360, 0.2963
21.29, 0.1355, 0.3292
21.30, 0.1350, 0.2529
21.31, 0.1345, 0.2503
21.32, 0.1340, 0.2315
21.33, 0.1335, 0.2170
21.34, 0.1330, 0.2487
21.35, 0.1325, 0.1602
21.36, 0.1320, 0.1650
21.37, 0.1315, 0.1653
21.38, 0.1310, 0.1421
21.39, 0.1305, 0.2270
21.40, 0.1300, 0.1470
21.41, 0.1295, 0.1517
21.42, 0.1290, 0.1261
21.43, 0.1285, 0.1036
21.44, 0.1280, 0.1812
21.45, 0.1275, 0.08892
21.46, 0.1270, 0.1209
21.47, 0.1265, 0.1358
21.48, 0.1260, 0.1175
21.49, 0.1255, 0.1183
21.50, 0.1250, 0.04932
21.51, 0.1245, 0.05413
21.52, 0.1240, 0.09801
21.53, 0.1235, 0.05568
21.54, 0.1230, 0.1175
21.55, 0.1225, 0.03889
21.56, 0.1220, 0.06700
21.57, 0.1215, 0.07323
21.58, 0.1210, 0.03843
21.59, 0.1205, 0.1129
21.60, 0.1200, 0.01920
21.61, 0.1195, 0.06649
21.62, 0.1190, 0.04809
21.63, 0.1185, 0.005254
21.64, 0.1180, 0.08653
21.65, 0.1175, 0.01615
21.66, 0.1170, 0.03748
21.67, 0.1165, 0.04251
21.68, 0.1160, 0.008740
21.69, 0.1155, 0.07116
21.70, 0.1150, -0.02456
21.71, 0.1145, -0.01788
21.72, 0.1140, -0.006582
21.73, 0.1135, -0.06508
21.74, 0.1130, -0.03217
21.75, 0.1125, -0.09996
21.76, 0.1120, -0.08942
21.77, 0.1115, -0.09149
21.78, 0.1110, -0.1458
21.79, 0.1105, -0.03633
21.80, 0.1100, -0.1370
21.81, 0.1095, -0.1483
21.82, 0.1090, -0.1226
21.83, 0.1085, -0.1818
21.84, 0.1080, -0.1105
21.85, 0.1075, -0.1575
21.86, 0.1070, -0.1633
21.87, 0.1065, -0.1516
21.88, 0.1060, -0.1743
21.89, 0.1055, -0.1544
21.90, 0.1050, -0.2171
21.91, 0.1045, -0.1966
21.92, 0.1040, -0.2110
21.93, 0.1035, -0.2271
21.94, 0.1030, -0.1513
21.95, 0.1025, -0.2628
21.96, 0.1020, -0.2177
21.97, 0.1015, -0.1971
21.98, 0.1010, -0.2458
21.99, 0.1005, -0.1839
22.00, 0.1000, -0.2358
22.01, 0.09950, -0.2123
22.02, 0.09900, -0.2208
22.03, 0.09850, -0.2615
22.04, 0.09800, -0.2064
22.05, 0.09750, -0.2716
22.06, 0.09700, -0.2790
22.07, 0.09650, -0.2482
22.08, 0.09600, -0.2761
22.09, 0.09550, -0.2394
22.10, 0.09500, -0.3039
22.11, 0.09450, -0.2837
22.12, 0.09400, -0.2624
22.13, 0.09350, -0.3288
22.14, 0.09300, -0.3052
22.15, 0.09250, -0.3888
22.16, 0.09200, -0.3841
22.17, 0.09150, -0.3833
22.18, 0.09100, -0.4465
22.19, 0.09050, -0.3585
22.20, 0.09000, -0.4390
22.21, 0.08950, -0.4665
22.22, 0.08900, -0.4572
22.23, 0.08850, -0.5064
22.24, 0.08800, -0.4271
22.25, 0.08750, -0.5350
22.26, 0.08700, -0.5140
22.27, 0.08650, -0.5025
22.28, 0.08600, -0.5496
22.29, 0.08550, -0.4915
22.30, 0.08500, -0.5535
22.31, 0.08450, -0.5544
22.32, 0.08400, -0.5586
22.33, 0.08350, -0.5546
22.34, 0.08300, -0.5442
22.35, 0.08250, -0.6101
22.36, 0.08200, -0.5924
22.37, 0.08150, -0.5975
22.38, 0.08100, -0.6324
22.39, 0.08050, -0.5762
22.40, 0.08000, -0.6499
22.41, 0.07950, -0.6327
22.42, 0.07900, -0.6339
22.43, 0.07850, -0.6539
22.44, 0.07800, -0.6121
22.45, 0.07750, -0.6592
22.46, 0.07700, -0.6566
22.47, 0.07650, -0.6791
22.48, 0.07600, -0.6986
22.49, 0.07550, -0.6218
22.50, 0.07500, -0.7471
22.51, 0.07450, -0.7150
22.52, 0.07400, -0.7239
22.53, 0.07350, -0.7469
22.54, 0.07300, -0.7125
22.55, 0.07250, -0.7760
22.56, 0.07200, -0.8078
22.57, 0.07150, -0.8250
22.58, 0.07100, -0.8706
22.59, 0.07050, -0.8313
22.60, 0.07000, -0.9442
22.61, 0.06950, -0.9518
22.62, 0.06900, -0.9250
22.63, 0.06850, -1.004
22.64, 0.06800, -0.9196
22.65, 0.06750, -1.016
22.66, 0.06700, -1.055
22.67, 0.06650, -1.010
22.68, 0.06600, -1.079
22.69, 0.06550, -1.011
22.70, 0.06500, -1.102
22.71, 0.06450, -1.087
22.72, 0.06400, -1.097
22.73, 0.06350, -1.166
22.74, 0.06300, -1.078
22.75, 0.06250, -1.202
22.76, 0.06200, -1.193
22.77, 0.06150, -1.169
22.78, 0.06100, -1.226
22.79, 0.06050, -1.168
22.80, 0.06000, -1.241
22.81, 0.05950, -1.212
22.82, 0.05900, -1.246
22.83, 0.05850, -1.259
22.84, 0.05800, -1.219
22.85, 0.05750, -1.300
22.86, 0.05700, -1.328
22.87, 0.05650, -1.314
22.88, 0.05600, -1.339
22.89, 0.05550, -1.342
22.90, 0.05500, -1.385
22.91, 0.05450, -1.375
22.92, 0.05400, -1.398
22.93, 0.05350, -1.446
22.94, 0.05300, -1.410
22.95, 0.05250, -1.468
22.96, 0.05200, -1.517
22.97, 0.05150, -1.502
22.98, 0.05100, -1.579
22.99, 0.05050, -1.542
23.00, 0.05000, -1.660
23.01, 0.04950, -1.659
23.02, 0.04900, -1.670
23.03, 0.04850, -1.710
23.04, 0.04800, -1.702
23.05, 0.04750, -1.811
23.06, 0.04700, -1.810
23.07, 0.04650, -1.791
23.08, 0.04600, -1.856
23.09, 0.04550, -1.821
23.10, 0.04500, -1.925
23.11, 0.04450, -1.902
23.12, 0.04400, -1.924
23.13, 0.04350, -1.974
23.14, 0.04300, -1.957
23.15, 0.04250, -2.033
23.16, 0.04200, -2.028
23.17, 0.04150, -2.046
23.18, 0.04100, -2.081
23.19, 0.04050, -2.041
23.20, 0.04000, -2.150
23.21, 0.03950, -2.157
23.22, 0.03900, -2.139
23.23, 0.03850, -2.218
23.24, 0.03800, -2.160
23.25, 0.03750, -2.263
23.26, 0.03700, -2.246
23.27, 0.03650, -2.249
23.28, 0.03600, -2.331
23.29, 0.03550, -2.302
23.30, 0.03500, -2.349
23.31, 0.03450, -2.377
23.32, 0.03400, -2.412
23.33, 0.03350, -2.420
23.34, 0.03300, -2.434
23.35, 0.03250, -2.494
23.36, 0.03200, -2.523
23.37, 0.03150, -2.519
23.38, 0.03100, -2.568
23.39, 0.03050, -2.555
23.40, 0.03000, -2.646
23.41, 0.02950, -2.696
23.42, 0.02900, -2.700
23.43, 0.02850, -2.767
23.44, 0.02800, -2.713
23.45, 0.02750, -2.847
23.46, 0.02700, -2.874
23.47, 0.02650, -2.900
23.48, 0.02600, -2.953
23.49, 0.02550, -2.903
23.50, 0.02500, -3.005
23.51, 0.02450, -3.025
23.52, 0.02400, -3.011
23.53, 0.02350, -3.056
23.54, 0.02300, -3.060
23.55, 0.02250, -3.154
23.56, 0.02200, -3.159
23.57, 0.02150, -3.155
23.58, 0.02100, -3.213
23.59, 0.02050, -3.188
23.60, 0.02000, -3.286
23.61, 0.01950, -3.290
23.62, 0.01900, -3.317
23.63, 0.01850, -3.386
23.64, 0.01800, -3.337
23.65, 0.01750, -3.446
23.66, 0.01700, -3.431
23.67, 0.01650, -3.443
23.68, 0.01600, -3.511
23.69, 0.01550, -3.465
23.70, 0.01500, -3.583
23.71, 0.01450, -3.587
23.72, 0.01400, -3.587
23.73, 0.01350, -3.632
23.74, 0.01300, -3.623
23.75, 0.01250, -3.704
23.76, 0.01200, -3.705
23.77, 0.01150, -3.715
23.78, 0.01100, -3.786
23.79, 0.01050, -3.706
23.80, 0.01000, -3.833
23.81, 0.009500, -3.877
23.82, 0.009000, -3.885
23.83, 0.008500, -3.979
23.84, 0.008000, -3.949
23.85, 0.007500, -4.094
23.86, 0.007000, -4.121
23.87, 0.006500, -4.097
23.88, 0.006000, -4.183
23.89, 0.005500, -4.157
23.90, 0.005000, -4.275
23.91, 0.004500, -4.300
23.92, 0.004000, -4.286
23.93, 0.003500, -4.352
23.94, 0.003000, -4.304
23.95, 0.002500, -4.420
23.96, 0.002000, -4.418
23.97, 0.001500, -4.436
23.98, 0.001000, -4.471
23.99, 0.0005000, -4.484
24.00, 0.000, -4.606
24.01, -0.0005000, -4.552
24.02, -0.001000, -4.562
24.03, -0.001500, -4.675
24.04, -0.002000, -4.628
24.05, -0.002500, -4.710
24.06, -0.003000, -4.758
24.07, -0.003500, -4.734
24.08, -0.004000, -4.791
24.09, -0.004500, -4.787
24.10, -0.005000, -4.846
24.11, -0.005500, -4.844
24.12, -0.006000, -4.867
24.13, -0.006500, -4.925
24.14, -0.007000, -4.931
24.15, -0.007500, -5.010
24.16, -0.008000, -4.979
24.17, -0.008500, -5.007
24.18, -0.009000, -5.067
24.19, -0.009500, -5.059
24.20, -0.01000, -5.145
24.21, -0.01050, -5.133
24.22, -0.01100, -5.123
24.23, -0.01150, -5.210
24.24, -0.01200, -5.208
24.25, -0.01250, -5.330
24.26, -0.01300, -5.353
24.27, -0.01350, -5.396
24.28, -0.01400, -5.462
24.29, -0.01450, -5.418
24.30, -0.01500, -5.512
24.31, -0.01550, -5.523
24.32, -0.01600, -5.516
24.33, -0.01650, -5.645
24.34, -0.01700, -5.619
24.35, -0.01750, -5.688
24.36, -0.01800, -5.715
24.37, -0.01850, -5.732
24.38, -0.01900, -5.767
24.39, -0.01950, -5.718
24.40, -0.02000, -5.834
24.41, -0.02050, -5.860
24.42, -0.02100, -5.850
24.43, -0.02150, -5.916
24.44, -0.02200, -5.862
24.45, -0.02250, -5.964
24.46, -0.02300, -5.943
24.47, -0.02350, -5.973
24.48, -0.02400, -6.051
24.49, -0.02450, -6.020
24.50, -0.02500, -6.100
24.51, -0.02550, -6.089
24.52, -0.02600, -6.113
24.53, -0.02650, -6.182
24.54, -0.02700, -6.133
24.55, -0.02750, -6.219
24.56, -0.02800, -6.230
24.57, -0.02850, -6.240
24.58, -0.02900, -6.332
24.59, -0.02950, -6.316
24.60, -0.03000, -6.377
24.61, -0.03050, -6.374
24.62, -0.03100, -6.357
24.63, -0.03150, -6.440
24.64, -0.03200, -6.415
24.65, -0.03250, -6.537
24.66, -0.03300, -6.543
24.67, -0.03350, -6.542
24.68, -0.03400, -6.634
24.69, -0.03450, -6.627
24.70, -0.03500, -6.727
24.71, -0.03550, -6.734
24.72, -0.03600, -6.793
24.73, -0.03650, -6.866
24.74, -0.03700, -6.818
24.75, -0.03750, -6.914
24.76, -0.03800, -6.875
24.77, -0.03850, -6.912
24.78, -0.03900, -7.015
24.79, -0.03950, -6.966
24.80, -0.04000, -7.038
24.81, -0.04050, -7.064
24.82, -0.04100, -7.063
24.83, -0.04150, -7.144
24.84, -0.04200, -7.110
24.85, -0.04250, -7.204
24.86, -0.04300, -7.176
24.87, -0.04350, -7.201
24.88, -0.04400, -7.284
24.89, -0.04450, -7.238
24.90, -0.04500, -7.312
24.91, -0.04550, -7.315
24.92, -0.04600, -7.315
24.93, -0.04650, -7.401
24.94, -0.04700, -7.371
24.95, -0.04750, -7.448
24.96, -0.04800, -7.469
24.97, -0.04850, -7.458
24.98, -0.04900, -7.551
24.99, -0.04950, -7.472
25.00, -0.05000, -7.562
25.01, -0.05050, -7.583
25.02, -0.05100, -7.563
25.03, -0.05150, -7.648
25.04, -0.05200, -7.631
25.05, -0.05250, -7.739
25.06, -0.05300, -7.733
25.07, -0.05350, -7.723
25.08, -0.05400, -7.823
25.09, -0.05450, -7.772
25.10, -0.05500, -7.900
25.11, -0.05550, -7.910
25.12, -0.05600, -7.942
25.13, -0.05650, -8.008
25.14, -0.05700, -8.005
25.15, -0.05750, -8.101
25.16, -0.05800, -8.140
25.17, -0.05850, -8.137
25.18, -0.05900, -8.178
25.19, -0.05950, -8.133
25.20, -0.06000, -8.279
25.21, -0.06050, -8.267
25.22, -0.06100, -8.270
25.23, -0.06150, -8.364
25.24, -0.06200, -8.305
25.25, -0.06250, -8.335
25.26, -0.06300, -8.433
25.27, -0.06350, -8.412
25.28, -0.06400, -8.483
25.29, -0.06450, -8.425
25.30, -0.06500, -8.528
25.31, -0.06550, -8.525
25.32, -0.06600, -8.573
25.33, -0.06650, -8.593
25.34, -0.06700, -8.563
25.35, -0.06750, -8.668
25.36, -0.06800, -8.666
25.37, -0.06850, -8.698
25.38, -0.06900, -8.767
25.39, -0.06950, -8.716
25.40, -0.07000, -8.783
25.41, -0.07050, -8.802
25.42, -0.07100, -8.840
25.43, -0.07150, -8.884
25.44, -0.07200, -8.875
25.45, -0.07250, -8.947
25.46, -0.07300, -8.975
25.47, -0.07350, -8.994
25.48, -0.07400, -9.049
25.49, -0.07450, -8.973
25.50, -0.07500, -9.103
25.51, -0.07550, -9.123
25.52, -0.07600, -9.154
25.53, -0.07650, -9.245
25.54, -0.07700, -9.216
25.55, -0.07750, -9.311
25.56, -0.07800, -9.339
25.57, -0.07850, -9.363
25.58, -0.07900, -9.447
25.59, -0.07950, -9.411
25.60, -0.08000, -9.518
25.61, -0.08050, -9.525
25.62, -0.08100, -9.549
25.63, -0.08150, -9.613
25.64, -0.08200, -9.569
25.65, -0.08250, -9.665
25.66, -0.08300, -9.669
25.67, -0.08350, -9.649
25.68, -0.08400, -9.747
25.69, -0.08450, -9.715
25.70, -0.08500, -9.774
25.71, -0.08550, -9.803
25.72, -0.08600, -9.810
25.73, -0.08650, -9.859
25.74, -0.08700, -9.836
25.75, -0.08750, -9.917
25.76, -0.08800, -9.936
25.77, -0.08850, -9.939
25.78, -0.08900, -10.00
25.79, -0.08950, -10.00
25.80, -0.09000, -10.05
25.81, -0.09050, -10.07
25.82, -0.09100, -10.09
25.83, -0.09150, -10.15
25.84, -0.09200, -10.14
25.85, -0.09250, -10.16
25.86, -0.09300, -10.25
25.87, -0.09350, -10.26
25.88, -0.09400, -10.32
25.89, -0.09450, -10.28
25.90, -0.09500, -10.37
25.91, -0.09550, -10.39
25.92, -0.09600, -10.37
25.93, -0.09650, -10.46
25.94, -0.09700, -10.46
25.95, -0.09750, -10.54
25.96, -0.09800, -10.55
25.97, -0.09850, -10.58
25.98, -0.09900, -10.68
25.99, -0.09950, -10.64
26.00, -0.1000, -10.75
26.01, -0.1005, -10.76
26.02, -0.1010, -10.81
26.03, -0.1015, -10.85
26.04, -0.1020, -10.82
26.05, -0.1025, -10.92
26.06, -0.1030, -10.93
26.07, -0.1035, -10.93
26.08, -0.1040, -10.97
26.09, -0.1045, -10.93
26.10, -0.1050, -11.03
26.11, -0.1055, -11.04
26.12, -0.1060, -11.06
26.13, -0.1065, -11.09
26.14, -0.1070, -11.06
26.15, -0.1075, -11.13
26.16, -0.1080, -11.16
26.17, -0.1085, -11.18
26.18, -0.1090, -11.22
26.19, -0.1095, -11.19
26.20, -0.1100, -11.27
26.21, -0.1105, -11.28
26.22, -0.1110, -11.28
26.23, -0.1115, -11.32
26.24, -0.1120, -11.32
26.25, -0.1125, -11.39
26.26, -0.1130, -11.39
26.27, -0.1135, -11.39
26.28, -0.1140, -11.47
26.29, -0.1145, -11.44
26.30, -0.1150, -11.50
26.31, -0.1155, -11.49
26.32, -0.1160, -11.49
26.33, -0.1165, -11.57
26.34, -0.1170, -11.54
26.35, -0.1175, -11.63
26.36, -0.1180, -11.67
26.37, -0.1185, -11.70
26.38, -0.1190, -11.75
26.39, -0.1195, -11.70
26.40, -0.1200, -11.79
26.41, -0.1205, -11.78
26.42, -0.1210, -11.82
26.43, -0.1215, -11.89
26.44, -0.1220, -11.84
26.45, -0.1225, -11.93
26.46, -0.1230, -11.92
26.47, -0.1235, -11.96
26.48, -0.1240, -11.99
26.49, -0.1245, -11.94
26.50, -0.1250, -12.05
26.51, -0.1255, -12.00
26.52, -0.1260, -12.03
26.53, -0.1265, -12.11
26.54, -0.1270, -12.04
26.55, -0.1275, -12.08
26.56, -0.1280, -12.10
26.57, -0.1285, -12.09
26.58, -0.1290, -12.16
26.59, -0.1295, -12.09
26.60, -0.1300, -12.15
26.61, -0.1305, -12.16
26.62, -0.1310, -12.15
26.63, -0.1315, -12.20
26.64, -0.1320, -12.17
26.65, -0.1325, -12.29
26.66, -0.1330, -12.24
26.67, -0.1335, -12.23
26.68, -0.1340, -12.28
26.69, -0.1345, -12.22
26.70, -0.1350, -12.31
26.71, -0.1355, -12.29
26.72, -0.1360, -12.30
26.73, -0.1365, -12.34
26.74, -0.1370, -12.26
26.75, -0.1375, -12.34
26.76, -0.1380, -12.35
26.77, -0.1385, -12.36
26.78, -0.1390, -12.43
26.79, -0.1395, -12.40
26.80, -0.1400, -12.47
26.81, -0.1405, -12.46
26.82, -0.1410, -12.44
26.83, -0.1415, -12.50
26.84, -0.1420, -12.47
26.85, -0.1425, -12.53
26.86, -0.1430, -12.52
26.87, -0.1435, -12.55
26.88, -0.1440, -12.59
26.89, -0.1445, -12.50
26.90, -0.1450, -12.56
26.91, -0.1455, -12.57
26.92, -0.1460, -12.56
26.93, -0.1465, -12.60
26.94, -0.1470, -12.54
26.95, -0.1475, -12.59
26.96, -0.1480, -12.58
26.97, -0.1485, -12.56
26.98, -0.1490, -12.62
26.99, -0.1495, -12.54
27.00, -0.1500, -12.59
27.01, -0.1505, -12.56
27.02, -0.1510, -12.56
27.03, -0.1515, -12.58
27.04, -0.1520, -12.48
27.05, -0.1525, -12.58
27.06, -0.1530, -12.59
27.07, -0.1535, -12.58
27.08, -0.1540, -12.58
27.09, -0.1545, -12.51
27.10, -0.1550, -12.59
27.11, -0.1555, -12.57
27.12, -0.1560, -12.52
27.13, -0.1565, -12.57
27.14, -0.1570, -12.50
27.15, -0.1575, -12.54
27.16, -0.1580, -12.52
27.17, -0.1585, -12.53
27.18, -0.1590, -12.54
27.19, -0.1595, -12.48
27.20, -0.1600, -12.54
27.21, -0.1605, -12.55
27.22, -0.1610, -12.56
27.23, -0.1615, -12.60
27.24, -0.1620, -12.52
27.25, -0.1625, -12.58
27.26, -0.1630, -12.57
27.27, -0.1635, -12.55
27.28, -0.1640, -12.55
27.29, -0.1645, -12.52
27.30, -0.1650, -12.56
27.31, -0.1655, -12.52
27.32, -0.1660, -12.48
27.33, -0.1665, -12.57
27.34, -0.1670, -12.41
27.35, -0.1675, -12.47
27.36, -0.1680, -12.48
27.37, -0.1685, -12.47
27.38, -0.1690, -12.45
27.39, -0.1695, -12.35
27.40, -0.1700, -12.42
27.41, -0.1705, -12.38
27.42, -0.1710, -12.36
27.43, -0.1715, -12.42
27.44, -0.1720, -12.29
27.45, -0.1725, -12.37
27.46, -0.1730, -12.33
27.47, -0.1735, -12.31
27.48, -0.1740, -12.35
27.49, -0.1745, -12.22
27.50, -0.1750, -12.28
27.51, -0.1755, -12.26
27.52, -0.1760, -12.24
27.53, -0.1765, -12.25
27.54, -0.1770, -12.14
27.55, -0.1775, -12.21
27.56, -0.1780, -12.20
27.57, -0.1785, -12.13
27.58, -0.1790, -12.18
27.59, -0.1795, -12.10
27.60, -0.1800, -12.15
27.61, -0.1805, -12.11
27.62, -0.1810, -12.10
27.63, -0.1815, -12.13
27.64, -0.1820, -12.09
27.65, -0.1825, -12.14
27.66, -0.1830, -12.09
27.67, -0.1835, -12.05
27.68, -0.1840, -12.12
27.69, -0.1845, -12.02
27.70, -0.1850, -12.09
27.71, -0.1855, -12.04
27.72, -0.1860, -11.99
27.73, -0.1865, -12.01
27.74, -0.1870, -11.93
27.75, -0.1875, -11.97
27.76, -0.1880, -11.96
27.77, -0.1885, -11.91
27.78, -0.1890, -11.92
27.79, -0.1895, -11.83
27.80, -0.1900, -11.93
27.81, -0.1905, -11.86
27.82, -0.1910, -11.80
27.83, -0.1915, -11.84
27.84, -0.1920, -11.73
27.85, -0.1925, -11.84
27.86, -0.1930, -11.78
27.87, -0.1935, -11.72
27.88, -0.1940, -11.73
27.89, -0.1945, -11.67
27.90, -0.1950, -11.73
27.91, -0.1955, -11.67
27.92, -0.1960, -11.60
27.93, -0.1965, -11.64
27.94, -0.1970, -11.54
27.95, -0.1975, -11.62
27.96, -0.1980, -11.57
27.97, -0.1985, -11.51
27.98, -0.1990, -11.55
27.99, -0.1995, -11.48
28.00, -0.2000, -11.53
28.01, -0.2005, -11.50
28.02, -0.2010, -11.46
28.03, -0.2015, -11.49
28.04, -0.2020, -11.44
28.05, -0.2025, -11.49
28.06, -0.2030, -11.45
28.07, -0.2035, -11.44
28.08, -0.2040, -11.47
28.09, -0.2045, -11.36
28.10, -0.2050, -11.44
28.11, -0.2055, -11.42
28.12, -0.2060, -11.29
28.13, -0.2065, -11.37
28.14, -0.2070, -11.28
28.15, -0.2075, -11.35
28.16, -0.2080, -11.32
28.17, -0.2085, -11.28
28.18, -0.2090, -11.28
28.19, -0.2095, -11.23
28.20, -0.2100, -11.26
28.21, -0.2105, -11.20
28.22, -0.2110, -11.18
28.23, -0.2115, -11.20
28.24, -0.2120, -11.14
28.25, -0.2125, -11.23
28.26, -0.2130, -11.17
28.27, -0.2135, -11.10
28.28, -0.2140, -11.11
28.29, -0.2145, -11.03
28.30, -0.2150, -11.11
28.31, -0.2155, -11.06
28.32, -0.2160, -10.97
28.33, -0.2165, -11.01
28.34, -0.2170, -10.95
28.35, -0.2175, -11.01
28.36, -0.2180, -10.96
28.37, -0.2185, -10.90
28.38, -0.2190, -10.96
28.39, -0.2195, -10.84
28.40, -0.2200, -10.96
28.41, -0.2205, -10.87
28.42, -0.2210, -10.84
28.43, -0.2215, -10.86
28.44, -0.2220, -10.83
28.45, -0.2225, -10.86
28.46, -0.2230, -10.81
28.47, -0.2235, -10.78
28.48, -0.2240, -10.84
28.49, -0.2245, -10.78
28.50, -0.2250, -10.84
28.51, -0.2255, -10.80
28.52, -0.2260, -10.77
28.53, -0.2265, -10.83
28.54, -0.2270, -10.77
28.55, -0.2275, -10.79
28.56, -0.2280, -10.75
28.57, -0.2285, -10.73
28.58, -0.2290, -10.76
28.59, -0.2295, -10.67
28.60, -0.2300, -10.73
28.61, -0.2305, -10.69
28.62, -0.2310, -10.64
28.63, -0.2315, -10.70
28.64, -0.2320, -10.63
28.65, -0.2325, -10.67
28.66, -0.2330, -10.61
28.67, -0.2335, -10.59
28.68, -0.2340, -10.60
28.69, -0.2345, -10.50
28.70, -0.2350, -10.57
28.71, -0.2355, -10.52
28.72, -0.2360, -10.49
28.73, -0.2365, -10.57
28.74, -0.2370, -10.49
28.75, -0.2375, -10.49
28.76, -0.2380, -10.48
28.77, -0.2385, -10.46
28.78, -0.2390, -10.51
28.79, -0.2395, -10.42
28.80, -0.2400, -10.47
28.81, -0.2405, -10.43
28.82, -0.2410, -10.40
28.83, -0.2415, -10.41
28.84, -0.2420, -10.37
28.85, -0.2425, -10.39
28.86, -0.2430, -10.41
28.87, -0.2435, -10.38
28.88, -0.2440, -10.42
28.89, -0.2445, -10.36
28.90, -0.2450, -10.44
28.91, -0.2455, -10.41
28.92, -0.2460, -10.36
28.93, -0.2465, -10.44
28.94, -0.2470, -10.39
28.95, -0.2475, -10.42
28.96, -0.2480, -10.39
28.97, -0.2485, -10.35
28.98, -0.2490, -10.44
28.99, -0.2495, -10.34
29.00, -0.2500, -10.37
29.01, -0.2505, -10.38
29.02, -0.2510, -10.34
29.03, -0.2515, -10.40
29.04, -0.2520, -10.33
29.05, -0.2525, -10.39
29.06, -0.2530, -10.33
29.07, -0.2535, -10.31
29.08, -0.2540, -10.35
29.09, -0.2545, -10.29
29.10, -0.2550, -10.32
29.11, -0.2555, -10.29
29.12, -0.2560, -10.29
29.13, -0.2565, -10.31
29.14, -0.2570, -10.24
29.15, -0.2575, -10.28
29.16, -0.2580, -10.27
29.17, -0.2585, -10.22
29.18, -0.2590, -10.29
29.19, -0.2595, -10.22
29.20, -0.2600, -10.27
29.21, -0.2605, -10.27
29.22, -0.2610, -10.24
29.23, -0.2615, -10.29
29.24, -0.2620, -10.21
29.25, -0.2625, -10.25
29.26, -0.2630, -10.21
29.27, -0.2635, -10.20
29.28, -0.2640, -10.24
29.29, -0.2645, -10.21
29.30, -0.2650, -10.28
29.31, -0.2655, -10.27
29.32, -0.2660, -10.26
29.33, -0.2665, -10.34
29.34, -0.2670, -10.26
29.35, -0.2675, -10.32
29.36, -0.2680, -10.34
29.37, -0.2685, -10.33
29.38, -0.2690, -10.36
29.39, -0.2695, -10.30
29.40, -0.2700, -10.38
29.41, -0.2705, -10.35
29.42, -0.2710, -10.30
29.43, -0.2715, -10.35
29.44, -0.2720, -10.28
29.45, -0.2725, -10.33
29.46, -0.2730, -10.33
29.47, -0.2735, -10.29
29.48, -0.2740, -10.35
29.49, -0.2745, -10.30
29.50, -0.2750, -10.35
29.51, -0.2755, -10.33
29.52, -0.2760, -10.31
29.53, -0.2765, -10.36
29.54, -0.2770, -10.30
29.55, -0.2775, -10.34
29.56, -0.2780, -10.36
29.57, -0.2785, -10.32
29.58, -0.2790, -10.39
29.59, -0.2795, -10.32
29.60, -0.2800, -10.37
29.61, -0.2805, -10.37
29.62, -0.2810, -10.36
29.63, -0.2815, -10.40
29.64, -0.2820, -10.32
29.65, -0.2825, -10.36
29.66, -0.2830, -10.38
29.67, -0.2835, -10.38
29.68, -0.2840, -10.40
29.69, -0.2845, -10.35
29.70, -0.2850, -10.38
29.71, -0.2855, -10.41
29.72, -0.2860, -10.41
29.73, -0.2865, -10.46
29.74, -0.2870, -10.39
29.75, -0.2875, -10.48
29.76, -0.2880, -10.47
29.77, -0.2885, -10.50
29.78, -0.2890, -10.57
29.79, -0.2895, -10.46
29.80, -0.2900, -10.55
29.81, -0.2905, -10.54
29.82, -0.2910, -10.54
29.83, -0.2915, -10.60
29.84, -0.2920, -10.51
29.85, -0.2925, -10.58
29.86, -0.2930, -10.58
29.87, -0.2935, -10.58
29.88, -0.2940, -10.59
29.89, -0.2945, -10.55
29.90, -0.2950, -10.59
29.91, -0.2955, -10.59
29.92, -0.2960, -10.57
29.93, -0.2965, -10.62
29.94, -0.2970, -10.55
29.95, -0.2975, -10.63
29.96, -0.2980, -10.63
29.97, -0.2985, -10.60
29.98, -0.2990, -10.66
29.99, -0.2995, -10.59
30.00, -0.3000, -10.66
30.01, -0.3005, -10.66
30.02, -0.3010, -10.65
30.03, -0.3015, -10.68
30.04, -0.3020, -10.60
30.05, -0.3025, -10.69
30.06, -0.3030, -10.68
30.07, -0.3035, -10.62
30.08, -0.3040, -10.69
30.09, -0.3045, -10.64
30.10, -0.3050, -10.67
30.11, -0.3055, -10.67
30.12, -0.3060, -10.69
30.13, -0.3065, -10.73
30.14, -0.3070, -10.63
30.15, -0.3075, -10.75
30.16, -0.3080, -10.76
30.17, -0.3085, -10.76
30.18, -0.3090, -10.81
30.19, -0.3095, -10.70
30.20, -0.3100, -10.84
30.21, -0.3105, -10.84
30.22, -0.3110, -10.81
30.23, -0.3115, -10.87
30.24, -0.3120, -10.84
30.25, -0.3125, -10.87
30.26, -0.3130, -10.87
30.27, -0.3135, -10.85
30.28, -0.3140, -10.91
30.29, -0.3145, -10.84
30.30, -0.3150, -10.90
30.31, -0.3155, -10.88
30.32, -0.3160, -10.91
30.33, -0.3165, -10.90
30.34, -0.3170, -10.84
30.35, -0.3175, -10.92
30.36, -0.3180, -10.91
30.37, -0.3185, -10.89
30.38, -0.3190, -10.93
30.39, -0.3195, -10.87
30.40, -0.3200, -10.93
30.41, -0.3205, -10.92
30.42, -0.3210, -10.93
30.43, -0.3215, -10.98
30.44, -0.3220, -10.86
30.45, -0.3225, -10.95
30.46, -0.3230, -10.97
30.47, -0.3235, -10.96
30.48, -0.3240, -11.00
30.49, -0.3245, -10.92
30.50, -0.3250, -11.02
30.51, -0.3255, -10.98
30.52, -0.3260, -10.97
30.53, -0.3265, -11.01
30.54, -0.3270, -10.97
30.55, -0.3275, -11.03
30.56, -0.3280, -11.03
30.57, -0.3285, -11.03
30.58, -0.3290, -11.10
30.59, -0.3295, -11.04
30.60, -0.3300, -11.12
30.61, -0.3305, -11.12
30.62, -0.3310, -11.11
30.63, -0.3315, -11.16
30.64, -0.3320, -11.11
30.65, -0.3325, -11.16
30.66, -0.3330, -11.17
30.67, -0.3335, -11.16
30.68, -0.3340, -11.19
30.69, -0.3345, -11.14
30.70, -0.3350, -11.19
30.71, -0.3355, -11.21
30.72, -0.3360, -11.19
30.73, -0.3365, -11.20
30.74, -0.3370, -11.17
30.75, -0.3375, -11.23
30.76, -0.3380, -11.20
30.77, -0.3385, -11.19
30.78, -0.3390, -11.22
30.79, -0.3395, -11.17
30.80, -0.3400, -11.24
30.81, -0.3405, -11.24
30.82, -0.3410, -11.20
30.83, -0.3415, -11.25
30.84, -0.3420, -11.20
30.85, -0.3425, -11.26
30.86, -0.3430, -11.26
30.87, -0.3435, -11.23
30.88, -0.3440, -11.28
30.89, -0.3445, -11.23
30.90, -0.3450, -11.28
30.91, -0.3455, -11.26
30.92, -0.3460, -11.26
30.93, -0.3465, -11.31
30.94, -0.3470, -11.26
30.95, -0.3475, -11.32
30.96, -0.3480, -11.33
30.97, -0.3485, -11.29
30.98, -0.3490, -11.39
30.99, -0.3495, -11.34
31.00, -0.3500, -11.41
31.01, -0.3505, -11.41
31.02, -0.3510, -11.42
31.03, -0.3515, -11.43
31.04, -0.3520, -11.41
31.05, -0.3525, -11.48
31.06, -0.3530, -11.49
31.07, -0.3535, -11.47
31.08, -0.3540, -11.52
31.09, -0.3545, -11.47
31.10, -0.3550, -11.53
31.11, -0.3555, -11.51
31.12, -0.3560, -11.51
31.13, -0.3565, -11.53
31.14, -0.3570, -11.52
31.15, -0.3575, -11.58
31.16, -0.3580, -11.56
31.17, -0.3585, -11.52
31.18, -0.3590, -11.59
31.19, -0.3595, -11.53
31.20, -0.3600, -11.62
31.21, -0.3605, -11.58
31.22, -0.3610, -11.55
31.23, -0.3615, -11.61
31.24, -0.3620, -11.57
31.25, -0.3625, -11.62
31.26, -0.3630, -11.59
31.27, -0.3635, -11.57
31.28, -0.3640, -11.64
31.29, -0.3645, -11.57
31.30, -0.3650, -11.67
31.31, -0.3655, -11.66
31.32, -0.3660, -11.64
31.33, -0.3665, -11.68
31.34, -0.3670, -11.63
31.35, -0.3675, -11.70
31.36, -0.3680, -11.71
31.37, -0.3685, -11.68
31.38, -0.3690, -11.72
31.39, -0.3695, -11.69
31.40, -0.3700, -11.74
31.41, -0.3705, -11.75
31.42, -0.3710, -11.77
31.43, -0.3715, -11.85
31.44, -0.3720, -11.82
31.45, -0.3725, -11.87
31.46, -0.3730, -11.88
31.47, -0.3735, -11.84
31.48, -0.3740, -11.90
31.49, -0.3745, -11.84
31.50, -0.3750, -12.00
31.51, -0.3755, -11.94
31.52, -0.3760, -11.93
31.53, -0.3765, -11.99
31.54, -0.3770, -11.95
31.55, -0.3775, -11.99
31.56, -0.3780, -11.99
31.57, -0.3785, -11.97
31.58, -0.3790, -12.06
31.59, -0.3795, -11.99
31.60, -0.3800, -12.05
31.61, -0.3805, -12.06
31.62, -0.3810, -12.03
31.63, -0.3815, -12.06
31.64, -0.3820, -12.05
31.65, -0.3825, -12.11
31.66, -0.3830, -12.05
31.67, -0.3835, -12.03
31.68, -0.3840, -12.13
31.69, -0.3845, -12.09
31.70, -0.3850, -12.13
31.71, -0.3855, -12.11
31.72, -0.3860, -12.11
31.73, -0.3865, -12.17
31.74, -0.3870, -12.13
31.75, -0.3875, -12.19
31.76, -0.3880, -12.16
31.77, -0.3885, -12.16
31.78, -0.3890, -12.22
31.79, -0.3895, -12.19
31.80, -0.3900, -12.23
31.81, -0.3905, -12.27
31.82, -0.3910, -12.28
31.83, -0.3915, -12.33
31.84, -0.3920, -12.30
31.85, -0.3925, -12.38
31.86, -0.3930, -12.34
31.87, -0.3935, -12.38
31.88, -0.3940, -12.44
31.89, -0.3945, -12.40
31.90, -0.3950, -12.49
31.91, -0.3955, -12.45
31.92, -0.3960, -12.44
31.93, -0.3965, -12.51
31.94, -0.3970, -12.48
31.95, -0.3975, -12.53
31.96, -0.3980, -12.55
31.97, -0.3985, -12.50
31.98, -0.3990, -12.57
31.99, -0.3995, -12.55
32.00, -0.4000, -12.58
