0.01000, -0.3995, -23.52
0.02000, -0.3990, -7.757
0.03000, -0.3985, -4.517
0.04000, -0.3980, -3.326
0.05000, -0.3975, -2.711
0.06000, -0.3970, -2.324
0.07000, -0.3965, -2.034
0.08000, -0.3960, -1.836
0.09000, -0.3955, -1.699
0.1000, -0.3950, -1.566
0.1100, -0.3945, -1.463
0.1200, -0.3940, -1.391
0.1300, -0.3935, -1.300
0.1400, -0.3930, -1.234
0.1500, -0.3925, -1.186
0.1600, -0.3920, -1.145
0.1700, -0.3915, -1.089
0.1800, -0.3910, -1.054
0.1900, -0.3905, -1.025
0.2000, -0.3900, -0.9992
0.2100, -0.3895, -0.9510
0.2200, -0.3890, -0.9191
0.2300, -0.3885, -0.9006
0.2400, -0.3880, -0.8600
0.2500, -0.3875, -0.8334
0.2600, -0.3870, -0.7718
0.2700, -0.3865, -0.7623
0.2800, -0.3860, -0.7099
0.2900, -0.3855, -0.6874
0.3000, -0.3850, -0.6727
0.3100, -0.3845, -0.6592
0.3200, -0.3840, -0.6475
0.3300, -0.3835, -0.6304
0.3400, -0.3830, -0.6056
0.3500, -0.3825, -0.6218
0.3600, -0.3820, -0.5883
0.3700, -0.3815, -0.5836
0.3800, -0.3810, -0.5918
0.3900, -0.3805, -0.5690
0.4000, -0.3800, -0.5621
0.4100, -0.3795, -0.5723
0.4200, -0.3790, -0.5568
0.4300, -0.3785, -0.5532
0.4400, -0.3780, -0.5409
0.4500, -0.3775, -0.5446
0.4600, -0.3770, -0.5326
0.4700, -0.3765, -0.5391
0.4800, -0.3760, -0.5486
0.4900, -0.3755, -0.5244
0.5000, -0.3750, -0.5418
0.5100, -0.3745, -0.5036
0.5200, -0.3740, -0.5092
0.5300, -0.3735, -0.5018
0.5400, -0.3730, -0.5089
0.5500, -0.3725, -0.5050
0.5600, -0.3720, -0.5003
0.5700, -0.3715, -0.5109
0.5800, -0.3710, -0.4887
0.5900, -0.3705, -0.5119
0.6000, -0.3700, -0.4813
0.6100, -0.3695, -0.4884
0.6200, -0.3690, -0.4641
0.6300, -0.3685, -0.4925
0.6400, -0.3680, -0.4718
0.6500, -0.3675, -0.4414
0.6600, -0.3670, -0.4320
0.6700, -0.3665, -0.4353
0.6800, -0.3660, -0.4037
0.6900, -0.3655, -0.4054
0.7000, -0.3650, -0.3806
0.7100, -0.3645, -0.3607
0.7200, -0.3640, -0.3348
0.7300, -0.3635, -0.3379
0.7400, -0.3630, -0.3504
0.7500, -0.3625, -0.3416
0.7600, -0.3620, -0.3326
0.7700, -0.3615, -0.3500
0.7800, -0.3610, -0.3139
0.7900, -0.3605, -0.3237
0.8000, -0.3600, -0.3257
0.8100, -0.3595, -0.3216
0.8200, -0.3590, -0.3372
0.8300, -0.3585, -0.3320
0.8400, -0.3580, -0.3170
0.8500, -0.3575, -0.3265
0.8600, -0.3570, -0.3372
0.8700, -0.3565, -0.3529
0.8800, -0.3560, -0.3551
0.8900, -0.3555, -0.3285
0.9000, -0.3550, -0.3564
0.9100, -0.3545, -0.3449
0.9200, -0.3540, -0.3630
0.9300, -0.3535, -0.3436
0.9400, -0.3530, -0.3368
0.9500, -0.3525, -0.3668
0.9600, -0.3520, -0.3706
0.9700, -0.3515, -0.3482
0.9800, -0.3510, -0.3557
0.9900, -0.3505, -0.3661
1.000, -0.3500, -0.3449
1.010, -0.3495, -0.3402
1.020, -0.3490, -0.3699
1.030, -0.3485, -0.3533
1.040, -0.3480, -0.3528
1.050, -0.3475, -0.3567
1.060, -0.3470, -0.3583
1.070, -0.3465, -0.3431
1.080, -0.3460, -0.3129
1.090, -0.3455, -0.3066
1.100, -0.3450, -0.3070
1.110, -0.3445, -0.2828
1.120, -0.3440, -0.2819
1.130, -0.3435, -0.2707
1.140, -0.3430, -0.2429
1.150, -0.3425, -0.2274
1.160, -0.3420, -0.2472
1.170, -0.3415, -0.2201
1.180, -0.3410, -0.2216
1.190, -0.3405, -0.2415
1.200, -0.3400, -0.2405
1.210, -0.3395, -0.2348
1.220, -0.3390, -0.2366
1.230, -0.3385, -0.2767
1.240, -0.3380, -0.2596
1.250, -0.3375, -0.2576
1.260, -0.3370, -0.2662
1.270, -0.3365, -0.2634
1.280, -0.3360, -0.2416
1.290, -0.3355, -0.2783
1.300, -0.3350, -0.2606
1.310, -0.3345, -0.2772
1.320, -0.3340, -0.2762
1.330, -0.3335, -0.2820
1.340, -0.3330, -0.2697
1.350, -0.3325, -0.2888
1.360, -0.3320, -0.2852
1.370, -0.3315, -0.2948
1.380, -0.3310, -0.2817
1.390, -0.3305, -0.2812
1.400, -0.3300, -0.2803
1.410, -0.3295, -0.3027
1.420, -0.3290, -0.2794
1.430, -0.3285, -0.2891
1.440, -0.3280, -0.3065
1.450, -0.3275, -0.2904
1.460, -0.3270, -0.3089
1.470, -0.3265, -0.2873
1.480, -0.3260, -0.2951
1.490, -0.3255, -0.3117
1.500, -0.3250, -0.2901
1.510, -0.3245, -0.2614
1.520, -0.3240, -0.2449
1.530, -0.3235, -0.2210
1.540, -0.3230, -0.2209
1.550, -0.3225, -0.2050
1.560, -0.3220, -0.2067
1.570, -0.3215, -0.2213
1.580, -0.3210, -0.1839
1.590, -0.3205, -0.1712
1.600, -0.3200, -0.1847
1.610, -0.3195, -0.2006
1.620, -0.3190, -0.2063
1.630, -0.3185, -0.2040
1.640, -0.3180, -0.1956
1.650, -0.3175, -0.1990
1.660, -0.3170, -0.2173
1.670, -0.3165, -0.1980
1.680, -0.3160, -0.2309
1.690, -0.3155, -0.2294
1.700, -0.3150, -0.2368
1.710, -0.3145, -0.2186
1.720, -0.3140, -0.2314
1.730, -0.3135, -0.2300
1.740, -0.3130, -0.2400
1.750, -0.3125, -0.2425
1.760, -0.3120, -0.2531
1.770, -0.3115, -0.2422
1.780, -0.3110, -0.2522
1.790, -0.3105, -0.2690
1.800, -0.3100, -0.2502
1.810, -0.3095, -0.2545
1.820, -0.3090, -0.2533
1.830, -0.3085, -0.2603
1.840, -0.3080, -0.2424
1.850, -0.3075, -0.2612
1.860, -0.3070, -0.2686
1.870, -0.3065, -0.2566
1.880, -0.3060, -0.2805
1.890, -0.3055, -0.2731
1.900, -0.3050, -0.2813
1.910, -0.3045, -0.2523
1.920, -0.3040, -0.2506
1.930, -0.3035, -0.2481
1.940, -0.3030, -0.2121
1.950, -0.3025, -0.1993
1.960, -0.3020, -0.1742
1.970, -0.3015, -0.1536
1.980, -0.3010, -0.1709
1.990, -0.3005, -0.1669
2.000, -0.3000, -0.1661
2.010, -0.2995, -0.1698
2.020, -0.2990, -0.1337
2.030, -0.2985, -0.1716
2.040, -0.2980, -0.1712
2.050, -0.2975, -0.1790
2.060, -0.2970, -0.1671
2.070, -0.2965, -0.1864
2.080, -0.2960, -0.1827
2.090, -0.2955, -0.1788
2.100, -0.2950, -0.1863
2.110, -0.2945, -0.2098
2.120, -0.2940, -0.1904
2.130, -0.2935, -0.2116
2.140, -0.2930, -0.2113
2.150, -0.2925, -0.2214
2.160, -0.2920, -0.2082
2.170, -0.2915, -0.2158
2.180, -0.2910, -0.2287
2.190, -0.2905, -0.2249
2.200, -0.2900, -0.2504
2.210, -0.2895, -0.2077
2.220, -0.2890, -0.2244
2.230, -0.2885, -0.2118
2.240, -0.2880, -0.2320
2.250, -0.2875, -0.2427
2.260, -0.2870, -0.2404
2.270, -0.2865, -0.2394
2.280, -0.2860, -0.2350
2.290, -0.2855, -0.2528
2.300, -0.2850, -0.2303
2.310, -0.2845, -0.2458
2.320, -0.2840, -0.2595
2.330, -0.2835, -0.2513
2.340, -0.2830, -0.2352
2.350, -0.2825, -0.2333
2.360, -0.2820, -0.1752
2.370, -0.2815, -0.1647
2.380, -0.2810, -0.1648
2.390, -0.2805, -0.1701
2.400, -0.2800, -0.1857
2.410, -0.2795, -0.1459
2.420, -0.2790, -0.1290
2.430, -0.2785, -0.1448
2.440, -0.2780, -0.1279
2.450, -0.2775, -0.1421
2.460, -0.2770, -0.1464
2.470, -0.2765, -0.1173
2.480, -0.2760, -0.1237
2.490, -0.2755, -0.1626
2.500, -0.2750, -0.1761
2.510, -0.2745, -0.1831
2.520, -0.2740, -0.1864
2.530, -0.2735, -0.1851
2.540, -0.2730, -0.1846
2.550, -0.2725, -0.1675
2.560, -0.2720, -0.1968
2.570, -0.2715, -0.2054
2.580, -0.2710, -0.1891
2.590, -0.2705, -0.2008
2.600, -0.2700, -0.1954
2.610, -0.2695, -0.1919
2.620, -0.2690, -0.2084
2.630, -0.2685, -0.2115
2.640, -0.2680, -0.2115
2.650, -0.2675, -0.2179
2.660, -0.2670, -0.2127
2.670, -0.2665, -0.2135
2.680, -0.2660, -0.2161
2.690, -0.2655, -0.2324
2.700, -0.2650, -0.2234
2.710, -0.2645, -0.2289
2.720, -0.2640, -0.2128
2.730, -0.2635, -0.2443
2.740, -0.2630, -0.2321
2.750, -0.2625, -0.2408
2.760, -0.2620, -0.2307
2.770, -0.2615, -0.2208
2.780, -0.2610, -0.1835
2.790, -0.2605, -0.1659
2.800, -0.2600, -0.1519
2.810, -0.2595, -0.1415
2.820, -0.2590, -0.1414
2.830, -0.2585, -0.1279
2.840, -0.2580, -0.1191
2.850, -0.2575, -0.1346
2.860, -0.2570, -0.1275
2.870, -0.2565, -0.1276
2.880, -0.2560, -0.1342
2.890, -0.2555, -0.1397
2.900, -0.2550, -0.1175
2.910, -0.2545, -0.1314
2.920, -0.2540, -0.1421
2.930, -0.2535, -0.1715
2.940, -0.2530, -0.1765
2.950, -0.2525, -0.1689
2.960, -0.2520, -0.1823
2.970, -0.2515, -0.1664
2.980, -0.2510, -0.1816
2.990, -0.2505, -0.1852
3.000, -0.2500, -0.2121
3.010, -0.2495, -0.1764
3.020, -0.2490, -0.1959
3.030, -0.2485, -0.2113
3.040, -0.2480, -0.2038
3.050, -0.2475, -0.2130
3.060, -0.2470, -0.2053
3.070, -0.2465, -0.2085
3.080, -0.2460, -0.2405
3.090, -0.2455, -0.2012
3.100, -0.2450, -0.1939
3.110, -0.2445, -0.2038
3.120, -0.2440, -0.2097
3.130, -0.2435, -0.2190
3.140, -0.2430, -0.2072
3.150, -0.2425, -0.2157
3.160, -0.2420, -0.2209
3.170, -0.2415, -0.2076
3.180, -0.2410, -0.2197
3.190, -0.2405, -0.2067
3.200, -0.2400, -0.1727
3.210, -0.2395, -0.1470
3.220, -0.2390, -0.1196
3.230, -0.2385, -0.1293
3.240, -0.2380, -0.1394
3.250, -0.2375, -0.1343
3.260, -0.2370, -0.1412
3.270, -0.2365, -0.1250
3.280, -0.2360, -0.1367
3.290, -0.2355, -0.1209
3.300, -0.2350, -0.1466
3.310, -0.2345, -0.1548
3.320, -0.2340, -0.1497
3.330, -0.2335, -0.1485
3.340, -0.2330, -0.1367
3.350, -0.2325, -0.1502
3.360, -0.2320, -0.1589
3.370, -0.2315, -0.1653
3.380, -0.2310, -0.1685
3.390, -0.2305, -0.1739
3.400, -0.2300, -0.1572
3.410, -0.2295, -0.1783
3.420, -0.2290, -0.1819
3.430, -0.2285, -0.1827
3.440, -0.2280, -0.1736
3.450, -0.2275, -0.1923
3.460, -0.2270, -0.1908
3.470, -0.2265, -0.1992
3.480, -0.2260, -0.2155
3.490, -0.2255, -0.1874
3.500, -0.2250, -0.1933
3.510, -0.2245, -0.2101
3.520, -0.2240, -0.2070
3.530, -0.2235, -0.2133
3.540, -0.2230, -0.2093
3.550, -0.2225, -0.1922
3.560, -0.2220, -0.2296
3.570, -0.2215, -0.1967
3.580, -0.2210, -0.2134
3.590, -0.2205, -0.2122
3.600, -0.2200, -0.1892
3.610, -0.2195, -0.1923
3.620, -0.2190, -0.1820
3.630, -0.2185, -0.1758
3.640, -0.2180, -0.1256
3.650, -0.2175, -0.1270
3.660, -0.2170, -0.1143
3.670, -0.2165, -0.1089
3.680, -0.2160, -0.09912
3.690, -0.2155, -0.1117
3.700, -0.2150, -0.1277
3.710, -0.2145, -0.1127
3.720, -0.2140, -0.1314
3.730, -0.2135, -0.1323
3.740, -0.2130, -0.1370
3.750, -0.2125, -0.1399
3.760, -0.2120, -0.1358
3.770, -0.2115, -0.1480
3.780, -0.2110, -0.1418
3.790, -0.2105, -0.1635
3.800, -0.2100, -0.1390
3.810, -0.2095, -0.1589
3.820, -0.2090, -0.1525
3.830, -0.2085, -0.1733
3.840, -0.2080, -0.1696
3.850, -0.2075, -0.1757
3.860, -0.2070, -0.1804
3.870, -0.2065, -0.1804
3.880, -0.2060, -0.1768
3.890, -0.2055, -0.1794
3.900, -0.2050, -0.1867
3.910, -0.2045, -0.1885
3.920, -0.2040, -0.2025
3.930, -0.2035, -0.1930
3.940, -0.2030, -0.1978
3.950, -0.2025, -0.2110
3.960, -0.2020, -0.2046
3.970, -0.2015, -0.1977
3.980, -0.2010, -0.1938
3.990, -0.2005, -0.1957
4.000, -0.2000, -0.2049
4.010, -0.1995, -0.2214
4.020, -0.1990, -0.1632
4.030, -0.1985, -0.1487
4.040, -0.1980, -0.1629
4.050, -0.1975, -0.1602
4.060, -0.1970, -0.1544
4.070, -0.1965, -0.1029
4.080, -0.1960, -0.1143
4.090, -0.1955, -0.09174
4.100, -0.1950, -0.1001
4.110, -0.1945, -0.1213
4.120, -0.1940, -0.1311
4.130, -0.1935, -0.1286
4.140, -0.1930, -0.1081
4.150, -0.1925, -0.1274
4.160, -0.1920, -0.1185
4.170, -0.1915, -0.1133
4.180, -0.1910, -0.1143
4.190, -0.1905, -0.1305
4.200, -0.1900, -0.1513
4.210, -0.1895, -0.1387
4.220, -0.1890, -0.1444
4.230, -0.1885, -0.1564
4.240, -0.1880, -0.1665
4.250, -0.1875, -0.1494
4.260, -0.1870, -0.1553
4.270, -0.1865, -0.1744
4.280, -0.1860, -0.1645
4.290, -0.1855, -0.1691
4.300, -0.1850, -0.1892
4.310, -0.1845, -0.2050
4.320, -0.1840, -0.2264
4.330, -0.1835, -0.1908
4.340, -0.1830, -0.2064
4.350, -0.1825, -0.2080
4.360, -0.1820, -0.2078
4.370, -0.1815, -0.2017
4.380, -0.1810, -0.1969
4.390, -0.1805, -0.2078
4.400, -0.1800, -0.2091
4.410, -0.1795, -0.2150
4.420, -0.1790, -0.1924
4.430, -0.1785, -0.2182
4.440, -0.1780, -0.2110
4.450, -0.1775, -0.1614
4.460, -0.1770, -0.1606
4.470, -0.1765, -0.1548
4.480, -0.1760, -0.1462
4.490, -0.1755, -0.1367
4.500, -0.1750, -0.09720
4.510, -0.1745, -0.1159
4.520, -0.1740, -0.1090
4.530, -0.1735, -0.1001
4.540, -0.1730, -0.09987
4.550, -0.1725, -0.1003
4.560, -0.1720, -0.1021
4.570, -0.1715, -0.1281
4.580, -0.1710, -0.1145
4.590, -0.1705, -0.1321
4.600, -0.1700, -0.1249
4.610, -0.1695, -0.1333
4.620, -0.1690, -0.1589
4.630, -0.1685, -0.1423
4.640, -0.1680, -0.1317
4.650, -0.1675, -0.1389
4.660, -0.1670, -0.1748
4.670, -0.1665, -0.1624
4.680, -0.1660, -0.1654
4.690, -0.1655, -0.1591
4.700, -0.1650, -0.1820
4.710, -0.1645, -0.1806
4.720, -0.1640, -0.1704
4.730, -0.1635, -0.2125
4.740, -0.1630, -0.1814
4.750, -0.1625, -0.1952
4.760, -0.1620, -0.1725
4.770, -0.1615, -0.1771
4.780, -0.1610, -0.1906
4.790, -0.1605, -0.1971
4.800, -0.1600, -0.2010
4.810, -0.1595, -0.2046
4.820, -0.1590, -0.2004
4.830, -0.1585, -0.2033
4.840, -0.1580, -0.1950
4.850, -0.1575, -0.2073
4.860, -0.1570, -0.1773
4.870, -0.1565, -0.1663
4.880, -0.1560, -0.1583
4.890, -0.1555, -0.1540
4.900, -0.1550, -0.1363
4.910, -0.1545, -0.1486
4.920, -0.1540, -0.09670
4.930, -0.1535, -0.1128
4.940, -0.1530, -0.1168
4.950, -0.1525, -0.09367
4.960, -0.1520, -0.1062
4.970, -0.1515, -0.09170
4.980, -0.1510, -0.08612
4.990, -0.1505, -0.1089
5.000, -0.1500, -0.1041
5.010, -0.1495, -0.1216
5.020, -0.1490, -0.09930
5.030, -0.1485, -0.1371
5.040, -0.1480, -0.1327
5.050, -0.1475, -0.1597
5.060, -0.1470, -0.1585
5.070, -0.1465, -0.1057
5.080, -0.1460, -0.1720
5.090, -0.1455, -0.1563
5.100, -0.1450, -0.1750
5.110, -0.1445, -0.1634
5.120, -0.1440, -0.1845
5.130, -0.1435, -0.1494
5.140, -0.1430, -0.1712
5.150, -0.1425, -0.1682
5.160, -0.1420, -0.1965
5.170, -0.1415, -0.1787
5.180, -0.1410, -0.1886
5.190, -0.1405, -0.1967
5.200, -0.1400, -0.1860
5.210, -0.1395, -0.1903
5.220, -0.1390, -0.1905
5.230, -0.1385, -0.1904
5.240, -0.1380, -0.2079
5.250, -0.1375, -0.1956
5.260, -0.1370, -0.1861
5.270, -0.1365, -0.2039
5.280, -0.1360, -0.1874
5.290, -0.1355, -0.1858
5.300, -0.1350, -0.1639
5.310, -0.1345, -0.1533
5.320, -0.1340, -0.1164
5.330, -0.1335, -0.08263
5.340, -0.1330, -0.08720
5.350, -0.1325, -0.1216
5.360, -0.1320, -0.1121
5.370, -0.1315, -0.09993
5.380, -0.1310, -0.09806
5.390, -0.1305, -0.09276
5.400, -0.1300, -0.1099
5.410, -0.1295, -0.1084
5.420, -0.1290, -0.09915
5.430, -0.1285, -0.1142
5.440, -0.1280, -0.1226
5.450, -0.1275, -0.1141
5.460, -0.1270, -0.1324
5.470, -0.1265, -0.1455
5.480, -0.1260, -0.1439
5.490, -0.1255, -0.1341
5.500, -0.1250, -0.1298
5.510, -0.1245, -0.1398
5.520, -0.1240, -0.1559
5.530, -0.1235, -0.1766
5.540, -0.1230, -0.1767
5.550, -0.1225, -0.1810
5.560, -0.1220, -0.1865
5.570, -0.1215, -0.1689
5.580, -0.1210, -0.1890
5.590, -0.1205, -0.1828
5.600, -0.1200, -0.1946
5.610, -0.1195, -0.1939
5.620, -0.1190, -0.1987
5.630, -0.1185, -0.1753
5.640, -0.1180, -0.2044
5.650, -0.1175, -0.1726
5.660, -0.1170, -0.2175
5.670, -0.1165, -0.2170
5.680, -0.1160, -0.1921
5.690, -0.1155, -0.1966
5.700, -0.1150, -0.2047
5.710, -0.1145, -0.2054
5.720, -0.1140, -0.1655
5.730, -0.1135, -0.1520
5.740, -0.1130, -0.1212
5.750, -0.1125, -0.1315
5.760, -0.1120, -0.09067
5.770, -0.1115, -0.09608
5.780, -0.1110, -0.1265
5.790, -0.1105, -0.1087
5.800, -0.1100, -0.08172
5.810, -0.1095, -0.1003
5.820, -0.1090, -0.09653
5.830, -0.1085, -0.1147
5.840, -0.1080, -0.1257
5.850, -0.1075, -0.09630
5.860, -0.1070, -0.1372
5.870, -0.1065, -0.1264
5.880, -0.1060, -0.1226
5.890, -0.1055, -0.1193
5.900, -0.1050, -0.1396
5.910, -0.1045, -0.1655
5.920, -0.1040, -0.1546
5.930, -0.1035, -0.1417
5.940, -0.1030, -0.1494
5.950, -0.1025, -0.1416
5.960, -0.1020, -0.1625
5.970, -0.1015, -0.1824
5.980, -0.1010, -0.1983
5.990, -0.1005, -0.1827
6.000, -0.1000, -0.1915
6.010, -0.09950, -0.1789
6.020, -0.09900, -0.1784
6.030, -0.09850, -0.1832
6.040, -0.09800, -0.1965
6.050, -0.09750, -0.1955
6.060, -0.09700, -0.1965
6.070, -0.09650, -0.2039
6.080, -0.09600, -0.1924
6.090, -0.09550, -0.2001
6.100, -0.09500, -0.1990
6.110, -0.09450, -0.1848
6.120, -0.09400, -0.1696
6.130, -0.09350, -0.1833
6.140, -0.09300, -0.1543
6.150, -0.09250, -0.1485
6.160, -0.09200, -0.1114
6.170, -0.09150, -0.1182
6.180, -0.09100, -0.1237
6.190, -0.09050, -0.09904
6.200, -0.09000, -0.08836
6.210, -0.08950, -0.09237
6.220, -0.08900, -0.1025
6.230, -0.08850, -0.08685
6.240, -0.08800, -0.08954
6.250, -0.08750, -0.1041
6.260, -0.08700, -0.1105
6.270, -0.08650, -0.1125
6.280, -0.08600, -0.1307
6.290, -0.08550, -0.1172
6.300, -0.08500, -0.1144
6.310, -0.08450, -0.1152
6.320, -0.08400, -0.1221
6.330, -0.08350, -0.1436
6.340, -0.08300, -0.1579
6.350, -0.08250, -0.1523
6.360, -0.08200, -0.1367
6.370, -0.08150, -0.1136
6.380, -0.08100, -0.1408
6.390, -0.08050, -0.1596
6.400, -0.08000, -0.1585
6.410, -0.07950, -0.1708
6.420, -0.07900, -0.1668
6.430, -0.07850, -0.1651
6.440, -0.07800, -0.1686
6.450, -0.07750, -0.1848
6.460, -0.07700, -0.1667
6.470, -0.07650, -0.1823
6.480, -0.07600, -0.1799
6.490, -0.07550, -0.1890
6.500, -0.07500, -0.1720
6.510, -0.07450, -0.1654
6.520, -0.07400, -0.1781
6.530, -0.07350, -0.1856
6.540, -0.07300, -0.1924
6.550, -0.07250, -0.1570
6.560, -0.07200, -0.1604
6.570, -0.07150, -0.1067
6.580, -0.07100, -0.1092
6.590, -0.07050, -0.1187
6.600, -0.07000, -0.1076
6.610, -0.06950, -0.08783
6.620, -0.06900, -0.08982
6.630, -0.06850, -0.07204
6.640, -0.06800, -0.08153
6.650, -0.06750, -0.06562
6.660, -0.06700, -0.08636
6.670, -0.06650, -0.07902
6.680, -0.06600, -0.09363
6.690, -0.06550, -0.09458
6.700, -0.06500, -0.09151
6.710, -0.06450, -0.1152
6.720, -0.06400, -0.1212
6.730, -0.06350, -0.1103
6.740, -0.06300, -0.1014
6.750, -0.06250, -0.1147
6.760, -0.06200, -0.1253
6.770, -0.06150, -0.1183
6.780, -0.06100, -0.1387
6.790, -0.06050, -0.1269
6.800, -0.06000, -0.1348
6.810, -0.05950, -0.1545
6.820, -0.05900, -0.1530
6.830, -0.05850, -0.1667
6.840, -0.05800, -0.1474
6.850, -0.05750, -0.1388
6.860, -0.05700, -0.1776
6.870, -0.05650, -0.1382
6.880, -0.05600, -0.1510
6.890, -0.05550, -0.1735
6.900, -0.05500, -0.1797
6.910, -0.05450, -0.1801
6.920, -0.05400, -0.1546
6.930, -0.05350, -0.1772
6.940, -0.05300, -0.1579
6.950, -0.05250, -0.1616
6.960, -0.05200, -0.1540
6.970, -0.05150, -0.1586
6.980, -0.05100, -0.1284
6.990, -0.05050, -0.1223
7.000, -0.05000, -0.06090
7.010, -0.04950, -0.08625
7.020, -0.04900, -0.08676
7.030, -0.04850, -0.08620
7.040, -0.04800, -0.04610
7.050, -0.04750, -0.05997
7.060, -0.04700, -0.05294
7.070, -0.04650, -0.06848
7.080, -0.04600, -0.06164
7.090, -0.04550, -0.06259
7.100, -0.04500, -0.07187
7.110, -0.04450, -0.05518
7.120, -0.04400, -0.06551
7.130, -0.04350, -0.07711
7.140, -0.04300, -0.09600
7.150, -0.04250, -0.09688
7.160, -0.04200, -0.09664
7.170, -0.04150, -0.08247
7.180, -0.04100, -0.07469
7.190, -0.04050, -0.07667
7.200, -0.04000, -0.09750
7.210, -0.03950, -0.1002
7.220, -0.03900, -0.1057
7.230, -0.03850, -0.1110
7.240, -0.03800, -0.1121
7.250, -0.03750, -0.1176
7.260, -0.03700, -0.1218
7.270, -0.03650, -0.1397
7.280, -0.03600, -0.1172
7.290, -0.03550, -0.1359
7.300, -0.03500, -0.1096
7.310, -0.03450, -0.1050
7.320, -0.03400, -0.1124
7.330, -0.03350, -0.1400
7.340, -0.03300, -0.1232
7.350, -0.03250, -0.1343
7.360, -0.03200, -0.09685
7.370, -0.03150, -0.1261
7.380, -0.03100, -0.1075
7.390, -0.03050, -0.1008
7.400, -0.03000, -0.08978
7.410, -0.02950, -0.08049
7.420, -0.02900, -0.06179
7.430, -0.02850, -0.006940
7.440, -0.02800, -0.02181
7.450, -0.02750, -0.02469
7.460, -0.02700, -0.01851
7.470, -0.02650, -0.01394
7.480, -0.02600, 0.003925
7.490, -0.02550, 0.01107
7.500, -0.02500, -0.01892
7.510, -0.02450, -0.02586
7.520, -0.02400, -0.004293
7.530, -0.02350, -0.02611
7.540, -0.02300, -0.02767
7.550, -0.02250, -0.01443
7.560, -0.02200, -0.01530
7.570, -0.02150, -0.007658
7.580, -0.02100, -0.02398
7.590, -0.02050, -0.02966
7.600, -0.02000, -0.03432
7.610, -0.01950, -0.02610
7.620, -0.01900, -0.03004
7.630, -0.01850, -0.03758
7.640, -0.01800, -0.03970
7.650, -0.01750, -0.05429
7.660, -0.01700, -0.06354
7.670, -0.01650, -0.06502
7.680, -0.01600, -0.04401
7.690, -0.01550, -0.04146
7.700, -0.01500, -0.05537
7.710, -0.01450, -0.06027
7.720, -0.01400, -0.04858
7.730, -0.01350, -0.05233
7.740, -0.01300, -0.03875
7.750, -0.01250, -0.05313
7.760, -0.01200, -0.02860
7.770, -0.01150, -0.05363
7.780, -0.01100, -0.05427
7.790, -0.01050, -0.02302
7.800, -0.01000, -0.03461
7.810, -0.009500, 0.001190
7.820, -0.009000, -0.008444
7.830, -0.008500, 0.02080
7.840, -0.008000, 0.01568
7.850, -0.007500, 0.04765
7.860, -0.007000, 0.07068
7.870, -0.006500, 0.04893
7.880, -0.006000, 0.09581
7.890, -0.005500, 0.07954
7.900, -0.005000, 0.06670
7.910, -0.004500, 0.09148
7.920, -0.004000, 0.09658
7.930, -0.003500, 0.08271
7.940, -0.003000, 0.1032
7.950, -0.002500, 0.07332
7.960, -0.002000, 0.09558
7.970, -0.001500, 0.08794
7.980, -0.001000, 0.08122
7.990, -0.0005000, 0.07844
8.000, 0.000, 0.07836
8.010, 0.0005000, 0.08907
8.020, 0.001000, 0.08015
8.030, 0.001500, 0.07896
8.040, 0.002000, 0.08037
8.050, 0.002500, 0.08895
8.060, 0.003000, 0.07016
8.070, 0.003500, 0.1007
8.080, 0.004000, 0.08146
8.090, 0.004500, 0.07323
8.100, 0.005000, 0.07400
8.110, 0.005500, 0.08773
8.120, 0.006000, 0.09912
8.130, 0.006500, 0.1028
8.140, 0.007000, 0.09173
8.150, 0.007500, 0.07585
8.160, 0.008000, 0.1050
8.170, 0.008500, 0.1068
8.180, 0.009000, 0.1133
8.190, 0.009500, 0.1380
8.200, 0.01000, 0.1236
8.210, 0.01050, 0.1211
8.220, 0.01100, 0.1179
8.230, 0.01150, 0.1359
8.240, 0.01200, 0.1562
8.250, 0.01250, 0.1738
8.260, 0.01300, 0.2054
8.270, 0.01350, 0.2081
8.280, 0.01400, 0.2390
8.290, 0.01450, 0.2568
8.300, 0.01500, 0.2556
8.310, 0.01550, 0.2708
8.320, 0.01600, 0.2817
8.330, 0.01650, 0.2425
8.340, 0.01700, 0.2673
8.350, 0.01750, 0.2775
8.360, 0.01800, 0.2757
8.370, 0.01850, 0.3108
8.380, 0.01900, 0.3099
8.390, 0.01950, 0.2899
8.400, 0.02000, 0.2982
8.410, 0.02050, 0.2780
8.420, 0.02100, 0.3069
8.430, 0.02150, 0.2986
8.440, 0.02200, 0.2867
8.450, 0.02250, 0.2989
8.460, 0.02300, 0.2955
8.470, 0.02350, 0.2936
8.480, 0.02400, 0.3201
8.490, 0.02450, 0.3249
8.500, 0.02500, 0.3466
8.510, 0.02550, 0.3251
8.520, 0.02600, 0.3273
8.530, 0.02650, 0.3318
8.540, 0.02700, 0.3412
8.550, 0.02750, 0.3591
8.560, 0.02800, 0.3720
8.570, 0.02850, 0.3990
8.580, 0.02900, 0.3824
8.590, 0.02950, 0.3585
8.600, 0.03000, 0.3781
8.610, 0.03050, 0.3848
8.620, 0.03100, 0.4067
8.630, 0.03150, 0.4228
8.640, 0.03200, 0.4077
8.650, 0.03250, 0.4441
8.660, 0.03300, 0.4328
8.670, 0.03350, 0.4876
8.680, 0.03400, 0.4852
8.690, 0.03450, 0.5429
8.700, 0.03500, 0.5425
8.710, 0.03550, 0.5339
8.720, 0.03600, 0.5669
8.730, 0.03650, 0.5910
8.740, 0.03700, 0.6304
8.750, 0.03750, 0.6297
8.760, 0.03800, 0.6036
8.770, 0.03850, 0.6196
8.780, 0.03900, 0.6514
8.790, 0.03950, 0.6446
8.800, 0.04000, 0.6549
8.810, 0.04050, 0.6465
8.820, 0.04100, 0.6601
8.830, 0.04150, 0.6724
8.840, 0.04200, 0.6816
8.850, 0.04250, 0.6897
8.860, 0.04300, 0.6885
8.870, 0.04350, 0.6692
8.880, 0.04400, 0.7053
8.890, 0.04450, 0.7017
8.900, 0.04500, 0.7069
8.910, 0.04550, 0.7204
8.920, 0.04600, 0.7315
8.930, 0.04650, 0.7399
8.940, 0.04700, 0.7631
8.950, 0.04750, 0.7602
8.960, 0.04800, 0.7450
8.970, 0.04850, 0.7718
8.980, 0.04900, 0.7797
8.990, 0.04950, 0.8165
9.000, 0.05000, 0.8293
9.010, 0.05050, 0.8149
9.020, 0.05100, 0.8478
9.030, 0.05150, 0.8443
9.040, 0.05200, 0.8547
9.050, 0.05250, 0.8697
9.060, 0.05300, 0.8734
9.070, 0.05350, 0.9081
9.080, 0.05400, 0.9398
9.090, 0.05450, 0.9459
9.100, 0.05500, 0.9954
9.110, 0.05550, 1.020
9.120, 0.05600, 1.041
9.130, 0.05650, 1.060
9.140, 0.05700, 1.072
9.150, 0.05750, 1.111
9.160, 0.05800, 1.113
9.170, 0.05850, 1.142
9.180, 0.05900, 1.135
9.190, 0.05950, 1.147
9.200, 0.06000, 1.188
9.210, 0.06050, 1.201
9.220, 0.06100, 1.198
9.230, 0.06150, 1.217
9.240, 0.06200, 1.238
9.250, 0.06250, 1.252
9.260, 0.06300, 1.254
9.270, 0.06350, 1.270
9.280, 0.06400, 1.262
9.290, 0.06450, 1.279
9.300, 0.06500, 1.310
9.310, 0.06550, 1.330
9.320, 0.06600, 1.328
9.330, 0.06650, 1.317
9.340, 0.06700, 1.330
9.350, 0.06750, 1.378
9.360, 0.06800, 1.384
9.370, 0.06850, 1.402
9.380, 0.06900, 1.412
9.390, 0.06950, 1.436
9.400, 0.07000, 1.444
9.410, 0.07050, 1.460
9.420, 0.07100, 1.489
9.430, 0.07150, 1.508
9.440, 0.07200, 1.523
9.450, 0.07250, 1.530
9.460, 0.07300, 1.558
9.470, 0.07350, 1.599
9.480, 0.07400, 1.598
9.490, 0.07450, 1.621
9.500, 0.07500, 1.650
9.510, 0.07550, 1.664
9.520, 0.07600, 1.749
9.530, 0.07650, 1.768
9.540, 0.07700, 1.779
9.550, 0.07750, 1.816
9.560, 0.07800, 1.845
9.570, 0.07850, 1.879
9.580, 0.07900, 1.878
9.590, 0.07950, 1.915
9.600, 0.08000, 1.954
9.610, 0.08050, 2.000
9.620, 0.08100, 1.985
9.630, 0.08150, 1.969
9.640, 0.08200, 2.017
9.650, 0.08250, 2.045
9.660, 0.08300, 2.051
9.670, 0.08350, 2.082
9.680, 0.08400, 2.091
9.690, 0.08450, 2.128
9.700, 0.08500, 2.121
9.710, 0.08550, 2.153
9.720, 0.08600, 2.166
9.730, 0.08650, 2.202
9.740, 0.08700, 2.215
9.750, 0.08750, 2.233
9.760, 0.08800, 2.243
9.770, 0.08850, 2.267
9.780, 0.08900, 2.280
9.790, 0.08950, 2.308
9.800, 0.09000, 2.364
9.810, 0.09050, 2.363
9.820, 0.09100, 2.384
9.830, 0.09150, 2.406
9.840, 0.09200, 2.455
9.850, 0.09250, 2.461
9.860, 0.09300, 2.487
9.870, 0.09350, 2.518
9.880, 0.09400, 2.518
9.890, 0.09450, 2.550
9.900, 0.09500, 2.568
9.910, 0.09550, 2.614
9.920, 0.09600, 2.648
9.930, 0.09650, 2.690
9.940, 0.09700, 2.735
9.950, 0.09750, 2.752
9.960, 0.09800, 2.812
9.970, 0.09850, 2.855
9.980, 0.09900, 2.876
9.990, 0.09950, 2.884
10.00, 0.1000, 2.930
10.01, 0.1005, 2.961
10.02, 0.1010, 2.981
10.03, 0.1015, 3.029
10.04, 0.1020, 3.044
10.05, 0.1025, 3.081
10.06, 0.1030, 3.085
10.07, 0.1035, 3.107
10.08, 0.1040, 3.158
10.09, 0.1045, 3.156
10.10, 0.1050, 3.182
10.11, 0.1055, 3.224
10.12, 0.1060, 3.229
10.13, 0.1065, 3.271
10.14, 0.1070, 3.297
10.15, 0.1075, 3.312
10.16, 0.1080, 3.367
10.17, 0.1085, 3.363
10.18, 0.1090, 3.380
10.19, 0.1095, 3.397
10.20, 0.1100, 3.425
10.21, 0.1105, 3.450
10.22, 0.1110, 3.516
10.23, 0.1115, 3.539
10.24, 0.1120, 3.563
10.25, 0.1125, 3.579
10.26, 0.1130, 3.612
10.27, 0.1135, 3.649
10.28, 0.1140, 3.683
10.29, 0.1145, 3.713
10.30, 0.1150, 3.744
10.31, 0.1155, 3.771
10.32, 0.1160, 3.792
10.33, 0.1165, 3.807
10.34, 0.1170, 3.850
10.35, 0.1175, 3.909
10.36, 0.1180, 3.968
10.37, 0.1185, 4.009
10.38, 0.1190, 4.056
10.39, 0.1195, 4.074
10.40, 0.1200, 4.141
10.41, 0.1205, 4.163
10.42, 0.1210, 4.194
10.43, 0.1215, 4.242
10.44, 0.1220, 4.272
10.45, 0.1225, 4.284
10.46, 0.1230, 4.314
10.47, 0.1235, 4.338
10.48, 0.1240, 4.391
10.49, 0.1245, 4.429
10.50, 0.1250, 4.447
10.51, 0.1255, 4.465
10.52, 0.1260, 4.507
10.53, 0.1265, 4.525
10.54, 0.1270, 4.573
10.55, 0.1275, 4.581
10.56, 0.1280, 4.626
10.57, 0.1285, 4.621
10.58, 0.1290, 4.655
10.59, 0.1295, 4.707
10.60, 0.1300, 4.742
10.61, 0.1305, 4.752
10.62, 0.1310, 4.788
10.63, 0.1315, 4.805
10.64, 0.1320, 4.831
10.65, 0.1325, 4.869
10.66, 0.1330, 4.902
10.67, 0.1335, 4.965
10.68, 0.1340, 4.977
10.69, 0.1345, 5.010
10.70, 0.1350, 5.040
10.71, 0.1355, 5.066
10.72, 0.1360, 5.120
10.73, 0.1365, 5.118
10.74, 0.1370, 5.145
10.75, 0.1375, 5.191
10.76, 0.1380, 5.209
10.77, 0.1385, 5.244
10.78, 0.1390, 5.327
10.79, 0.1395, 5.389
10.80, 0.1400, 5.445
10.81, 0.1405, 5.461
10.82, 0.1410, 5.486
10.83, 0.1415, 5.547
10.84, 0.1420, 5.592
10.85, 0.1425, 5.613
10.86, 0.1430, 5.645
10.87, 0.1435, 5.673
10.88, 0.1440, 5.702
10.89, 0.1445, 5.740
10.90, 0.1450, 5.761
10.91, 0.1455, 5.792
10.92, 0.1460, 5.825
10.93, 0.1465, 5.870
10.94, 0.1470, 5.896
10.95, 0.1475, 5.885
10.96, 0.1480, 5.957
10.97, 0.1485, 5.989
10.98, 0.1490, 6.021
10.99, 0.1495, 6.018
11.00, 0.1500, 6.057
11.01, 0.1505, 6.076
11.02, 0.1510, 6.127
11.03, 0.1515, 6.185
11.04, 0.1520, 6.162
11.05, 0.1525, 6.227
11.06, 0.1530, 6.241
11.07, 0.1535, 6.271
11.08, 0.1540, 6.302
11.09, 0.1545, 6.331
11.10, 0.1550, 6.388
11.11, 0.1555, 6.395
11.12, 0.1560, 6.411
11.13, 0.1565, 6.455
11.14, 0.1570, 6.471
11.15, 0.1575, 6.510
11.16, 0.1580, 6.541
11.17, 0.1585, 6.579
11.18, 0.1590, 6.628
11.19, 0.1595, 6.659
11.20, 0.1600, 6.710
11.21, 0.1605, 6.776
11.22, 0.1610, 6.828
11.23, 0.1615, 6.850
11.24, 0.1620, 6.883
11.25, 0.1625, 6.922
11.26, 0.1630, 6.950
11.27, 0.1635, 6.980
11.28, 0.1640, 7.010
11.29, 0.1645, 7.050
11.30, 0.1650, 7.065
11.31, 0.1655, 7.094
11.32, 0.1660, 7.122
11.33, 0.1665, 7.155
11.34, 0.1670, 7.183
11.35, 0.1675, 7.217
11.36, 0.1680, 7.248
11.37, 0.1685, 7.268
11.38, 0.1690, 7.292
11.39, 0.1695, 7.299
11.40, 0.1700, 7.335
11.41, 0.1705, 7.390
11.42, 0.1710, 7.363
11.43, 0.1715, 7.406
11.44, 0.1720, 7.455
11.45, 0.1725, 7.458
11.46, 0.1730, 7.506
11.47, 0.1735, 7.519
11.48, 0.1740, 7.533
11.49, 0.1745, 7.565
11.50, 0.1750, 7.589
11.51, 0.1755, 7.617
11.52, 0.1760, 7.632
11.53, 0.1765, 7.677
11.54, 0.1770, 7.726
11.55, 0.1775, 7.729
11.56, 0.1780, 7.749
11.57, 0.1785, 7.777
11.58, 0.1790, 7.788
11.59, 0.1795, 7.826
11.60, 0.1800, 7.886
11.61, 0.1805, 7.893
11.62, 0.1810, 7.945
11.63, 0.1815, 7.982
11.64, 0.1820, 8.019
11.65, 0.1825, 8.070
11.66, 0.1830, 8.110
11.67, 0.1835, 8.115
11.68, 0.1840, 8.154
11.69, 0.1845, 8.173
11.70, 0.1850, 8.197
11.71, 0.1855, 8.230
11.72, 0.1860, 8.277
11.73, 0.1865, 8.285
11.74, 0.1870, 8.271
11.75, 0.1875, 8.312
11.76, 0.1880, 8.321
11.77, 0.1885, 8.353
11.78, 0.1890, 8.332
11.79, 0.1895, 8.372
11.80, 0.1900, 8.390
11.81, 0.1905, 8.424
11.82, 0.1910, 8.434
11.83, 0.1915, 8.452
11.84, 0.1920, 8.463
11.85, 0.1925, 8.477
11.86, 0.1930, 8.497
11.87, 0.1935, 8.520
11.88, 0.1940, 8.525
11.89, 0.1945, 8.548
11.90, 0.1950, 8.578
11.91, 0.1955, 8.609
11.92, 0.1960, 8.608
11.93, 0.1965, 8.657
11.94, 0.1970, 8.643
11.95, 0.1975, 8.675
11.96, 0.1980, 8.669
11.97, 0.1985, 8.699
11.98, 0.1990, 8.703
11.99, 0.1995, 8.717
12.00, 0.2000, 8.745
12.01, 0.2005, 8.780
12.02, 0.2010, 8.805
12.03, 0.2015, 8.795
12.04, 0.2020, 8.851
12.05, 0.2025, 8.876
12.06, 0.2030, 8.922
12.07, 0.2035, 8.955
12.08, 0.2040, 8.985
12.09, 0.2045, 8.988
12.10, 0.2050, 9.009
12.11, 0.2055, 9.009
12.12, 0.2060, 9.029
12.13, 0.2065, 9.054
12.14, 0.2070, 9.073
12.15, 0.2075, 9.088
12.16, 0.2080, 9.092
12.17, 0.2085, 9.069
12.18, 0.2090, 9.102
12.19, 0.2095, 9.107
12.20, 0.2100, 9.115
12.21, 0.2105, 9.122
12.22, 0.2110, 9.123
12.23, 0.2115, 9.129
12.24, 0.2120, 9.129
12.25, 0.2125, 9.136
12.26, 0.2130, 9.160
12.27, 0.2135, 9.181
12.28, 0.2140, 9.182
12.29, 0.2145, 9.170
12.30, 0.2150, 9.188
12.31, 0.2155, 9.188
12.32, 0.2160, 9.199
12.33, 0.2165, 9.202
12.34, 0.2170, 9.193
12.35, 0.2175, 9.227
12.36, 0.2180, 9.216
12.37, 0.2185, 9.229
12.38, 0.2190, 9.233
12.39, 0.2195, 9.237
12.40, 0.2200, 9.251
12.41, 0.2205, 9.247
12.42, 0.2210, 9.251
12.43, 0.2215, 9.278
12.44, 0.2220, 9.283
12.45, 0.2225, 9.299
12.46, 0.2230, 9.316
12.47, 0.2235, 9.305
12.48, 0.2240, 9.344
12.49, 0.2245, 9.356
12.50, 0.2250, 9.375
12.51, 0.2255, 9.376
12.52, 0.2260, 9.412
12.53, 0.2265, 9.404
12.54, 0.2270, 9.397
12.55, 0.2275, 9.416
12.56, 0.2280, 9.390
12.57, 0.2285, 9.391
12.58, 0.2290, 9.406
12.59, 0.2295, 9.421
12.60, 0.2300, 9.431
12.61, 0.2305, 9.390
12.62, 0.2310, 9.413
12.63, 0.2315, 9.416
12.64, 0.2320, 9.431
12.65, 0.2325, 9.403
12.66, 0.2330, 9.388
12.67, 0.2335, 9.397
12.68, 0.2340, 9.380
12.69, 0.2345, 9.396
12.70, 0.2350, 9.367
12.71, 0.2355, 9.385
12.72, 0.2360, 9.373
12.73, 0.2365, 9.360
12.74, 0.2370, 9.355
12.75, 0.2375, 9.364
12.76, 0.2380, 9.354
12.77, 0.2385, 9.341
12.78, 0.2390, 9.373
12.79, 0.2395, 9.340
12.80, 0.2400, 9.337
12.81, 0.2405, 9.314
12.82, 0.2410, 9.335
12.83, 0.2415, 9.358
12.84, 0.2420, 9.331
12.85, 0.2425, 9.317
12.86, 0.2430, 9.313
12.87, 0.2435, 9.323
12.88, 0.2440, 9.333
12.89, 0.2445, 9.346
12.90, 0.2450, 9.349
12.91, 0.2455, 9.354
12.92, 0.2460, 9.361
12.93, 0.2465, 9.336
12.94, 0.2470, 9.361
12.95, 0.2475, 9.380
12.96, 0.2480, 9.333
12.97, 0.2485, 9.346
12.98, 0.2490, 9.327
12.99, 0.2495, 9.327
13.00, 0.2500, 9.308
13.01, 0.2505, 9.314
13.02, 0.2510, 9.318
13.03, 0.2515, 9.306
13.04, 0.2520, 9.273
13.05, 0.2525, 9.266
13.06, 0.2530, 9.269
13.07, 0.2535, 9.243
13.08, 0.2540, 9.248
13.09, 0.2545, 9.215
13.10, 0.2550, 9.198
13.11, 0.2555, 9.174
13.12, 0.2560, 9.162
13.13, 0.2565, 9.152
13.14, 0.2570, 9.151
13.15, 0.2575, 9.150
13.16, 0.2580, 9.121
13.17, 0.2585, 9.094
13.18, 0.2590, 9.092
13.19, 0.2595, 9.064
13.20, 0.2600, 9.069
13.21, 0.2605, 9.086
13.22, 0.2610, 9.051
13.23, 0.2615, 9.019
13.24, 0.2620, 9.024
13.25, 0.2625, 9.028
13.26, 0.2630, 9.039
13.27, 0.2635, 9.016
13.28, 0.2640, 8.991
13.29, 0.2645, 8.997
13.30, 0.2650, 9.011
13.31, 0.2655, 9.007
13.32, 0.2660, 8.996
13.33, 0.2665, 9.000
13.34, 0.2670, 9.003
13.35, 0.2675, 9.007
13.36, 0.2680, 8.979
13.37, 0.2685, 8.973
13.38, 0.2690, 8.985
13.39, 0.2695, 8.966
13.40, 0.2700, 8.944
13.41, 0.2705, 8.925
13.42, 0.2710, 8.917
13.43, 0.2715, 8.907
13.44, 0.2720, 8.883
13.45, 0.2725, 8.870
13.46, 0.2730, 8.839
13.47, 0.2735, 8.814
13.48, 0.2740, 8.814
13.49, 0.2745, 8.800
13.50, 0.2750, 8.791
13.51, 0.2755, 8.758
13.52, 0.2760, 8.748
13.53, 0.2765, 8.733
13.54, 0.2770, 8.719
13.55, 0.2775, 8.697
13.56, 0.2780, 8.679
13.57, 0.2785, 8.674
13.58, 0.2790, 8.627
13.59, 0.2795, 8.629
13.60, 0.2800, 8.628
13.61, 0.2805, 8.605
13.62, 0.2810, 8.571
13.63, 0.2815, 8.554
13.64, 0.2820, 8.558
13.65, 0.2825, 8.533
13.66, 0.2830, 8.518
13.67, 0.2835, 8.502
13.68, 0.2840, 8.507
13.69, 0.2845, 8.485
13.70, 0.2850, 8.482
13.71, 0.2855, 8.469
13.72, 0.2860, 8.460
13.73, 0.2865, 8.469
13.74, 0.2870, 8.456
13.75, 0.2875, 8.457
13.76, 0.2880, 8.453
13.77, 0.2885, 8.452
13.78, 0.2890, 8.444
13.79, 0.2895, 8.440
13.80, 0.2900, 8.418
13.81, 0.2905, 8.388
13.82, 0.2910, 8.392
13.83, 0.2915, 8.385
13.84, 0.2920, 8.356
13.85, 0.2925, 8.340
13.86, 0.2930, 8.350
13.87, 0.2935, 8.343
13.88, 0.2940, 8.309
13.89, 0.2945, 8.264
13.90, 0.2950, 8.259
13.91, 0.2955, 8.219
13.92, 0.2960, 8.197
13.93, 0.2965, 8.193
13.94, 0.2970, 8.177
13.95, 0.2975, 8.192
13.96, 0.2980, 8.129
13.97, 0.2985, 8.103
13.98, 0.2990, 8.109
13.99, 0.2995, 8.092
14.00, 0.3000, 8.084
14.01, 0.3005, 8.055
14.02, 0.3010, 8.033
14.03, 0.3015, 8.039
14.04, 0.3020, 8.003
14.05, 0.3025, 8.020
14.06, 0.3030, 8.009
14.07, 0.3035, 7.962
14.08, 0.3040, 7.968
14.09, 0.3045, 7.939
14.10, 0.3050, 7.922
14.11, 0.3055, 7.905
14.12, 0.3060, 7.908
14.13, 0.3065, 7.890
14.14, 0.3070, 7.927
14.15, 0.3075, 7.910
14.16, 0.3080, 7.895
14.17, 0.3085, 7.899
14.18, 0.3090, 7.932
14.19, 0.3095, 7.914
14.20, 0.3100, 7.883
14.21, 0.3105, 7.885
14.22, 0.3110, 7.891
14.23, 0.3115, 7.824
14.24, 0.3120, 7.841
14.25, 0.3125, 7.814
14.26, 0.3130, 7.793
14.27, 0.3135, 7.774
14.28, 0.3140, 7.749
14.29, 0.3145, 7.755
14.30, 0.3150, 7.756
14.31, 0.3155, 7.729
14.32, 0.3160, 7.693
14.33, 0.3165, 7.666
14.34, 0.3170, 7.679
14.35, 0.3175, 7.658
14.36, 0.3180, 7.625
14.37, 0.3185, 7.625
14.38, 0.3190, 7.624
14.39, 0.3195, 7.606
14.40, 0.3200, 7.574
14.41, 0.3205, 7.545
14.42, 0.3210, 7.519
14.43, 0.3215, 7.525
14.44, 0.3220, 7.529
14.45, 0.3225, 7.502
14.46, 0.3230, 7.501
14.47, 0.3235, 7.468
14.48, 0.3240, 7.448
14.49, 0.3245, 7.437
14.50, 0.3250, 7.459
14.51, 0.3255, 7.406
14.52, 0.3260, 7.406
14.53, 0.3265, 7.395
14.54, 0.3270, 7.380
14.55, 0.3275, 7.387
14.56, 0.3280, 7.397
14.57, 0.3285, 7.408
14.58, 0.3290, 7.396
14.59, 0.3295, 7.385
14.60, 0.3300, 7.393
14.61, 0.3305, 7.397
14.62, 0.3310, 7.389
14.63, 0.3315, 7.382
14.64, 0.3320, 7.365
14.65, 0.3325, 7.351
14.66, 0.3330, 7.330
14.67, 0.3335, 7.328
14.68, 0.3340, 7.320
14.69, 0.3345, 7.298
14.70, 0.3350, 7.282
14.71, 0.3355, 7.257
14.72, 0.3360, 7.229
14.73, 0.3365, 7.244
14.74, 0.3370, 7.215
14.75, 0.3375, 7.205
14.76, 0.3380, 7.195
14.77, 0.3385, 7.167
14.78, 0.3390, 7.159
14.79, 0.3395, 7.168
14.80, 0.3400, 7.141
14.81, 0.3405, 7.117
14.82, 0.3410, 7.082
14.83, 0.3415, 7.077
14.84, 0.3420, 7.066
14.85, 0.3425, 7.045
14.86, 0.3430, 7.032
14.87, 0.3435, 7.048
14.88, 0.3440, 6.996
14.89, 0.3445, 7.010
14.90, 0.3450, 6.985
14.91, 0.3455, 6.990
14.92, 0.3460, 6.976
14.93, 0.3465, 6.960
14.94, 0.3470, 6.939
14.95, 0.3475, 6.927
14.96, 0.3480, 6.944
14.97, 0.3485, 6.923
14.98, 0.3490, 6.924
14.99, 0.3495, 6.917
15.00, 0.3500, 6.959
15.01, 0.3505, 6.959
15.02, 0.3510, 6.928
15.03, 0.3515, 6.949
15.04, 0.3520, 6.915
15.05, 0.3525, 6.942
15.06, 0.3530, 6.933
15.07, 0.3535, 6.878
15.08, 0.3540, 6.905
15.09, 0.3545, 6.885
15.10, 0.3550, 6.886
15.11, 0.3555, 6.861
15.12, 0.3560, 6.848
15.13, 0.3565, 6.840
15.14, 0.3570, 6.820
15.15, 0.3575, 6.809
15.16, 0.3580, 6.773
15.17, 0.3585, 6.798
15.18, 0.3590, 6.788
15.19, 0.3595, 6.725
15.20, 0.3600, 6.749
15.21, 0.3605, 6.715
15.22, 0.3610, 6.730
15.23, 0.3615, 6.700
15.24, 0.3620, 6.713
15.25, 0.3625, 6.672
15.26, 0.3630, 6.678
15.27, 0.3635, 6.656
15.28, 0.3640, 6.646
15.29, 0.3645, 6.638
15.30, 0.3650, 6.635
15.31, 0.3655, 6.616
15.32, 0.3660, 6.603
15.33, 0.3665, 6.599
15.34, 0.3670, 6.605
15.35, 0.3675, 6.582
15.36, 0.3680, 6.568
15.37, 0.3685, 6.554
15.38, 0.3690, 6.566
15.39, 0.3695, 6.540
15.40, 0.3700, 6.560
15.41, 0.3705, 6.580
15.42, 0.3710, 6.565
15.43, 0.3715, 6.579
15.44, 0.3720, 6.589
15.45, 0.3725, 6.576
15.46, 0.3730, 6.575
15.47, 0.3735, 6.581
15.48, 0.3740, 6.579
15.49, 0.3745, 6.565
15.50, 0.3750, 6.534
15.51, 0.3755, 6.537
15.52, 0.3760, 6.519
15.53, 0.3765, 6.511
15.54, 0.3770, 6.523
15.55, 0.3775, 6.483
15.56, 0.3780, 6.488
15.57, 0.3785, 6.455
15.58, 0.3790, 6.471
15.59, 0.3795, 6.458
15.60, 0.3800, 6.450
15.61, 0.3805, 6.431
15.62, 0.3810, 6.417
15.63, 0.3815, 6.408
15.64, 0.3820, 6.368
15.65, 0.3825, 6.395
15.66, 0.3830, 6.385
15.67, 0.3835, 6.372
15.68, 0.3840, 6.368
15.69, 0.3845, 6.343
15.70, 0.3850, 6.328
15.71, 0.3855, 6.365
15.72, 0.3860, 6.308
15.73, 0.3865, 6.303
15.74, 0.3870, 6.299
15.75, 0.3875, 6.274
15.76, 0.3880, 6.277
15.77, 0.3885, 6.268
15.78, 0.3890, 6.265
15.79, 0.3895, 6.275
15.80, 0.3900, 6.256
15.81, 0.3905, 6.277
15.82, 0.3910, 6.267
15.83, 0.3915, 6.249
15.84, 0.3920, 6.281
15.85, 0.3925, 6.305
15.86, 0.3930, 6.315
15.87, 0.3935, 6.296
15.88, 0.3940, 6.293
15.89, 0.3945, 6.298
15.90, 0.3950, 6.261
15.91, 0.3955, 6.278
15.92, 0.3960, 6.279
15.93, 0.3965, 6.277
15.94, 0.3970, 6.260
15.95, 0.3975, 6.248
15.96, 0.3980, 6.235
15.97, 0.3985, 6.240
15.98, 0.3990, 6.209
15.99, 0.3995, 6.199
16.00, 0.4000, 6.211
16.01, 0.3995, 6.009
16.02, 0.3990, 5.985
16.03, 0.3985, 5.963
16.04, 0.3980, 5.936
16.05, 0.3975, 5.919
16.06, 0.3970, 5.907
16.07, 0.3965, 5.862
16.08, 0.3960, 5.873
16.09, 0.3955, 5.833
16.10, 0.3950, 5.831
16.11, 0.3945, 5.825
16.12, 0.3940, 5.796
16.13, 0.3935, 5.762
16.14, 0.3930, 5.745
16.15, 0.3925, 5.742
16.16, 0.3920, 5.739
16.17, 0.3915, 5.726
16.18, 0.3910, 5.727
16.19, 0.3905, 5.697
16.20, 0.3900, 5.699
16.21, 0.3895, 5.680
16.22, 0.3890, 5.674
16.23, 0.3885, 5.662
16.24, 0.3880, 5.634
16.25, 0.3875, 5.602
16.26, 0.3870, 5.560
16.27, 0.3865, 5.563
16.28, 0.3860, 5.531
16.29, 0.3855, 5.474
16.30, 0.3850, 5.487
16.31, 0.3845, 5.475
16.32, 0.3840, 5.435
16.33, 0.3835, 5.420
16.34, 0.3830, 5.421
16.35, 0.3825, 5.427
16.36, 0.3820, 5.420
16.37, 0.3815, 5.406
16.38, 0.3810, 5.393
16.39, 0.3805, 5.386
16.40, 0.3800, 5.404
16.41, 0.3795, 5.406
16.42, 0.3790, 5.385
16.43, 0.3785, 5.393
16.44, 0.3780, 5.371
16.45, 0.3775, 5.358
16.46, 0.3770, 5.356
16.47, 0.3765, 5.352
16.48, 0.3760, 5.335
16.49, 0.3755, 5.347
16.50, 0.3750, 5.313
16.51, 0.3745, 5.315
16.52, 0.3740, 5.295
16.53, 0.3735, 5.323
16.54, 0.3730, 5.320
16.55, 0.3725, 5.296
16.56, 0.3720, 5.294
16.57, 0.3715, 5.273
16.58, 0.3710, 5.290
16.59, 0.3705, 5.267
16.60, 0.3700, 5.258
16.61, 0.3695, 5.280
16.62, 0.3690, 5.239
16.63, 0.3685, 5.242
16.64, 0.3680, 5.235
16.65, 0.3675, 5.214
16.66, 0.3670, 5.201
16.67, 0.3665, 5.183
16.68, 0.3660, 5.166
16.69, 0.3655, 5.127
16.70, 0.3650, 5.102
16.71, 0.3645, 5.071
16.72, 0.3640, 5.069
16.73, 0.3635, 5.048
16.74, 0.3630, 5.036
16.75, 0.3625, 5.035
16.76, 0.3620, 5.046
16.77, 0.3615, 5.022
16.78, 0.3610, 5.038
16.79, 0.3605, 5.013
16.80, 0.3600, 5.023
16.81, 0.3595, 5.033
16.82, 0.3590, 4.997
16.83, 0.3585, 5.017
16.84, 0.3580, 5.015
16.85, 0.3575, 4.997
16.86, 0.3570, 5.002
16.87, 0.3565, 5.006
16.88, 0.3560, 4.994
16.89, 0.3555, 4.972
16.90, 0.3550, 4.999
16.91, 0.3545, 4.982
16.92, 0.3540, 4.956
16.93, 0.3535, 4.970
16.94, 0.3530, 4.971
16.95, 0.3525, 4.948
16.96, 0.3520, 4.959
16.97, 0.3515, 4.953
16.98, 0.3510, 4.932
16.99, 0.3505, 4.954
17.00, 0.3500, 4.947
17.01, 0.3495, 4.920
17.02, 0.3490, 4.904
17.03, 0.3485, 4.931
17.04, 0.3480, 4.907
17.05, 0.3475, 4.943
17.06, 0.3470, 4.904
17.07, 0.3465, 4.900
17.08, 0.3460, 4.855
17.09, 0.3455, 4.835
17.10, 0.3450, 4.831
17.11, 0.3445, 4.770
17.12, 0.3440, 4.771
17.13, 0.3435, 4.743
17.14, 0.3430, 4.733
17.15, 0.3425, 4.735
17.16, 0.3420, 4.734
17.17, 0.3415, 4.701
17.18, 0.3410, 4.712
17.19, 0.3405, 4.715
17.20, 0.3400, 4.681
17.21, 0.3395, 4.710
17.22, 0.3390, 4.715
17.23, 0.3385, 4.684
17.24, 0.3380, 4.712
17.25, 0.3375, 4.721
17.26, 0.3370, 4.692
17.27, 0.3365, 4.697
17.28, 0.3360, 4.705
17.29, 0.3355, 4.667
17.30, 0.3350, 4.705
17.31, 0.3345, 4.683
17.32, 0.3340, 4.657
17.33, 0.3335, 4.663
17.34, 0.3330, 4.667
17.35, 0.3325, 4.685
17.36, 0.3320, 4.669
17.37, 0.3315, 4.636
17.38, 0.3310, 4.643
17.39, 0.3305, 4.633
17.40, 0.3300, 4.648
17.41, 0.3295, 4.647
17.42, 0.3290, 4.634
17.43, 0.3285, 4.635
17.44, 0.3280, 4.617
17.45, 0.3275, 4.625
17.46, 0.3270, 4.611
17.47, 0.3265, 4.629
17.48, 0.3260, 4.608
17.49, 0.3255, 4.594
17.50, 0.3250, 4.580
17.51, 0.3245, 4.532
17.52, 0.3240, 4.531
17.53, 0.3235, 4.518
17.54, 0.3230, 4.476
17.55, 0.3225, 4.462
17.56, 0.3220, 4.422
17.57, 0.3215, 4.431
17.58, 0.3210, 4.420
17.59, 0.3205, 4.436
17.60, 0.3200, 4.428
17.61, 0.3195, 4.413
17.62, 0.3190, 4.400
17.63, 0.3185, 4.410
17.64, 0.3180, 4.392
17.65, 0.3175, 4.410
17.66, 0.3170, 4.407
17.67, 0.3165, 4.411
17.68, 0.3160, 4.411
17.69, 0.3155, 4.393
17.70, 0.3150, 4.387
17.71, 0.3145, 4.397
17.72, 0.3140, 4.395
17.73, 0.3135, 4.429
17.74, 0.3130, 4.400
17.75, 0.3125, 4.391
17.76, 0.3120, 4.383
17.77, 0.3115, 4.397
17.78, 0.3110, 4.366
17.79, 0.3105, 4.361
17.80, 0.3100, 4.374
17.81, 0.3095, 4.355
17.82, 0.3090, 4.354
17.83, 0.3085, 4.367
17.84, 0.3080, 4.338
17.85, 0.3075, 4.341
17.86, 0.3070, 4.322
17.87, 0.3065, 4.317
17.88, 0.3060, 4.311
17.89, 0.3055, 4.320
17.90, 0.3050, 4.334
17.91, 0.3045, 4.340
17.92, 0.3040, 4.308
17.93, 0.3035, 4.272
17.94, 0.3030, 4.251
17.95, 0.3025, 4.204
17.96, 0.3020, 4.183
17.97, 0.3015, 4.199
17.98, 0.3010, 4.155
17.99, 0.3005, 4.150
18.00, 0.3000, 4.161
18.01, 0.2995, 4.145
18.02, 0.2990, 4.129
18.03, 0.2985, 4.133
18.04, 0.2980, 4.130
18.05, 0.2975, 4.144
18.06, 0.2970, 4.123
18.07, 0.2965, 4.136
18.08, 0.2960, 4.098
18.09, 0.2955, 4.127
18.10, 0.2950, 4.130
18.11, 0.2945, 4.122
18.12, 0.2940, 4.125
18.13, 0.2935, 4.096
18.14, 0.2930, 4.115
18.15, 0.2925, 4.095
18.16, 0.2920, 4.119
18.17, 0.2915, 4.109
18.18, 0.2910, 4.110
18.19, 0.2905, 4.096
18.20, 0.2900, 4.075
18.21, 0.2895, 4.070
18.22, 0.2890, 4.092
18.23, 0.2885, 4.086
18.24, 0.2880, 4.059
18.25, 0.2875, 4.062
18.26, 0.2870, 4.057
18.27, 0.2865, 4.069
18.28, 0.2860, 4.069
18.29, 0.2855, 4.042
18.30, 0.2850, 4.046
18.31, 0.2845, 4.043
18.32, 0.2840, 4.034
18.33, 0.2835, 4.034
18.34, 0.2830, 4.012
18.35, 0.2825, 4.009
18.36, 0.2820, 3.965
18.37, 0.2815, 3.924
18.38, 0.2810, 3.903
18.39, 0.2805, 3.903
18.40, 0.2800, 3.887
18.41, 0.2795, 3.868
18.42, 0.2790, 3.860
18.43, 0.2785, 3.866
18.44, 0.2780, 3.829
18.45, 0.2775, 3.843
18.46, 0.2770, 3.835
18.47, 0.2765, 3.857
18.48, 0.2760, 3.851
18.49, 0.2755, 3.831
18.50, 0.2750, 3.854
18.51, 0.2745, 3.827
18.52, 0.2740, 3.828
18.53, 0.2735, 3.837
18.54, 0.2730, 3.815
18.55, 0.2725, 3.844
18.56, 0.2720, 3.818
18.57, 0.2715, 3.814
18.58, 0.2710, 3.822
18.59, 0.2705, 3.806
18.60, 0.2700, 3.814
18.61, 0.2695, 3.802
18.62, 0.2690, 3.800
18.63, 0.2685, 3.800
18.64, 0.2680, 3.781
18.65, 0.2675, 3.769
18.66, 0.2670, 3.784
18.67, 0.2665, 3.785
18.68, 0.2660, 3.761
18.69, 0.2655, 3.755
18.70, 0.2650, 3.762
18.71, 0.2645, 3.737
18.72, 0.2640, 3.749
18.73, 0.2635, 3.756
18.74, 0.2630, 3.747
18.75, 0.2625, 3.726
18.76, 0.2620, 3.716
18.77, 0.2615, 3.701
18.78, 0.2610, 3.667
18.79, 0.2605, 3.653
18.80, 0.2600, 3.642
18.81, 0.2595, 3.593
18.82, 0.2590, 3.585
18.83, 0.2585, 3.592
18.84, 0.2580, 3.597
18.85, 0.2575, 3.572
18.86, 0.2570, 3.556
18.87, 0.2565, 3.553
18.88, 0.2560, 3.559
18.89, 0.2555, 3.553
18.90, 0.2550, 3.543
18.91, 0.2545, 3.539
18.92, 0.2540, 3.556
18.93, 0.2535, 3.533
18.94, 0.2530, 3.529
18.95, 0.2525, 3.540
18.96, 0.2520, 3.523
18.97, 0.2515, 3.525
18.98, 0.2510, 3.541
18.99, 0.2505, 3.525
19.00, 0.2500, 3.526
19.01, 0.2495, 3.526
19.02, 0.2490, 3.521
19.03, 0.2485, 3.508
19.04, 0.2480, 3.511
19.05, 0.2475, 3.491
19.06, 0.2470, 3.491
19.07, 0.2465, 3.478
19.08, 0.2460, 3.493
19.09, 0.2455, 3.468
19.10, 0.2450, 3.478
19.11, 0.2445, 3.473
19.12, 0.2440, 3.468
19.13, 0.2435, 3.454
19.14, 0.2430, 3.443
19.15, 0.2425, 3.435
19.16, 0.2420, 3.427
19.17, 0.2415, 3.453
19.18, 0.2410, 3.422
19.19, 0.2405, 3.404
19.20, 0.2400, 3.369
19.21, 0.2395, 3.347
19.22, 0.2390, 3.329
19.23, 0.2385, 3.323
19.24, 0.2380, 3.278
19.25, 0.2375, 3.265
19.26, 0.2370, 3.273
19.27, 0.2365, 3.221
19.28, 0.2360, 3.273
19.29, 0.2355, 3.246
19.30, 0.2350, 3.229
19.31, 0.2345, 3.222
19.32, 0.2340, 3.231
19.33, 0.2335, 3.229
19.34, 0.2330, 3.212
19.35, 0.2325, 3.241
19.36, 0.2320, 3.208
19.37, 0.2315, 3.230
19.38, 0.2310, 3.214
19.39, 0.2305, 3.201
19.40, 0.2300, 3.210
19.41, 0.2295, 3.195
19.42, 0.2290, 3.205
19.43, 0.2285, 3.199
19.44, 0.2280, 3.168
19.45, 0.2275, 3.180
19.46, 0.2270, 3.190
19.47, 0.2265, 3.171
19.48, 0.2260, 3.152
19.49, 0.2255, 3.152
19.50, 0.2250, 3.164
19.51, 0.2245, 3.130
19.52, 0.2240, 3.123
19.53, 0.2235, 3.127
19.54, 0.2230, 3.146
19.55, 0.2225, 3.133
19.56, 0.2220, 3.131
19.57, 0.2215, 3.082
19.58, 0.2210, 3.118
19.59, 0.2205, 3.118
19.60, 0.2200, 3.102
19.61, 0.2195, 3.069
19.62, 0.2190, 3.049
19.63, 0.2185, 3.002
19.64, 0.2180, 2.970
19.65, 0.2175, 2.961
19.66, 0.2170, 2.958
19.67, 0.2165, 2.947
19.68, 0.2160, 2.926
19.69, 0.2155, 2.886
19.70, 0.2150, 2.887
19.71, 0.2145, 2.908
19.72, 0.2140, 2.899
19.73, 0.2135, 2.889
19.74, 0.2130, 2.882
19.75, 0.2125, 2.887
19.76, 0.2120, 2.880
19.77, 0.2115, 2.883
19.78, 0.2110, 2.870
19.79, 0.2105, 2.870
19.80, 0.2100, 2.865
19.81, 0.2095, 2.870
19.82, 0.2090, 2.865
19.83, 0.2085, 2.844
19.84, 0.2080, 2.857
19.85, 0.2075, 2.845
19.86, 0.2070, 2.856
19.87, 0.2065, 2.846
19.88, 0.2060, 2.815
19.89, 0.2055, 2.812
19.90, 0.2050, 2.810
19.91, 0.2045, 2.801
19.92, 0.2040, 2.795
19.93, 0.2035, 2.790
19.94, 0.2030, 2.797
19.95, 0.2025, 2.785
19.96, 0.2020, 2.744
19.97, 0.2015, 2.748
19.98, 0.2010, 2.771
19.99, 0.2005, 2.737
20.00, 0.2000, 2.728
20.01, 0.1995, 2.721
20.02, 0.1990, 2.717
20.03, 0.1985, 2.693
20.04, 0.1980, 2.690
20.05, 0.1975, 2.646
20.06, 0.1970, 2.642
20.07, 0.1965, 2.583
20.08, 0.1960, 2.573
20.09, 0.1955, 2.547
20.10, 0.1950, 2.558
20.11, 0.1945, 2.542
20.12, 0.1940, 2.532
20.13, 0.1935, 2.522
20.14, 0.1930, 2.523
20.15, 0.1925, 2.510
20.16, 0.1920, 2.504
20.17, 0.1915, 2.492
20.18, 0.1910, 2.501
20.19, 0.1905, 2.508
20.20, 0.1900, 2.509
20.21, 0.1895, 2.498
20.22, 0.1890, 2.509
20.23, 0.1885, 2.485
20.24, 0.1880, 2.464
20.25, 0.1875, 2.464
20.26, 0.1870, 2.466
20.27, 0.1865, 2.459
20.28, 0.1860, 2.456
20.29, 0.1855, 2.446
20.30, 0.1850, 2.433
20.31, 0.1845, 2.428
20.32, 0.1840, 2.423
20.33, 0.1835, 2.424
20.34, 0.1830, 2.411
20.35, 0.1825, 2.406
20.36, 0.1820, 2.389
20.37, 0.1815, 2.382
20.38, 0.1810, 2.383
20.39, 0.1805, 2.392
20.40, 0.1800, 2.368
20.41, 0.1795, 2.359
20.42, 0.1790, 2.359
20.43, 0.1785, 2.350
20.44, 0.1780, 2.336
20.45, 0.1775, 2.304
20.46, 0.1770, 2.292
20.47, 0.1765, 2.242
20.48, 0.1760, 2.245
20.49, 0.1755, 2.222
20.50, 0.1750, 2.163
20.51, 0.1745, 2.150
20.52, 0.1740, 2.154
20.53, 0.1735, 2.154
20.54, 0.1730, 2.140
20.55, 0.1725, 2.116
20.56, 0.1720, 2.125
20.57, 0.1715, 2.113
20.58, 0.1710, 2.093
20.59, 0.1705, 2.092
20.60, 0.1700, 2.105
20.61, 0.1695, 2.107
20.62, 0.1690, 2.106
20.63, 0.1685, 2.060
20.64, 0.1680, 2.077
20.65, 0.1675, 2.089
20.66, 0.1670, 2.075
20.67, 0.1665, 2.051
20.68, 0.1660, 2.063
20.69, 0.1655, 2.047
20.70, 0.1650, 2.033
20.71, 0.1645, 2.017
20.72, 0.1640, 2.024
20.73, 0.1635, 2.053
20.74, 0.1630, 2.015
20.75, 0.1625, 2.019
20.76, 0.1620, 1.983
20.77, 0.1615, 1.990
20.78, 0.1610, 1.989
20.79, 0.1605, 1.999
20.80, 0.1600, 1.976
20.81, 0.1595, 1.953
20.82, 0.1590, 1.953
20.83, 0.1585, 1.958
20.84, 0.1580, 1.925
20.85, 0.1575, 1.949
20.86, 0.1570, 1.910
20.87, 0.1565, 1.900
20.88, 0.1560, 1.878
20.89, 0.1555, 1.848
20.90, 0.1550, 1.821
20.91, 0.1545, 1.791
20.92, 0.1540, 1.785
20.93, 0.1535, 1.745
20.94, 0.1530, 1.728
20.95, 0.1525, 1.712
20.96, 0.1520, 1.737
20.97, 0.1515, 1.703
20.98, 0.1510, 1.702
20.99, 0.1505, 1.697
21.00, 0.1500, 1.705
21.01, 0.1495, 1.690
21.02, 0.1490, 1.673
21.03, 0.1485, 1.680
21.04, 0.1480, 1.681
21.05, 0.1475, 1.700
21.06, 0.1470, 1.700
21.07, 0.1465, 1.667
21.08, 0.1460, 1.671
21.09, 0.1455, 1.646
21.10, 0.1450, 1.672
21.11, 0.1445, 1.669
21.12, 0.1440, 1.638
21.13, 0.1435, 1.617
21.14, 0.1430, 1.629
21.15, 0.1425, 1.612
21.16, 0.1420, 1.621
21.17, 0.1415, 1.590
21.18, 0.1410, 1.591
21.19, 0.1405, 1.576
21.20, 0.1400, 1.563
21.21, 0.1395, 1.552
21.22, 0.1390, 1.549
21.23, 0.1385, 1.586
21.24, 0.1380, 1.567
21.25, 0.1375, 1.539
21.26, 0.1370, 1.532
21.27, 0.1365, 1.516
21.28, 0.1360, 1.518
21.29, 0.1355, 1.468
21.30, 0.1350, 1.446
21.31, 0.1345, 1.433
21.32, 0.1340, 1.405
21.33, 0.1335, 1.375
21.34, 0.1330, 1.366
21.35, 0.1325, 1.379
21.36, 0.1320, 1.339
21.37, 0.1315, 1.338
21.38, 0.1310, 1.304
21.39, 0.1305, 1.279
21.40, 0.1300, 1.300
21.41, 0.1295, 1.297
21.42, 0.1290, 1.289
21.43, 0.1285, 1.292
21.44, 0.1280, 1.272
21.45, 0.1275, 1.292
21.46, 0.1270, 1.279
21.47, 0.1265, 1.272
21.48, 0.1260, 1.251
21.49, 0.1255, 1.281
21.50, 0.1250, 1.250
21.51, 0.1245, 1.257
21.52, 0.1240, 1.253
21.53, 0.1235, 1.254
21.54, 0.1230, 1.225
21.55, 0.1225, 1.247
21.56, 0.1220, 1.232
21.57, 0.1215, 1.211
21.58, 0.1210, 1.214
21.59, 0.1205, 1.203
21.60, 0.1200, 1.195
21.61, 0.1195, 1.199
21.62, 0.1190, 1.191
21.63, 0.1185, 1.174
21.64, 0.1180, 1.158
21.65, 0.1175, 1.146
21.66, 0.1170, 1.157
21.67, 0.1165, 1.161
21.68, 0.1160, 1.148
21.69, 0.1155, 1.110
21.70, 0.1150, 1.122
21.71, 0.1145, 1.093
21.72, 0.1140, 1.074
21.73, 0.1135, 1.055
21.74, 0.1130, 1.005
21.75, 0.1125, 1.009
21.76, 0.1120, 0.9751
21.77, 0.1115, 0.9608
21.78, 0.1110, 0.9459
21.79, 0.1105, 0.9466
21.80, 0.1100, 0.9225
21.81, 0.1095, 0.9292
21.82, 0.1090, 0.8988
21.83, 0.1085, 0.8978
21.84, 0.1080, 0.8981
21.85, 0.1075, 0.9158
21.86, 0.1070, 0.9078
21.87, 0.1065, 0.9049
21.88, 0.1060, 0.8927
21.89, 0.1055, 0.8815
21.90, 0.1050, 0.8952
21.91, 0.1045, 0.8961
21.92, 0.1040, 0.9153
21.93, 0.1035, 0.8934
21.94, 0.1030, 0.8730
21.95, 0.1025, 0.8554
21.96, 0.1020, 0.8553
21.97, 0.1015, 0.8575
21.98, 0.1010, 0.8563
21.99, 0.1005, 0.8520
22.00, 0.1000, 0.8383
22.01, 0.09950, 0.8239
22.02, 0.09900, 0.8048
22.03, 0.09850, 0.8288
22.04, 0.09800, 0.8271
22.05, 0.09750, 0.8075
22.06, 0.09700, 0.8077
22.07, 0.09650, 0.7990
22.08, 0.09600, 0.7795
22.09, 0.09550, 0.7980
22.10, 0.09500, 0.7807
22.11, 0.09450, 0.7906
22.12, 0.09400, 0.7633
22.13, 0.09350, 0.7433
22.14, 0.09300, 0.7046
22.15, 0.09250, 0.6918
22.16, 0.09200, 0.6774
22.17, 0.09150, 0.6499
22.18, 0.09100, 0.6230
22.19, 0.09050, 0.6066
22.20, 0.09000, 0.6086
22.21, 0.08950, 0.5786
22.22, 0.08900, 0.5859
22.23, 0.08850, 0.5758
22.24, 0.08800, 0.5682
22.25, 0.08750, 0.5553
22.26, 0.08700, 0.5326
22.27, 0.08650, 0.5544
22.28, 0.08600, 0.5899
22.29, 0.08550, 0.5776
22.30, 0.08500, 0.5898
22.31, 0.08450, 0.5382
22.32, 0.08400, 0.5564
22.33, 0.08350, 0.5576
22.34, 0.08300, 0.5551
22.35, 0.08250, 0.5512
22.36, 0.08200, 0.5444
22.37, 0.08150, 0.5313
22.38, 0.08100, 0.5357
22.39, 0.08050, 0.5363
22.40, 0.08000, 0.4913
22.41, 0.07950, 0.5121
22.42, 0.07900, 0.5085
22.43, 0.07850, 0.5136
22.44, 0.07800, 0.4997
22.45, 0.07750, 0.4882
22.46, 0.07700, 0.4964
22.47, 0.07650, 0.4921
22.48, 0.07600, 0.4808
22.49, 0.07550, 0.4682
22.50, 0.07500, 0.4781
22.51, 0.07450, 0.4582
22.52, 0.07400, 0.4634
22.53, 0.07350, 0.4512
22.54, 0.07300, 0.4628
22.55, 0.07250, 0.4579
22.56, 0.07200, 0.4103
22.57, 0.07150, 0.3720
22.58, 0.07100, 0.3326
22.59, 0.07050, 0.3119
22.60, 0.07000, 0.3039
22.61, 0.06950, 0.2921
22.62, 0.06900, 0.2734
22.63, 0.06850, 0.2626
22.64, 0.06800, 0.2651
22.65, 0.06750, 0.2730
22.66, 0.06700, 0.2608
22.67, 0.06650, 0.2332
22.68, 0.06600, 0.2631
22.69, 0.06550, 0.2410
22.70, 0.06500, 0.2427
22.71, 0.06450, 0.2564
22.72, 0.06400, 0.2547
22.73, 0.06350, 0.2449
22.74, 0.06300, 0.2567
22.75, 0.06250, 0.2311
22.76, 0.06200, 0.2623
22.77, 0.06150, 0.2271
22.78, 0.06100, 0.2381
22.79, 0.06050, 0.2238
22.80, 0.06000, 0.2261
22.81, 0.05950, 0.2199
22.82, 0.05900, 0.2103
22.83, 0.05850, 0.2190
22.84, 0.05800, 0.2081
22.85, 0.05750, 0.1938
22.86, 0.05700, 0.1962
22.87, 0.05650, 0.1914
22.88, 0.05600, 0.1761
22.89, 0.05550, 0.1789
22.90, 0.05500, 0.1858
22.91, 0.05450, 0.1787
22.92, 0.05400, 0.1694
22.93, 0.05350, 0.1701
22.94, 0.05300, 0.1509
22.95, 0.05250, 0.1528
22.96, 0.05200, 0.1458
22.97, 0.05150, 0.1233
22.98, 0.05100, 0.1385
22.99, 0.05050, 0.1096
23.00, 0.05000, 0.06795
23.01, 0.04950, 0.03321
23.02, 0.04900, 0.01361
23.03, 0.04850, 0.01234
23.04, 0.04800, -0.01207
23.05, 0.04750, -0.01300
23.06, 0.04700, -0.03989
23.07, 0.04650, -0.02366
23.08, 0.04600, -0.04689
23.09, 0.04550, -0.03145
23.10, 0.04500, -0.05415
23.11, 0.04450, -0.05720
23.12, 0.04400, -0.03177
23.13, 0.04350, -0.04979
23.14, 0.04300, -0.05893
23.15, 0.04250, -0.06643
23.16, 0.04200, -0.04014
23.17, 0.04150, -0.04279
23.18, 0.04100, -0.05962
23.19, 0.04050, -0.04456
23.20, 0.04000, -0.06997
23.21, 0.03950, -0.07504
23.22, 0.03900, -0.06931
23.23, 0.03850, -0.06905
23.24, 0.03800, -0.09449
23.25, 0.03750, -0.05663
23.26, 0.03700, -0.1004
23.27, 0.03650, -0.1188
23.28, 0.03600, -0.08434
23.29, 0.03550, -0.1153
23.30, 0.03500, -0.1151
23.31, 0.03450, -0.1284
23.32, 0.03400, -0.1462
23.33, 0.03350, -0.1253
23.34, 0.03300, -0.1421
23.35, 0.03250, -0.1297
23.36, 0.03200, -0.1531
23.37, 0.03150, -0.1439
23.38, 0.03100, -0.1703
23.39, 0.03050, -0.1659
23.40, 0.03000, -0.1805
23.41, 0.02950, -0.2244
23.42, 0.02900, -0.2501
23.43, 0.02850, -0.2584
23.44, 0.02800, -0.2945
23.45, 0.02750, -0.3105
23.46, 0.02700, -0.3308
23.47, 0.02650, -0.3303
23.48, 0.02600, -0.3165
23.49, 0.02550, -0.3249
23.50, 0.02500, -0.3516
23.51, 0.02450, -0.3468
23.52, 0.02400, -0.3551
23.53, 0.02350, -0.3548
23.54, 0.02300, -0.3746
23.55, 0.02250, -0.3670
23.56, 0.02200, -0.3702
23.57, 0.02150, -0.3449
23.58, 0.02100, -0.3677
23.59, 0.02050, -0.3620
23.60, 0.02000, -0.3648
23.61, 0.01950, -0.3546
23.62, 0.01900, -0.3890
23.63, 0.01850, -0.3842
23.64, 0.01800, -0.4215
23.65, 0.01750, -0.4203
23.66, 0.01700, -0.4133
23.67, 0.01650, -0.3954
23.68, 0.01600, -0.4125
23.69, 0.01550, -0.4217
23.70, 0.01500, -0.4426
23.71, 0.01450, -0.4207
23.72, 0.01400, -0.4456
23.73, 0.01350, -0.4462
23.74, 0.01300, -0.4518
23.75, 0.01250, -0.4750
23.76, 0.01200, -0.4917
23.77, 0.01150, -0.4990
23.78, 0.01100, -0.4660
23.79, 0.01050, -0.4720
23.80, 0.01000, -0.4762
23.81, 0.009500, -0.5295
23.82, 0.009000, -0.5393
23.83, 0.008500, -0.5687
23.84, 0.008000, -0.5959
23.85, 0.007500, -0.6210
23.86, 0.007000, -0.6352
23.87, 0.006500, -0.6491
23.88, 0.006000, -0.6569
23.89, 0.005500, -0.6919
23.90, 0.005000, -0.6965
23.91, 0.004500, -0.7029
23.92, 0.004000, -0.6934
23.93, 0.003500, -0.7063
23.94, 0.003000, -0.7187
23.95, 0.002500, -0.7240
23.96, 0.002000, -0.7266
23.97, 0.001500, -0.7286
23.98, 0.001000, -0.7354
23.99, 0.0005000, -0.7215
24.00, 0.000, -0.7211
24.01, -0.0005000, -0.7483
24.02, -0.001000, -0.7421
24.03, -0.001500, -0.7697
24.04, -0.002000, -0.7386
24.05, -0.002500, -0.7588
24.06, -0.003000, -0.7433
24.07, -0.003500, -0.7635
24.08, -0.004000, -0.7727
24.09, -0.004500, -0.7980
24.10, -0.005000, -0.7861
24.11, -0.005500, -0.7971
24.12, -0.006000, -0.8205
24.13, -0.006500, -0.8120
24.14, -0.007000, -0.8275
24.15, -0.007500, -0.8363
24.16, -0.008000, -0.8423
24.17, -0.008500, -0.8610
24.18, -0.009000, -0.8432
24.19, -0.009500, -0.8663
24.20, -0.01000, -0.8682
24.21, -0.01050, -0.9003
24.22, -0.01100, -0.9231
24.23, -0.01150, -0.9107
24.24, -0.01200, -0.9474
24.25, -0.01250, -0.9264
24.26, -0.01300, -0.9938
24.27, -0.01350, -0.9935
24.28, -0.01400, -1.033
24.29, -0.01450, -1.051
24.30, -0.01500, -1.051
24.31, -0.01550, -1.074
24.32, -0.01600, -1.082
24.33, -0.01650, -1.119
24.34, -0.01700, -1.094
24.35, -0.01750, -1.109
24.36, -0.01800, -1.110
24.37, -0.01850, -1.121
24.38, -0.01900, -1.140
24.39, -0.01950, -1.142
24.40, -0.02000, -1.143
24.41, -0.02050, -1.142
24.42, -0.02100, -1.144
24.43, -0.02150, -1.148
24.44, -0.02200, -1.174
24.45, -0.02250, -1.174
24.46, -0.02300, -1.179
24.47, -0.02350, -1.205
24.48, -0.02400, -1.178
24.49, -0.02450, -1.214
24.50, -0.02500, -1.183
24.51, -0.02550, -1.219
24.52, -0.02600, -1.223
24.53, -0.02650, -1.229
24.54, -0.02700, -1.237
24.55, -0.02750, -1.242
24.56, -0.02800, -1.262
24.57, -0.02850, -1.273
24.58, -0.02900, -1.300
24.59, -0.02950, -1.298
24.60, -0.03000, -1.296
24.61, -0.03050, -1.312
24.62, -0.03100, -1.331
24.63, -0.03150, -1.332
24.64, -0.03200, -1.341
24.65, -0.03250, -1.361
24.66, -0.03300, -1.398
24.67, -0.03350, -1.421
24.68, -0.03400, -1.440
24.69, -0.03450, -1.442
24.70, -0.03500, -1.498
24.71, -0.03550, -1.529
24.72, -0.03600, -1.531
24.73, -0.03650, -1.536
24.74, -0.03700, -1.552
24.75, -0.03750, -1.581
24.76, -0.03800, -1.573
24.77, -0.03850, -1.605
24.78, -0.03900, -1.603
24.79, -0.03950, -1.613
24.80, -0.04000, -1.580
24.81, -0.04050, -1.618
24.82, -0.04100, -1.636
24.83, -0.04150, -1.637
24.84, -0.04200, -1.653
24.85, -0.04250, -1.644
24.86, -0.04300, -1.649
24.87, -0.04350, -1.673
24.88, -0.04400, -1.683
24.89, -0.04450, -1.681
24.90, -0.04500, -1.683
24.91, -0.04550, -1.703
24.92, -0.04600, -1.693
24.93, -0.04650, -1.699
24.94, -0.04700, -1.694
24.95, -0.04750, -1.730
24.96, -0.04800, -1.739
24.97, -0.04850, -1.772
24.98, -0.04900, -1.745
24.99, -0.04950, -1.764
25.00, -0.05000, -1.777
25.01, -0.05050, -1.781
25.02, -0.05100, -1.795
25.03, -0.05150, -1.808
25.04, -0.05200, -1.824
25.05, -0.05250, -1.830
25.06, -0.05300, -1.850
25.07, -0.05350, -1.865
25.08, -0.05400, -1.893
25.09, -0.05450, -1.941
25.10, -0.05500, -1.951
25.11, -0.05550, -1.982
25.12, -0.05600, -1.969
25.13, -0.05650, -2.004
25.14, -0.05700, -2.049
25.15, -0.05750, -2.069
25.16, -0.05800, -2.056
25.17, -0.05850, -2.064
25.18, -0.05900, -2.099
25.19, -0.05950, -2.104
25.20, -0.06000, -2.099
25.21, -0.06050, -2.114
25.22, -0.06100, -2.130
25.23, -0.06150, -2.119
25.24, -0.06200, -2.124
25.25, -0.06250, -2.143
25.26, -0.06300, -2.161
25.27, -0.06350, -2.146
25.28, -0.06400, -2.170
25.29, -0.06450, -2.176
25.30, -0.06500, -2.156
25.31, -0.06550, -2.192
25.32, -0.06600, -2.194
25.33, -0.06650, -2.214
25.34, -0.06700, -2.230
25.35, -0.06750, -2.225
25.36, -0.06800, -2.242
25.37, -0.06850, -2.231
25.38, -0.06900, -2.226
25.39, -0.06950, -2.251
25.40, -0.07000, -2.284
25.41, -0.07050, -2.312
25.42, -0.07100, -2.289
25.43, -0.07150, -2.285
25.44, -0.07200, -2.319
25.45, -0.07250, -2.319
25.46, -0.07300, -2.338
25.47, -0.07350, -2.352
25.48, -0.07400, -2.353
25.49, -0.07450, -2.360
25.50, -0.07500, -2.402
25.51, -0.07550, -2.429
25.52, -0.07600, -2.435
25.53, -0.07650, -2.452
25.54, -0.07700, -2.497
25.55, -0.07750, -2.504
25.56, -0.07800, -2.505
25.57, -0.07850, -2.544
25.58, -0.07900, -2.581
25.59, -0.07950, -2.571
25.60, -0.08000, -2.592
25.61, -0.08050, -2.582
25.62, -0.08100, -2.592
25.63, -0.08150, -2.598
25.64, -0.08200, -2.611
25.65, -0.08250, -2.613
25.66, -0.08300, -2.613
25.67, -0.08350, -2.619
25.68, -0.08400, -2.664
25.69, -0.08450, -2.647
25.70, -0.08500, -2.637
25.71, -0.08550, -2.662
25.72, -0.08600, -2.675
25.73, -0.08650, -2.668
25.74, -0.08700, -2.658
25.75, -0.08750, -2.692
25.76, -0.08800, -2.690
25.77, -0.08850, -2.694
25.78, -0.08900, -2.705
25.79, -0.08950, -2.704
25.80, -0.09000, -2.710
25.81, -0.09050, -2.739
25.82, -0.09100, -2.724
25.83, -0.09150, -2.751
25.84, -0.09200, -2.745
25.85, -0.09250, -2.797
25.86, -0.09300, -2.774
25.87, -0.09350, -2.776
25.88, -0.09400, -2.782
25.89, -0.09450, -2.812
25.90, -0.09500, -2.827
25.91, -0.09550, -2.822
25.92, -0.09600, -2.847
25.93, -0.09650, -2.869
25.94, -0.09700, -2.904
25.95, -0.09750, -2.931
25.96, -0.09800, -2.941
25.97, -0.09850, -2.976
25.98, -0.09900, -2.984
25.99, -0.09950, -2.997
26.00, -0.1000, -2.986
26.01, -0.1005, -3.006
26.02, -0.1010, -3.027
26.03, -0.1015, -3.040
26.04, -0.1020, -3.055
26.05, -0.1025, -3.045
26.06, -0.1030, -3.046
26.07, -0.1035, -3.065
26.08, -0.1040, -3.058
26.09, -0.1045, -3.084
26.10, -0.1050, -3.068
26.11, -0.1055, -3.079
26.12, -0.1060, -3.064
26.13, -0.1065, -3.085
26.14, -0.1070, -3.101
26.15, -0.1075, -3.089
26.16, -0.1080, -3.114
26.17, -0.1085, -3.113
26.18, -0.1090, -3.094
26.19, -0.1095, -3.077
26.20, -0.1100, -3.121
26.21, -0.1105, -3.127
26.22, -0.1110, -3.130
26.23, -0.1115, -3.136
26.24, -0.1120, -3.131
26.25, -0.1125, -3.136
26.26, -0.1130, -3.151
26.27, -0.1135, -3.172
26.28, -0.1140, -3.184
26.29, -0.1145, -3.171
26.30, -0.1150, -3.179
26.31, -0.1155, -3.183
26.32, -0.1160, -3.197
26.33, -0.1165, -3.215
26.34, -0.1170, -3.235
26.35, -0.1175, -3.247
26.36, -0.1180, -3.283
26.37, -0.1185, -3.294
26.38, -0.1190, -3.319
26.39, -0.1195, -3.336
26.40, -0.1200, -3.336
26.41, -0.1205, -3.368
26.42, -0.1210, -3.390
26.43, -0.1215, -3.363
26.44, -0.1220, -3.371
26.45, -0.1225, -3.388
26.46, -0.1230, -3.400
26.47, -0.1235, -3.418
26.48, -0.1240, -3.384
26.49, -0.1245, -3.408
26.50, -0.1250, -3.403
26.51, -0.1255, -3.389
26.52, -0.1260, -3.421
26.53, -0.1265, -3.416
26.54, -0.1270, -3.415
26.55, -0.1275, -3.417
26.56, -0.1280, -3.418
26.57, -0.1285, -3.419
26.58, -0.1290, -3.418
26.59, -0.1295, -3.425
26.60, -0.1300, -3.427
26.61, -0.1305, -3.422
26.62, -0.1310, -3.408
26.63, -0.1315, -3.418
26.64, -0.1320, -3.430
26.65, -0.1325, -3.456
26.66, -0.1330, -3.463
26.67, -0.1335, -3.439
26.68, -0.1340, -3.461
26.69, -0.1345, -3.462
26.70, -0.1350, -3.463
26.71, -0.1355, -3.482
26.72, -0.1360, -3.466
26.73, -0.1365, -3.476
26.74, -0.1370, -3.485
26.75, -0.1375, -3.475
26.76, -0.1380, -3.522
26.77, -0.1385, -3.513
26.78, -0.1390, -3.552
26.79, -0.1395, -3.591
26.80, -0.1400, -3.581
26.81, -0.1405, -3.589
26.82, -0.1410, -3.618
26.83, -0.1415, -3.618
26.84, -0.1420, -3.636
26.85, -0.1425, -3.637
26.86, -0.1430, -3.655
26.87, -0.1435, -3.627
26.88, -0.1440, -3.647
26.89, -0.1445, -3.657
26.90, -0.1450, -3.669
26.91, -0.1455, -3.662
26.92, -0.1460, -3.641
26.93, -0.1465, -3.654
26.94, -0.1470, -3.643
26.95, -0.1475, -3.653
26.96, -0.1480, -3.656
26.97, -0.1485, -3.660
26.98, -0.1490, -3.655
26.99, -0.1495, -3.656
27.00, -0.1500, -3.638
27.01, -0.1505, -3.650
27.02, -0.1510, -3.647
27.03, -0.1515, -3.647
27.04, -0.1520, -3.648
27.05, -0.1525, -3.633
27.06, -0.1530, -3.631
27.07, -0.1535, -3.654
27.08, -0.1540, -3.653
27.09, -0.1545, -3.674
27.10, -0.1550, -3.668
27.11, -0.1555, -3.684
27.12, -0.1560, -3.663
27.13, -0.1565, -3.677
27.14, -0.1570, -3.667
27.15, -0.1575, -3.659
27.16, -0.1580, -3.685
27.17, -0.1585, -3.673
27.18, -0.1590, -3.675
27.19, -0.1595, -3.712
27.20, -0.1600, -3.733
27.21, -0.1605, -3.770
27.22, -0.1610, -3.772
27.23, -0.1615, -3.771
27.24, -0.1620, -3.788
27.25, -0.1625, -3.786
27.26, -0.1630, -3.796
27.27, -0.1635, -3.808
27.28, -0.1640, -3.816
27.29, -0.1645, -3.814
27.30, -0.1650, -3.803
27.31, -0.1655, -3.814
27.32, -0.1660, -3.816
27.33, -0.1665, -3.810
27.34, -0.1670, -3.815
27.35, -0.1675, -3.804
27.36, -0.1680, -3.793
27.37, -0.1685, -3.805
27.38, -0.1690, -3.805
27.39, -0.1695, -3.827
27.40, -0.1700, -3.793
27.41, -0.1705, -3.797
27.42, -0.1710, -3.785
27.43, -0.1715, -3.774
27.44, -0.1720, -3.774
27.45, -0.1725, -3.787
27.46, -0.1730, -3.777
27.47, -0.1735, -3.798
27.48, -0.1740, -3.780
27.49, -0.1745, -3.784
27.50, -0.1750, -3.748
27.51, -0.1755, -3.789
27.52, -0.1760, -3.798
27.53, -0.1765, -3.805
27.54, -0.1770, -3.775
27.55, -0.1775, -3.780
27.56, -0.1780, -3.782
27.57, -0.1785, -3.783
27.58, -0.1790, -3.796
27.59, -0.1795, -3.799
27.60, -0.1800, -3.804
27.61, -0.1805, -3.797
27.62, -0.1810, -3.806
27.63, -0.1815, -3.856
27.64, -0.1820, -3.867
27.65, -0.1825, -3.868
27.66, -0.1830, -3.875
27.67, -0.1835, -3.884
27.68, -0.1840, -3.878
27.69, -0.1845, -3.898
27.70, -0.1850, -3.905
27.71, -0.1855, -3.907
27.72, -0.1860, -3.912
27.73, -0.1865, -3.893
27.74, -0.1870, -3.877
27.75, -0.1875, -3.875
27.76, -0.1880, -3.854
27.77, -0.1885, -3.867
27.78, -0.1890, -3.863
27.79, -0.1895, -3.858
27.80, -0.1900, -3.857
27.81, -0.1905, -3.852
27.82, -0.1910, -3.843
27.83, -0.1915, -3.843
27.84, -0.1920, -3.861
27.85, -0.1925, -3.817
27.86, -0.1930, -3.804
27.87, -0.1935, -3.804
27.88, -0.1940, -3.819
27.89, -0.1945, -3.813
27.90, -0.1950, -3.807
27.91, -0.1955, -3.811
27.92, -0.1960, -3.803
27.93, -0.1965, -3.793
27.94, -0.1970, -3.804
27.95, -0.1975, -3.806
27.96, -0.1980, -3.814
27.97, -0.1985, -3.808
27.98, -0.1990, -3.766
27.99, -0.1995, -3.791
28.00, -0.2000, -3.790
28.01, -0.2005, -3.790
28.02, -0.2010, -3.795
28.03, -0.2015, -3.817
28.04, -0.2020, -3.822
28.05, -0.2025, -3.827
28.06, -0.2030, -3.827
28.07, -0.2035, -3.859
28.08, -0.2040, -3.847
28.09, -0.2045, -3.868
28.10, -0.2050, -3.856
28.11, -0.2055, -3.854
28.12, -0.2060, -3.858
28.13, -0.2065, -3.842
28.14, -0.2070, -3.831
28.15, -0.2075, -3.830
28.16, -0.2080, -3.840
28.17, -0.2085, -3.814
28.18, -0.2090, -3.800
28.19, -0.2095, -3.800
28.20, -0.2100, -3.785
28.21, -0.2105, -3.793
28.22, -0.2110, -3.785
28.23, -0.2115, -3.769
28.24, -0.2120, -3.770
28.25, -0.2125, -3.760
28.26, -0.2130, -3.749
28.27, -0.2135, -3.762
28.28, -0.2140, -3.743
28.29, -0.2145, -3.714
28.30, -0.2150, -3.703
28.31, -0.2155, -3.713
28.32, -0.2160, -3.707
28.33, -0.2165, -3.703
28.34, -0.2170, -3.705
28.35, -0.2175, -3.684
28.36, -0.2180, -3.675
28.37, -0.2185, -3.671
28.38, -0.2190, -3.675
28.39, -0.2195, -3.677
28.40, -0.2200, -3.671
28.41, -0.2205, -3.675
28.42, -0.2210, -3.638
28.43, -0.2215, -3.634
28.44, -0.2220, -3.634
28.45, -0.2225, -3.652
28.46, -0.2230, -3.690
28.47, -0.2235, -3.681
28.48, -0.2240, -3.639
28.49, -0.2245, -3.672
28.50, -0.2250, -3.693
28.51, -0.2255, -3.685
28.52, -0.2260, -3.704
28.53, -0.2265, -3.677
28.54, -0.2270, -3.679
28.55, -0.2275, -3.657
28.56, -0.2280, -3.655
28.57, -0.2285, -3.655
28.58, -0.2290, -3.654
28.59, -0.2295, -3.658
28.60, -0.2300, -3.617
28.61, -0.2305, -3.607
28.62, -0.2310, -3.601
28.63, -0.2315, -3.599
28.64, -0.2320, -3.606
28.65, -0.2325, -3.597
28.66, -0.2330, -3.570
28.67, -0.2335, -3.550
28.68, -0.2340, -3.540
28.69, -0.2345, -3.524
28.70, -0.2350, -3.511
28.71, -0.2355, -3.519
28.72, -0.2360, -3.509
28.73, -0.2365, -3.465
28.74, -0.2370, -3.458
28.75, -0.2375, -3.458
28.76, -0.2380, -3.462
28.77, -0.2385, -3.481
28.78, -0.2390, -3.450
28.79, -0.2395, -3.430
28.80, -0.2400, -3.423
28.81, -0.2405, -3.421
28.82, -0.2410, -3.419
28.83, -0.2415, -3.402
28.84, -0.2420, -3.394
28.85, -0.2425, -3.377
28.86, -0.2430, -3.400
28.87, -0.2435, -3.396
28.88, -0.2440, -3.397
28.89, -0.2445, -3.421
28.90, -0.2450, -3.407
28.91, -0.2455, -3.419
28.92, -0.2460, -3.408
28.93, -0.2465, -3.428
28.94, -0.2470, -3.407
28.95, -0.2475, -3.421
28.96, -0.2480, -3.423
28.97, -0.2485, -3.409
28.98, -0.2490, -3.385
28.99, -0.2495, -3.392
29.00, -0.2500, -3.382
29.01, -0.2505, -3.360
29.02, -0.2510, -3.351
29.03, -0.2515, -3.338
29.04, -0.2520, -3.326
29.05, -0.2525, -3.294
29.06, -0.2530, -3.273
29.07, -0.2535, -3.286
29.08, -0.2540, -3.271
29.09, -0.2545, -3.246
29.10, -0.2550, -3.261
29.11, -0.2555, -3.240
29.12, -0.2560, -3.229
29.13, -0.2565, -3.211
29.14, -0.2570, -3.223
29.15, -0.2575, -3.206
29.16, -0.2580, -3.173
29.17, -0.2585, -3.195
29.18, -0.2590, -3.168
29.19, -0.2595, -3.180
29.20, -0.2600, -3.149
29.21, -0.2605, -3.168
29.22, -0.2610, -3.153
29.23, -0.2615, -3.129
29.24, -0.2620, -3.128
29.25, -0.2625, -3.113
29.26, -0.2630, -3.104
29.27, -0.2635, -3.089
29.28, -0.2640, -3.096
29.29, -0.2645, -3.102
29.30, -0.2650, -3.119
29.31, -0.2655, -3.107
29.32, -0.2660, -3.110
29.33, -0.2665, -3.130
29.34, -0.2670, -3.136
29.35, -0.2675, -3.142
29.36, -0.2680, -3.103
29.37, -0.2685, -3.119
29.38, -0.2690, -3.133
29.39, -0.2695, -3.104
29.40, -0.2700, -3.122
29.41, -0.2705, -3.088
29.42, -0.2710, -3.092
29.43, -0.2715, -3.065
29.44, -0.2720, -3.082
29.45, -0.2725, -3.051
29.46, -0.2730, -3.056
29.47, -0.2735, -3.045
29.48, -0.2740, -3.015
29.49, -0.2745, -3.008
29.50, -0.2750, -2.974
29.51, -0.2755, -2.991
29.52, -0.2760, -2.972
29.53, -0.2765, -2.983
29.54, -0.2770, -2.953
29.55, -0.2775, -2.931
29.56, -0.2780, -2.930
29.57, -0.2785, -2.942
29.58, -0.2790, -2.926
29.59, -0.2795, -2.915
29.60, -0.2800, -2.900
29.61, -0.2805, -2.877
29.62, -0.2810, -2.879
29.63, -0.2815, -2.876
29.64, -0.2820, -2.872
29.65, -0.2825, -2.877
29.66, -0.2830, -2.860
29.67, -0.2835, -2.838
29.68, -0.2840, -2.817
29.69, -0.2845, -2.836
29.70, -0.2850, -2.836
29.71, -0.2855, -2.809
29.72, -0.2860, -2.848
29.73, -0.2865, -2.851
29.74, -0.2870, -2.871
29.75, -0.2875, -2.878
29.76, -0.2880, -2.882
29.77, -0.2885, -2.902
29.78, -0.2890, -2.871
29.79, -0.2895, -2.870
29.80, -0.2900, -2.855
29.81, -0.2905, -2.862
29.82, -0.2910, -2.854
29.83, -0.2915, -2.861
29.84, -0.2920, -2.842
29.85, -0.2925, -2.820
29.86, -0.2930, -2.810
29.87, -0.2935, -2.796
29.88, -0.2940, -2.801
29.89, -0.2945, -2.788
29.90, -0.2950, -2.773
29.91, -0.2955, -2.758
29.92, -0.2960, -2.754
29.93, -0.2965, -2.748
29.94, -0.2970, -2.717
29.95, -0.2975, -2.722
29.96, -0.2980, -2.720
29.97, -0.2985, -2.716
29.98, -0.2990, -2.690
29.99, -0.2995, -2.687
30.00, -0.3000, -2.708
30.01, -0.3005, -2.685
30.02, -0.3010, -2.678
30.03, -0.3015, -2.659
30.04, -0.3020, -2.654
30.05, -0.3025, -2.650
30.06, -0.3030, -2.634
30.07, -0.3035, -2.632
30.08, -0.3040, -2.637
30.09, -0.3045, -2.643
30.10, -0.3050, -2.623
30.11, -0.3055, -2.612
30.12, -0.3060, -2.600
30.13, -0.3065, -2.606
30.14, -0.3070, -2.641
30.15, -0.3075, -2.652
30.16, -0.3080, -2.654
30.17, -0.3085, -2.653
30.18, -0.3090, -2.649
30.19, -0.3095, -2.666
30.20, -0.3100, -2.674
30.21, -0.3105, -2.671
30.22, -0.3110, -2.664
30.23, -0.3115, -2.663
30.24, -0.3120, -2.652
30.25, -0.3125, -2.643
30.26, -0.3130, -2.651
30.27, -0.3135, -2.620
30.28, -0.3140, -2.602
30.29, -0.3145, -2.602
30.30, -0.3150, -2.601
30.31, -0.3155, -2.596
30.32, -0.3160, -2.573
30.33, -0.3165, -2.577
30.34, -0.3170, -2.570
30.35, -0.3175, -2.569
30.36, -0.3180, -2.547
30.37, -0.3185, -2.560
30.38, -0.3190, -2.551
30.39, -0.3195, -2.520
30.40, -0.3200, -2.517
30.41, -0.3205, -2.521
30.42, -0.3210, -2.502
30.43, -0.3215, -2.514
30.44, -0.3220, -2.507
30.45, -0.3225, -2.491
30.46, -0.3230, -2.505
30.47, -0.3235, -2.500
30.48, -0.3240, -2.466
30.49, -0.3245, -2.475
30.50, -0.3250, -2.481
30.51, -0.3255, -2.467
30.52, -0.3260, -2.461
30.53, -0.3265, -2.449
30.54, -0.3270, -2.440
30.55, -0.3275, -2.456
30.56, -0.3280, -2.445
30.57, -0.3285, -2.502
30.58, -0.3290, -2.507
30.59, -0.3295, -2.502
30.60, -0.3300, -2.498
30.61, -0.3305, -2.504
30.62, -0.3310, -2.504
30.63, -0.3315, -2.505
30.64, -0.3320, -2.506
30.65, -0.3325, -2.507
30.66, -0.3330, -2.502
30.67, -0.3335, -2.495
30.68, -0.3340, -2.488
30.69, -0.3345, -2.494
30.70, -0.3350, -2.479
30.71, -0.3355, -2.458
30.72, -0.3360, -2.452
30.73, -0.3365, -2.452
30.74, -0.3370, -2.397
30.75, -0.3375, -2.437
30.76, -0.3380, -2.430
30.77, -0.3385, -2.417
30.78, -0.3390, -2.408
30.79, -0.3395, -2.381
30.80, -0.3400, -2.399
30.81, -0.3405, -2.381
30.82, -0.3410, -2.382
30.83, -0.3415, -2.393
30.84, -0.3420, -2.366
30.85, -0.3425, -2.363
30.86, -0.3430, -2.369
30.87, -0.3435, -2.362
30.88, -0.3440, -2.357
30.89, -0.3445, -2.357
30.90, -0.3450, -2.351
30.91, -0.3455, -2.347
30.92, -0.3460, -2.328
30.93, -0.3465, -2.330
30.94, -0.3470, -2.318
30.95, -0.3475, -2.311
30.96, -0.3480, -2.317
30.97, -0.3485, -2.314
30.98, -0.3490, -2.324
30.99, -0.3495, -2.321
31.00, -0.3500, -2.348
31.01, -0.3505, -2.368
31.02, -0.3510, -2.384
31.03, -0.3515, -2.380
31.04, -0.3520, -2.377
31.05, -0.3525, -2.372
31.06, -0.3530, -2.386
31.07, -0.3535, -2.382
31.08, -0.3540, -2.380
31.09, -0.3545, -2.368
31.10, -0.3550, -2.349
31.11, -0.3555, -2.342
31.12, -0.3560, -2.346
31.13, -0.3565, -2.334
31.14, -0.3570, -2.344
31.15, -0.3575, -2.317
31.16, -0.3580, -2.290
31.17, -0.3585, -2.291
31.18, -0.3590, -2.294
31.19, -0.3595, -2.283
31.20, -0.3600, -2.279
31.21, -0.3605, -2.282
31.22, -0.3610, -2.253
31.23, -0.3615, -2.253
31.24, -0.3620, -2.263
31.25, -0.3625, -2.253
31.26, -0.3630, -2.242
31.27, -0.3635, -2.236
31.28, -0.3640, -2.218
31.29, -0.3645, -2.228
31.30, -0.3650, -2.222
31.31, -0.3655, -2.219
31.32, -0.3660, -2.217
31.33, -0.3665, -2.197
31.34, -0.3670, -2.192
31.35, -0.3675, -2.193
31.36, -0.3680, -2.201
31.37, -0.3685, -2.175
31.38, -0.3690, -2.176
31.39, -0.3695, -2.178
31.40, -0.3700, -2.192
31.41, -0.3705, -2.215
31.42, -0.3710, -2.223
31.43, -0.3715, -2.220
31.44, -0.3720, -2.250
31.45, -0.3725, -2.243
31.46, -0.3730, -2.264
31.47, -0.3735, -2.244
31.48, -0.3740, -2.227
31.49, -0.3745, -2.255
31.50, -0.3750, -2.236
31.51, -0.3755, -2.237
31.52, -0.3760, -2.214
31.53, -0.3765, -2.214
31.54, -0.3770, -2.213
31.55, -0.3775, -2.203
31.56, -0.3780, -2.189
31.57, -0.3785, -2.196
31.58, -0.3790, -2.166
31.59, -0.3795, -2.157
31.60, -0.3800, -2.157
31.61, -0.3805, -2.159
31.62, -0.3810, -2.163
31.63, -0.3815, -2.162
31.64, -0.3820, -2.136
31.65, -0.3825, -2.129
31.66, -0.3830, -2.122
31.67, -0.3835, -2.128
31.68, -0.3840, -2.100
31.69, -0.3845, -2.116
31.70, -0.3850, -2.099
31.71, -0.3855, -2.088
31.72, -0.3860, -2.087
31.73, -0.3865, -2.077
31.74, -0.3870, -2.065
31.75, -0.3875, -2.080
31.76, -0.3880, -2.075
31.77, -0.3885, -2.054
31.78, -0.3890, -2.053
31.79, -0.3895, -2.048
31.80, -0.3900, -2.046
31.81, -0.3905, -2.055
31.82, -0.3910, -2.057
31.83, -0.3915, -2.074
31.84, -0.3920, -2.082
31.85, -0.3925, -2.103
31.86, -0.3930, -2.124
31.87, -0.3935, -2.128
31.88, -0.3940, -2.116
31.89, -0.3945, -2.097
31.90, -0.3950, -2.112
31.91, -0.3955, -2.104
31.92, -0.3960, -2.127
31.93, -0.3965, -2.092
31.94, -0.3970, -2.119
31.95, -0.3975, -2.105
31.96, -0.3980, -2.095
31.97, -0.3985, -2.061
31.98, -0.3990, -2.064
31.99, -0.3995, -2.067
32.00, -0.4000, -2.052
