0.01000, -0.3995, -49.49
0.02000, -0.3990, -27.69
0.03000, -0.3985, -17.90
0.04000, -0.3980, -12.73
0.05000, -0.3975, -9.692
0.06000, -0.3970, -7.795
0.07000, -0.3965, -6.524
0.08000, -0.3960, -5.632
0.09000, -0.3955, -4.988
0.1000, -0.3950, -4.452
0.1100, -0.3945, -4.079
0.1200, -0.3940, -3.719
0.1300, -0.3935, -3.458
0.1400, -0.3930, -3.226
0.1500, -0.3925, -3.036
0.1600, -0.3920, -2.875
0.1700, -0.3915, -2.714
0.1800, -0.3910, -2.578
0.1900, -0.3905, -2.469
0.2000, -0.3900, -2.375
0.2100, -0.3895, -2.262
0.2200, -0.3890, -2.185
0.2300, -0.3885, -2.078
0.2400, -0.3880, -2.016
0.2500, -0.3875, -1.918
0.2600, -0.3870, -1.849
0.2700, -0.3865, -1.784
0.2800, -0.3860, -1.713
0.2900, -0.3855, -1.624
0.3000, -0.3850, -1.600
0.3100, -0.3845, -1.539
0.3200, -0.3840, -1.504
0.3300, -0.3835, -1.460
0.3400, -0.3830, -1.434
0.3500, -0.3825, -1.408
0.3600, -0.3820, -1.356
0.3700, -0.3815, -1.317
0.3800, -0.3810, -1.296
0.3900, -0.3805, -1.285
0.4000, -0.3800, -1.235
0.4100, -0.3795, -1.203
0.4200, -0.3790, -1.170
0.4300, -0.3785, -1.182
0.4400, -0.3780, -1.144
0.4500, -0.3775, -1.146
0.4600, -0.3770, -1.095
0.4700, -0.3765, -1.093
0.4800, -0.3760, -1.069
0.4900, -0.3755, -1.050
0.5000, -0.3750, -1.039
0.5100, -0.3745, -1.027
0.5200, -0.3740, -0.9993
0.5300, -0.3735, -0.9891
0.5400, -0.3730, -0.9929
0.5500, -0.3725, -0.9614
0.5600, -0.3720, -0.9640
0.5700, -0.3715, -0.9392
0.5800, -0.3710, -0.9230
0.5900, -0.3705, -0.9266
0.6000, -0.3700, -0.9312
0.6100, -0.3695, -0.8922
0.6200, -0.3690, -0.8939
0.6300, -0.3685, -0.8745
0.6400, -0.3680, -0.8730
0.6500, -0.3675, -0.8597
0.6600, -0.3670, -0.8128
0.6700, -0.3665, -0.7977
0.6800, -0.3660, -0.7858
0.6900, -0.3655, -0.7755
0.7000, -0.3650, -0.7272
0.7100, -0.3645, -0.7354
0.7200, -0.3640, -0.6743
0.7300, -0.3635, -0.6782
0.7400, -0.3630, -0.7021
0.7500, -0.3625, -0.6652
0.7600, -0.3620, -0.6686
0.7700, -0.3615, -0.6429
0.7800, -0.3610, -0.6483
0.7900, -0.3605, -0.6370
0.8000, -0.3600, -0.6293
0.8100, -0.3595, -0.6474
0.8200, -0.3590, -0.6303
0.8300, -0.3585, -0.6140
0.8400, -0.3580, -0.6324
0.8500, -0.3575, -0.6084
0.8600, -0.3570, -0.5932
0.8700, -0.3565, -0.5898
0.8800, -0.3560, -0.6100
0.8900, -0.3555, -0.5907
0.9000, -0.3550, -0.5758
0.9100, -0.3545, -0.5816
0.9200, -0.3540, -0.5841
0.9300, -0.3535, -0.5826
0.9400, -0.3530, -0.5704
0.9500, -0.3525, -0.5775
0.9600, -0.3520, -0.5681
0.9700, -0.3515, -0.5674
0.9800, -0.3510, -0.5549
0.9900, -0.3505, -0.5801
1.000, -0.3500, -0.5436
1.010, -0.3495, -0.5522
1.020, -0.3490, -0.5345
1.030, -0.3485, -0.5394
1.040, -0.3480, -0.5542
1.050, -0.3475, -0.5451
1.060, -0.3470, -0.5425
1.070, -0.3465, -0.5316
1.080, -0.3460, -0.5148
1.090, -0.3455, -0.5075
1.100, -0.3450, -0.4891
1.110, -0.3445, -0.4769
1.120, -0.3440, -0.4581
1.130, -0.3435, -0.4471
1.140, -0.3430, -0.4164
1.150, -0.3425, -0.4264
1.160, -0.3420, -0.4145
1.170, -0.3415, -0.4159
1.180, -0.3410, -0.4153
1.190, -0.3405, -0.3865
1.200, -0.3400, -0.4037
1.210, -0.3395, -0.3869
1.220, -0.3390, -0.3988
1.230, -0.3385, -0.3888
1.240, -0.3380, -0.4175
1.250, -0.3375, -0.3828
1.260, -0.3370, -0.3883
1.270, -0.3365, -0.3819
1.280, -0.3360, -0.3946
1.290, -0.3355, -0.3854
1.300, -0.3350, -0.4018
1.310, -0.3345, -0.3828
1.320, -0.3340, -0.4009
1.330, -0.3335, -0.3759
1.340, -0.3330, -0.4077
1.350, -0.3325, -0.3979
1.360, -0.3320, -0.3827
1.370, -0.3315, -0.3757
1.380, -0.3310, -0.3728
1.390, -0.3305, -0.3966
1.400, -0.3300, -0.3768
1.410, -0.3295, -0.4041
1.420, -0.3290, -0.3740
1.430, -0.3285, -0.3729
1.440, -0.3280, -0.3554
1.450, -0.3275, -0.3689
1.460, -0.3270, -0.3774
1.470, -0.3265, -0.3984
1.480, -0.3260, -0.3691
1.490, -0.3255, -0.3718
1.500, -0.3250, -0.3694
1.510, -0.3245, -0.3468
1.520, -0.3240, -0.3275
1.530, -0.3235, -0.3209
1.540, -0.3230, -0.3138
1.550, -0.3225, -0.2939
1.560, -0.3220, -0.2782
1.570, -0.3215, -0.2802
1.580, -0.3210, -0.2731
1.590, -0.3205, -0.2581
1.600, -0.3200, -0.2626
1.610, -0.3195, -0.2630
1.620, -0.3190, -0.2601
1.630, -0.3185, -0.2499
1.640, -0.3180, -0.2581
1.650, -0.3175, -0.2665
1.660, -0.3170, -0.2674
1.670, -0.3165, -0.2638
1.680, -0.3160, -0.2988
1.690, -0.3155, -0.2688
1.700, -0.3150, -0.2719
1.710, -0.3145, -0.2879
1.720, -0.3140, -0.2589
1.730, -0.3135, -0.2724
1.740, -0.3130, -0.2712
1.750, -0.3125, -0.2641
1.760, -0.3120, -0.2686
1.770, -0.3115, -0.2805
1.780, -0.3110, -0.2725
1.790, -0.3105, -0.2631
1.800, -0.3100, -0.2845
1.810, -0.3095, -0.2900
1.820, -0.3090, -0.2989
1.830, -0.3085, -0.2791
1.840, -0.3080, -0.3044
1.850, -0.3075, -0.2741
1.860, -0.3070, -0.2932
1.870, -0.3065, -0.2755
1.880, -0.3060, -0.2845
1.890, -0.3055, -0.2970
1.900, -0.3050, -0.2890
1.910, -0.3045, -0.2815
1.920, -0.3040, -0.2908
1.930, -0.3035, -0.2486
1.940, -0.3030, -0.2541
1.950, -0.3025, -0.2428
1.960, -0.3020, -0.2256
1.970, -0.3015, -0.1995
1.980, -0.3010, -0.2019
1.990, -0.3005, -0.1864
2.000, -0.3000, -0.2136
2.010, -0.2995, -0.2146
2.020, -0.2990, -0.2063
2.030, -0.2985, -0.1971
2.040, -0.2980, -0.1829
2.050, -0.2975, -0.1912
2.060, -0.2970, -0.1880
2.070, -0.2965, -0.2084
2.080, -0.2960, -0.1958
2.090, -0.2955, -0.1870
2.100, -0.2950, -0.1850
2.110, -0.2945, -0.2187
2.120, -0.2940, -0.2043
2.130, -0.2935, -0.2100
2.140, -0.2930, -0.2046
2.150, -0.2925, -0.1800
2.160, -0.2920, -0.1818
2.170, -0.2915, -0.1826
2.180, -0.2910, -0.2065
2.190, -0.2905, -0.2081
2.200, -0.2900, -0.2336
2.210, -0.2895, -0.2042
2.220, -0.2890, -0.2105
2.230, -0.2885, -0.1974
2.240, -0.2880, -0.2097
2.250, -0.2875, -0.2341
2.260, -0.2870, -0.2388
2.270, -0.2865, -0.2083
2.280, -0.2860, -0.2149
2.290, -0.2855, -0.1937
2.300, -0.2850, -0.1972
2.310, -0.2845, -0.2318
2.320, -0.2840, -0.2117
2.330, -0.2835, -0.2079
2.340, -0.2830, -0.2002
2.350, -0.2825, -0.2122
2.360, -0.2820, -0.1936
2.370, -0.2815, -0.1790
2.380, -0.2810, -0.1581
2.390, -0.2805, -0.1575
2.400, -0.2800, -0.1360
2.410, -0.2795, -0.1297
2.420, -0.2790, -0.1403
2.430, -0.2785, -0.1301
2.440, -0.2780, -0.1337
2.450, -0.2775, -0.1265
2.460, -0.2770, -0.1313
2.470, -0.2765, -0.1279
2.480, -0.2760, -0.1419
2.490, -0.2755, -0.1155
2.500, -0.2750, -0.1526
2.510, -0.2745, -0.1281
2.520, -0.2740, -0.1241
2.530, -0.2735, -0.1423
2.540, -0.2730, -0.1675
2.550, -0.2725, -0.1364
2.560, -0.2720, -0.1360
2.570, -0.2715, -0.1639
2.580, -0.2710, -0.1565
2.590, -0.2705, -0.1581
2.600, -0.2700, -0.1466
2.610, -0.2695, -0.1503
2.620, -0.2690, -0.1499
2.630, -0.2685, -0.1518
2.640, -0.2680, -0.1548
2.650, -0.2675, -0.1755
2.660, -0.2670, -0.1699
2.670, -0.2665, -0.1496
2.680, -0.2660, -0.1641
2.690, -0.2655, -0.1781
2.700, -0.2650, -0.1667
2.710, -0.2645, -0.1685
2.720, -0.2640, -0.1771
2.730, -0.2635, -0.1751
2.740, -0.2630, -0.1617
2.750, -0.2625, -0.1498
2.760, -0.2620, -0.1712
2.770, -0.2615, -0.1563
2.780, -0.2610, -0.1328
2.790, -0.2605, -0.09394
2.800, -0.2600, -0.1146
2.810, -0.2595, -0.1098
2.820, -0.2590, -0.1185
2.830, -0.2585, -0.08488
2.840, -0.2580, -0.09312
2.850, -0.2575, -0.07750
2.860, -0.2570, -0.08496
2.870, -0.2565, -0.09948
2.880, -0.2560, -0.08898
2.890, -0.2555, -0.09743
2.900, -0.2550, -0.07380
2.910, -0.2545, -0.08513
2.920, -0.2540, -0.07378
2.930, -0.2535, -0.08286
2.940, -0.2530, -0.1083
2.950, -0.2525, -0.09674
2.960, -0.2520, -0.1033
2.970, -0.2515, -0.1104
2.980, -0.2510, -0.1029
2.990, -0.2505, -0.1020
3.000, -0.2500, -0.1094
3.010, -0.2495, -0.1155
3.020, -0.2490, -0.1116
3.030, -0.2485, -0.1383
3.040, -0.2480, -0.1594
3.050, -0.2475, -0.1258
3.060, -0.2470, -0.1506
3.070, -0.2465, -0.1543
3.080, -0.2460, -0.1361
3.090, -0.2455, -0.1368
3.100, -0.2450, -0.1269
3.110, -0.2445, -0.1199
3.120, -0.2440, -0.1433
3.130, -0.2435, -0.1520
3.140, -0.2430, -0.1420
3.150, -0.2425, -0.1577
3.160, -0.2420, -0.1597
3.170, -0.2415, -0.1373
3.180, -0.2410, -0.1561
3.190, -0.2405, -0.1225
3.200, -0.2400, -0.1284
3.210, -0.2395, -0.09058
3.220, -0.2390, -0.07814
3.230, -0.2385, -0.08808
3.240, -0.2380, -0.08838
3.250, -0.2375, -0.07411
3.260, -0.2370, -0.08663
3.270, -0.2365, -0.05241
3.280, -0.2360, -0.05249
3.290, -0.2355, -0.05630
3.300, -0.2350, -0.06526
3.310, -0.2345, -0.06402
3.320, -0.2340, -0.07067
3.330, -0.2335, -0.1062
3.340, -0.2330, -0.08575
3.350, -0.2325, -0.06733
3.360, -0.2320, -0.07326
3.370, -0.2315, -0.07709
3.380, -0.2310, -0.04669
3.390, -0.2305, -0.09650
3.400, -0.2300, -0.09659
3.410, -0.2295, -0.07353
3.420, -0.2290, -0.08901
3.430, -0.2285, -0.1033
3.440, -0.2280, -0.08825
3.450, -0.2275, -0.07563
3.460, -0.2270, -0.09606
3.470, -0.2265, -0.1346
3.480, -0.2260, -0.1218
3.490, -0.2255, -0.09147
3.500, -0.2250, -0.1267
3.510, -0.2245, -0.1221
3.520, -0.2240, -0.1105
3.530, -0.2235, -0.1507
3.540, -0.2230, -0.1289
3.550, -0.2225, -0.1213
3.560, -0.2220, -0.1426
3.570, -0.2215, -0.1376
3.580, -0.2210, -0.1493
3.590, -0.2205, -0.1200
3.600, -0.2200, -0.09845
3.610, -0.2195, -0.1074
3.620, -0.2190, -0.07447
3.630, -0.2185, -0.05366
3.640, -0.2180, -0.06971
3.650, -0.2175, -0.05906
3.660, -0.2170, -0.07475
3.670, -0.2165, -0.05281
3.680, -0.2160, -0.01923
3.690, -0.2155, -0.04529
3.700, -0.2150, -0.008296
3.710, -0.2145, -0.06483
3.720, -0.2140, -0.02564
3.730, -0.2135, -0.05158
3.740, -0.2130, -0.01298
3.750, -0.2125, -0.05695
3.760, -0.2120, -0.04329
3.770, -0.2115, -0.02412
3.780, -0.2110, -0.06582
3.790, -0.2105, -0.03699
3.800, -0.2100, -0.04445
3.810, -0.2095, -0.03873
3.820, -0.2090, -0.05114
3.830, -0.2085, -0.07098
3.840, -0.2080, -0.06860
3.850, -0.2075, -0.06155
3.860, -0.2070, -0.06442
3.870, -0.2065, -0.05671
3.880, -0.2060, -0.07364
3.890, -0.2055, -0.08302
3.900, -0.2050, -0.1007
3.910, -0.2045, -0.09381
3.920, -0.2040, -0.08332
3.930, -0.2035, -0.06093
3.940, -0.2030, -0.08935
3.950, -0.2025, -0.1354
3.960, -0.2020, -0.1061
3.970, -0.2015, -0.07614
3.980, -0.2010, -0.05440
3.990, -0.2005, -0.07865
4.000, -0.2000, -0.06847
4.010, -0.1995, -0.07752
4.020, -0.1990, -0.08858
4.030, -0.1985, -0.09041
4.040, -0.1980, -0.08600
4.050, -0.1975, -0.04961
4.060, -0.1970, -0.03847
4.070, -0.1965, -0.03368
4.080, -0.1960, -0.006247
4.090, -0.1955, -0.02542
4.100, -0.1950, -0.03169
4.110, -0.1945, -0.04344
4.120, -0.1940, -0.01880
4.130, -0.1935, -0.03406
4.140, -0.1930, -0.04857
4.150, -0.1925, -0.03693
4.160, -0.1920, -0.02900
4.170, -0.1915, 0.008392
4.180, -0.1910, -0.01470
4.190, -0.1905, -0.01617
4.200, -0.1900, -0.04324
4.210, -0.1895, -0.02287
4.220, -0.1890, -0.04569
4.230, -0.1885, -0.04372
4.240, -0.1880, 0.002156
4.250, -0.1875, -0.05812
4.260, -0.1870, -0.06366
4.270, -0.1865, -0.04650
4.280, -0.1860, -0.04368
4.290, -0.1855, -0.03907
4.300, -0.1850, -0.04369
4.310, -0.1845, -0.08744
4.320, -0.1840, -0.06957
4.330, -0.1835, -0.05433
4.340, -0.1830, -0.06214
4.350, -0.1825, -0.08073
4.360, -0.1820, -0.04851
4.370, -0.1815, -0.06682
4.380, -0.1810, -0.09787
4.390, -0.1805, -0.09643
4.400, -0.1800, -0.09613
4.410, -0.1795, -0.08600
4.420, -0.1790, -0.09140
4.430, -0.1785, -0.07339
4.440, -0.1780, -0.07709
4.450, -0.1775, -0.08925
4.460, -0.1770, -0.03527
4.470, -0.1765, -0.01048
4.480, -0.1760, -0.02382
4.490, -0.1755, -0.01729
4.500, -0.1750, -0.01380
4.510, -0.1745, 0.004530
4.520, -0.1740, -0.01612
4.530, -0.1735, -0.0002670
4.540, -0.1730, 0.02331
4.550, -0.1725, 0.0005230
4.560, -0.1720, -0.02078
4.570, -0.1715, -0.03294
4.580, -0.1710, -0.004045
4.590, -0.1705, -0.02083
4.600, -0.1700, 0.01450
4.610, -0.1695, -0.01096
4.620, -0.1690, 0.006880
4.630, -0.1685, -0.04191
4.640, -0.1680, -0.03689
4.650, -0.1675, -0.03349
4.660, -0.1670, -0.01483
4.670, -0.1665, -0.02475
4.680, -0.1660, -0.01833
4.690, -0.1655, -0.05215
4.700, -0.1650, -0.01530
4.710, -0.1645, -0.02979
4.720, -0.1640, -0.02515
4.730, -0.1635, -0.02967
4.740, -0.1630, -0.04764
4.750, -0.1625, -0.04868
4.760, -0.1620, -0.05369
4.770, -0.1615, -0.05035
4.780, -0.1610, -0.04837
4.790, -0.1605, -0.03730
4.800, -0.1600, -0.04060
4.810, -0.1595, -0.07025
4.820, -0.1590, -0.08142
4.830, -0.1585, -0.08340
4.840, -0.1580, -0.07487
4.850, -0.1575, -0.05908
4.860, -0.1570, -0.07706
4.870, -0.1565, -0.05809
4.880, -0.1560, -0.03019
4.890, -0.1555, -0.02789
4.900, -0.1550, 0.01042
4.910, -0.1545, 0.007353
4.920, -0.1540, 0.01548
4.930, -0.1535, -0.005528
4.940, -0.1530, -0.008019
4.950, -0.1525, 0.01659
4.960, -0.1520, 0.04266
4.970, -0.1515, 0.02040
4.980, -0.1510, -0.01172
4.990, -0.1505, -0.0007920
5.000, -0.1500, -0.001332
5.010, -0.1495, 0.01880
5.020, -0.1490, 0.003853
5.030, -0.1485, 0.002181
5.040, -0.1480, -0.01362
5.050, -0.1475, -0.02458
5.060, -0.1470, 0.005647
5.070, -0.1465, -0.008886
5.080, -0.1460, -0.01140
5.090, -0.1455, -0.02370
5.100, -0.1450, -0.02416
5.110, -0.1445, -0.01177
5.120, -0.1440, -0.02926
5.130, -0.1435, -0.02170
5.140, -0.1430, -0.03050
5.150, -0.1425, -0.03128
5.160, -0.1420, -0.04373
5.170, -0.1415, -0.02074
5.180, -0.1410, -0.05515
5.190, -0.1405, -0.04731
5.200, -0.1400, -0.06390
5.210, -0.1395, -0.06471
5.220, -0.1390, -0.07671
5.230, -0.1385, -0.06356
5.240, -0.1380, -0.06997
5.250, -0.1375, -0.03597
5.260, -0.1370, -0.06029
5.270, -0.1365, -0.02276
5.280, -0.1360, -0.08098
5.290, -0.1355, -0.04202
5.300, -0.1350, -0.0004540
5.310, -0.1345, -0.02344
5.320, -0.1340, 0.03709
5.330, -0.1335, 0.006567
5.340, -0.1330, -0.005372
5.350, -0.1325, 0.01930
5.360, -0.1320, 0.03900
5.370, -0.1315, 0.05447
5.380, -0.1310, 0.008893
5.390, -0.1305, 0.009371
5.400, -0.1300, 0.03365
5.410, -0.1295, 0.03042
5.420, -0.1290, 0.02375
5.430, -0.1285, 0.02272
5.440, -0.1280, 0.04535
5.450, -0.1275, 0.02061
5.460, -0.1270, -0.006884
5.470, -0.1265, 0.005310
5.480, -0.1260, 0.03587
5.490, -0.1255, 0.003516
5.500, -0.1250, -0.008144
5.510, -0.1245, 0.02417
5.520, -0.1240, 0.0008320
5.530, -0.1235, -0.001035
5.540, -0.1230, -0.03683
5.550, -0.1225, 0.006877
5.560, -0.1220, -0.05043
5.570, -0.1215, -0.01814
5.580, -0.1210, -0.02828
5.590, -0.1205, -0.007714
5.600, -0.1200, -0.007684
5.610, -0.1195, -0.05680
5.620, -0.1190, -0.01287
5.630, -0.1185, -0.01987
5.640, -0.1180, -0.05027
5.650, -0.1175, -0.03098
5.660, -0.1170, -0.009393
5.670, -0.1165, -0.04559
5.680, -0.1160, -0.01720
5.690, -0.1155, -0.03651
5.700, -0.1150, -0.03127
5.710, -0.1145, -0.03338
5.720, -0.1140, -0.01854
5.730, -0.1135, 0.01841
5.740, -0.1130, 0.03170
5.750, -0.1125, 0.02006
5.760, -0.1120, 0.03791
5.770, -0.1115, 0.02987
5.780, -0.1110, 0.009379
5.790, -0.1105, 0.05332
5.800, -0.1100, 0.03094
5.810, -0.1095, 0.02365
5.820, -0.1090, 0.05500
5.830, -0.1085, 0.03377
5.840, -0.1080, 0.01699
5.850, -0.1075, 0.04722
5.860, -0.1070, 0.05547
5.870, -0.1065, 0.04129
5.880, -0.1060, 0.01825
5.890, -0.1055, 0.01610
5.900, -0.1050, 0.01419
5.910, -0.1045, 0.02423
5.920, -0.1040, 0.05290
5.930, -0.1035, 0.02568
5.940, -0.1030, 0.02728
5.950, -0.1025, 0.01274
5.960, -0.1020, 0.01248
5.970, -0.1015, 0.01747
5.980, -0.1010, 0.02489
5.990, -0.1005, 0.01750
6.000, -0.1000, -0.01063
6.010, -0.09950, -0.01226
6.020, -0.09900, -0.01337
6.030, -0.09850, 0.01455
6.040, -0.09800, -0.01277
6.050, -0.09750, -0.02862
6.060, -0.09700, -0.03579
6.070, -0.09650, -0.002512
6.080, -0.09600, -0.02034
6.090, -0.09550, -0.01858
6.100, -0.09500, -0.009591
6.110, -0.09450, -0.02505
6.120, -0.09400, -0.002969
6.130, -0.09350, 0.01533
6.140, -0.09300, 0.02518
6.150, -0.09250, 0.04416
6.160, -0.09200, 0.04759
6.170, -0.09150, 0.02332
6.180, -0.09100, 0.05363
6.190, -0.09050, 0.06283
6.200, -0.09000, 0.05790
6.210, -0.08950, 0.06225
6.220, -0.08900, 0.07401
6.230, -0.08850, 0.08593
6.240, -0.08800, 0.09824
6.250, -0.08750, 0.04143
6.260, -0.08700, 0.04980
6.270, -0.08650, 0.03739
6.280, -0.08600, 0.06003
6.290, -0.08550, 0.04873
6.300, -0.08500, 0.05474
6.310, -0.08450, 0.02056
6.320, -0.08400, 0.07734
6.330, -0.08350, 0.04146
6.340, -0.08300, 0.04230
6.350, -0.08250, 0.05495
6.360, -0.08200, 0.02765
6.370, -0.08150, 0.03038
6.380, -0.08100, 0.03401
6.390, -0.08050, -0.008142
6.400, -0.08000, 0.02927
6.410, -0.07950, 0.04238
6.420, -0.07900, 0.01197
6.430, -0.07850, 0.01847
6.440, -0.07800, 0.02666
6.450, -0.07750, 0.005290
6.460, -0.07700, 0.008735
6.470, -0.07650, 0.006812
6.480, -0.07600, 0.0003300
6.490, -0.07550, -0.002602
6.500, -0.07500, -0.0007730
6.510, -0.07450, -0.002711
6.520, -0.07400, 0.01393
6.530, -0.07350, 0.01628
6.540, -0.07300, 0.03000
6.550, -0.07250, 0.003999
6.560, -0.07200, 0.01392
6.570, -0.07150, 0.06073
6.580, -0.07100, 0.08289
6.590, -0.07050, 0.08591
6.600, -0.07000, 0.04529
6.610, -0.06950, 0.07055
6.620, -0.06900, 0.1142
6.630, -0.06850, 0.08100
6.640, -0.06800, 0.09909
6.650, -0.06750, 0.09149
6.660, -0.06700, 0.07441
6.670, -0.06650, 0.1022
6.680, -0.06600, 0.04232
6.690, -0.06550, 0.06153
6.700, -0.06500, 0.06345
6.710, -0.06450, 0.08070
6.720, -0.06400, 0.08623
6.730, -0.06350, 0.06570
6.740, -0.06300, 0.08048
6.750, -0.06250, 0.05026
6.760, -0.06200, 0.06088
6.770, -0.06150, 0.04809
6.780, -0.06100, 0.07546
6.790, -0.06050, 0.07832
6.800, -0.06000, 0.04695
6.810, -0.05950, 0.06300
6.820, -0.05900, 0.06398
6.830, -0.05850, 0.07395
6.840, -0.05800, 0.1043
6.850, -0.05750, 0.06128
6.860, -0.05700, 0.04621
6.870, -0.05650, 0.02992
6.880, -0.05600, 0.06638
6.890, -0.05550, 0.06508
6.900, -0.05500, 0.06093
6.910, -0.05450, 0.03116
6.920, -0.05400, 0.02345
6.930, -0.05350, 0.06289
6.940, -0.05300, 0.03365
6.950, -0.05250, 0.03811
6.960, -0.05200, 0.02403
6.970, -0.05150, 0.06028
6.980, -0.05100, 0.03930
6.990, -0.05050, 0.07302
7.000, -0.05000, 0.1238
7.010, -0.04950, 0.1037
7.020, -0.04900, 0.1353
7.030, -0.04850, 0.1265
7.040, -0.04800, 0.1390
7.050, -0.04750, 0.1335
7.060, -0.04700, 0.1327
7.070, -0.04650, 0.1479
7.080, -0.04600, 0.1184
7.090, -0.04550, 0.1160
7.100, -0.04500, 0.08540
7.110, -0.04450, 0.1250
7.120, -0.04400, 0.1310
7.130, -0.04350, 0.1082
7.140, -0.04300, 0.1299
7.150, -0.04250, 0.1382
7.160, -0.04200, 0.1298
7.170, -0.04150, 0.1393
7.180, -0.04100, 0.1136
7.190, -0.04050, 0.1433
7.200, -0.04000, 0.1830
7.210, -0.03950, 0.1534
7.220, -0.03900, 0.1227
7.230, -0.03850, 0.09241
7.240, -0.03800, 0.1463
7.250, -0.03750, 0.1173
7.260, -0.03700, 0.1033
7.270, -0.03650, 0.1065
7.280, -0.03600, 0.1238
7.290, -0.03550, 0.1342
7.300, -0.03500, 0.1256
7.310, -0.03450, 0.1048
7.320, -0.03400, 0.1306
7.330, -0.03350, 0.1344
7.340, -0.03300, 0.1504
7.350, -0.03250, 0.1333
7.360, -0.03200, 0.1174
7.370, -0.03150, 0.09094
7.380, -0.03100, 0.1232
7.390, -0.03050, 0.1070
7.400, -0.03000, 0.1602
7.410, -0.02950, 0.1773
7.420, -0.02900, 0.2102
7.430, -0.02850, 0.2312
7.440, -0.02800, 0.2040
7.450, -0.02750, 0.2312
7.460, -0.02700, 0.1825
7.470, -0.02650, 0.2504
7.480, -0.02600, 0.2224
7.490, -0.02550, 0.2499
7.500, -0.02500, 0.2052
7.510, -0.02450, 0.2062
7.520, -0.02400, 0.2234
7.530, -0.02350, 0.2658
7.540, -0.02300, 0.2392
7.550, -0.02250, 0.2390
7.560, -0.02200, 0.2491
7.570, -0.02150, 0.2651
7.580, -0.02100, 0.2262
7.590, -0.02050, 0.2472
7.600, -0.02000, 0.2535
7.610, -0.01950, 0.2954
7.620, -0.01900, 0.2732
7.630, -0.01850, 0.2488
7.640, -0.01800, 0.2171
7.650, -0.01750, 0.2538
7.660, -0.01700, 0.2631
7.670, -0.01650, 0.2687
7.680, -0.01600, 0.2457
7.690, -0.01550, 0.2343
7.700, -0.01500, 0.2334
7.710, -0.01450, 0.2622
7.720, -0.01400, 0.2650
7.730, -0.01350, 0.2788
7.740, -0.01300, 0.2759
7.750, -0.01250, 0.2841
7.760, -0.01200, 0.2762
7.770, -0.01150, 0.2730
7.780, -0.01100, 0.2792
7.790, -0.01050, 0.2738
7.800, -0.01000, 0.2802
7.810, -0.009500, 0.3312
7.820, -0.009000, 0.3047
7.830, -0.008500, 0.3400
7.840, -0.008000, 0.3347
7.850, -0.007500, 0.4151
7.860, -0.007000, 0.4016
7.870, -0.006500, 0.4159
7.880, -0.006000, 0.4003
7.890, -0.005500, 0.3782
7.900, -0.005000, 0.4439
7.910, -0.004500, 0.4398
7.920, -0.004000, 0.4253
7.930, -0.003500, 0.4201
7.940, -0.003000, 0.4149
7.950, -0.002500, 0.4388
7.960, -0.002000, 0.4415
7.970, -0.001500, 0.4086
7.980, -0.001000, 0.4173
7.990, -0.0005000, 0.4705
8.000, 0.000, 0.4351
8.010, 0.0005000, 0.4757
8.020, 0.001000, 0.5099
8.030, 0.001500, 0.5171
8.040, 0.002000, 0.5083
8.050, 0.002500, 0.4793
8.060, 0.003000, 0.4651
8.070, 0.003500, 0.4869
8.080, 0.004000, 0.4829
8.090, 0.004500, 0.5006
8.100, 0.005000, 0.5382
8.110, 0.005500, 0.5391
8.120, 0.006000, 0.5277
8.130, 0.006500, 0.4863
8.140, 0.007000, 0.5394
8.150, 0.007500, 0.5129
8.160, 0.008000, 0.5633
8.170, 0.008500, 0.5410
8.180, 0.009000, 0.5281
8.190, 0.009500, 0.5519
8.200, 0.01000, 0.5341
8.210, 0.01050, 0.5734
8.220, 0.01100, 0.5954
8.230, 0.01150, 0.6170
8.240, 0.01200, 0.5801
8.250, 0.01250, 0.6186
8.260, 0.01300, 0.6459
8.270, 0.01350, 0.6749
8.280, 0.01400, 0.6723
8.290, 0.01450, 0.6776
8.300, 0.01500, 0.7282
8.310, 0.01550, 0.7462
8.320, 0.01600, 0.7069
8.330, 0.01650, 0.7571
8.340, 0.01700, 0.7351
8.350, 0.01750, 0.7528
8.360, 0.01800, 0.7397
8.370, 0.01850, 0.7712
8.380, 0.01900, 0.7987
8.390, 0.01950, 0.8096
8.400, 0.02000, 0.7944
8.410, 0.02050, 0.8071
8.420, 0.02100, 0.8154
8.430, 0.02150, 0.7838
8.440, 0.02200, 0.7969
8.450, 0.02250, 0.8230
8.460, 0.02300, 0.8006
8.470, 0.02350, 0.8147
8.480, 0.02400, 0.8342
8.490, 0.02450, 0.8421
8.500, 0.02500, 0.8513
8.510, 0.02550, 0.8471
8.520, 0.02600, 0.8589
8.530, 0.02650, 0.8528
8.540, 0.02700, 0.8768
8.550, 0.02750, 0.8901
8.560, 0.02800, 0.8900
8.570, 0.02850, 0.8967
8.580, 0.02900, 0.9043
8.590, 0.02950, 0.9349
8.600, 0.03000, 0.9352
8.610, 0.03050, 0.9343
8.620, 0.03100, 0.9392
8.630, 0.03150, 0.9358
8.640, 0.03200, 0.9679
8.650, 0.03250, 0.9902
8.660, 0.03300, 1.029
8.670, 0.03350, 1.008
8.680, 0.03400, 1.032
8.690, 0.03450, 1.077
8.700, 0.03500, 1.089
8.710, 0.03550, 1.098
8.720, 0.03600, 1.111
8.730, 0.03650, 1.137
8.740, 0.03700, 1.173
8.750, 0.03750, 1.147
8.760, 0.03800, 1.157
8.770, 0.03850, 1.196
8.780, 0.03900, 1.203
8.790, 0.03950, 1.176
8.800, 0.04000, 1.243
8.810, 0.04050, 1.229
8.820, 0.04100, 1.268
8.830, 0.04150, 1.233
8.840, 0.04200, 1.269
8.850, 0.04250, 1.255
8.860, 0.04300, 1.268
8.870, 0.04350, 1.327
8.880, 0.04400, 1.344
8.890, 0.04450, 1.336
8.900, 0.04500, 1.284
8.910, 0.04550, 1.310
8.920, 0.04600, 1.328
8.930, 0.04650, 1.358
8.940, 0.04700, 1.351
8.950, 0.04750, 1.387
8.960, 0.04800, 1.367
8.970, 0.04850, 1.409
8.980, 0.04900, 1.410
8.990, 0.04950, 1.433
9.000, 0.05000, 1.449
9.010, 0.05050, 1.434
9.020, 0.05100, 1.497
9.030, 0.05150, 1.438
9.040, 0.05200, 1.489
9.050, 0.05250, 1.523
9.060, 0.05300, 1.542
9.070, 0.05350, 1.531
9.080, 0.05400, 1.566
9.090, 0.05450, 1.601
9.100, 0.05500, 1.645
9.110, 0.05550, 1.669
9.120, 0.05600, 1.677
9.130, 0.05650, 1.695
9.140, 0.05700, 1.736
9.150, 0.05750, 1.715
9.160, 0.05800, 1.744
9.170, 0.05850, 1.804
9.180, 0.05900, 1.776
9.190, 0.05950, 1.795
9.200, 0.06000, 1.804
9.210, 0.06050, 1.823
9.220, 0.06100, 1.875
9.230, 0.06150, 1.870
9.240, 0.06200, 1.907
9.250, 0.06250, 1.903
9.260, 0.06300, 1.940
9.270, 0.06350, 1.920
9.280, 0.06400, 1.951
9.290, 0.06450, 1.991
9.300, 0.06500, 2.004
9.310, 0.06550, 2.018
9.320, 0.06600, 2.035
9.330, 0.06650, 2.018
9.340, 0.06700, 2.025
9.350, 0.06750, 2.065
9.360, 0.06800, 2.096
9.370, 0.06850, 2.113
9.380, 0.06900, 2.153
9.390, 0.06950, 2.137
9.400, 0.07000, 2.136
9.410, 0.07050, 2.182
9.420, 0.07100, 2.198
9.430, 0.07150, 2.203
9.440, 0.07200, 2.245
9.450, 0.07250, 2.269
9.460, 0.07300, 2.275
9.470, 0.07350, 2.316
9.480, 0.07400, 2.303
9.490, 0.07450, 2.318
9.500, 0.07500, 2.372
9.510, 0.07550, 2.424
9.520, 0.07600, 2.438
9.530, 0.07650, 2.474
9.540, 0.07700, 2.516
9.550, 0.07750, 2.518
9.560, 0.07800, 2.532
9.570, 0.07850, 2.555
9.580, 0.07900, 2.555
9.590, 0.07950, 2.608
9.600, 0.08000, 2.635
9.610, 0.08050, 2.662
9.620, 0.08100, 2.651
9.630, 0.08150, 2.652
9.640, 0.08200, 2.703
9.650, 0.08250, 2.710
9.660, 0.08300, 2.761
9.670, 0.08350, 2.759
9.680, 0.08400, 2.796
9.690, 0.08450, 2.788
9.700, 0.08500, 2.818
9.710, 0.08550, 2.850
9.720, 0.08600, 2.872
9.730, 0.08650, 2.880
9.740, 0.08700, 2.884
9.750, 0.08750, 2.889
9.760, 0.08800, 2.912
9.770, 0.08850, 2.921
9.780, 0.08900, 2.944
9.790, 0.08950, 2.980
9.800, 0.09000, 3.000
9.810, 0.09050, 2.975
9.820, 0.09100, 2.995
9.830, 0.09150, 3.039
9.840, 0.09200, 3.065
9.850, 0.09250, 3.107
9.860, 0.09300, 3.106
9.870, 0.09350, 3.120
9.880, 0.09400, 3.102
9.890, 0.09450, 3.159
9.900, 0.09500, 3.195
9.910, 0.09550, 3.195
9.920, 0.09600, 3.210
9.930, 0.09650, 3.273
9.940, 0.09700, 3.301
9.950, 0.09750, 3.315
9.960, 0.09800, 3.362
9.970, 0.09850, 3.369
9.980, 0.09900, 3.391
9.990, 0.09950, 3.421
10.00, 0.1000, 3.412
10.01, 0.1005, 3.457
10.02, 0.1010, 3.517
10.03, 0.1015, 3.507
10.04, 0.1020, 3.530
10.05, 0.1025, 3.555
10.06, 0.1030, 3.565
10.07, 0.1035, 3.591
10.08, 0.1040, 3.605
10.09, 0.1045, 3.629
10.10, 0.1050, 3.626
10.11, 0.1055, 3.664
10.12, 0.1060, 3.688
10.13, 0.1065, 3.713
10.14, 0.1070, 3.757
10.15, 0.1075, 3.705
10.16, 0.1080, 3.702
10.17, 0.1085, 3.758
10.18, 0.1090, 3.743
10.19, 0.1095, 3.813
10.20, 0.1100, 3.788
10.21, 0.1105, 3.818
10.22, 0.1110, 3.828
10.23, 0.1115, 3.825
10.24, 0.1120, 3.855
10.25, 0.1125, 3.906
10.26, 0.1130, 3.890
10.27, 0.1135, 3.944
10.28, 0.1140, 3.927
10.29, 0.1145, 3.977
10.30, 0.1150, 3.956
10.31, 0.1155, 4.013
10.32, 0.1160, 4.001
10.33, 0.1165, 4.072
10.34, 0.1170, 4.056
10.35, 0.1175, 4.087
10.36, 0.1180, 4.129
10.37, 0.1185, 4.156
10.38, 0.1190, 4.187
10.39, 0.1195, 4.229
10.40, 0.1200, 4.245
10.41, 0.1205, 4.281
10.42, 0.1210, 4.291
10.43, 0.1215, 4.327
10.44, 0.1220, 4.307
10.45, 0.1225, 4.361
10.46, 0.1230, 4.377
10.47, 0.1235, 4.361
10.48, 0.1240, 4.415
10.49, 0.1245, 4.429
10.50, 0.1250, 4.457
10.51, 0.1255, 4.473
10.52, 0.1260, 4.491
10.53, 0.1265, 4.511
10.54, 0.1270, 4.533
10.55, 0.1275, 4.530
10.56, 0.1280, 4.543
10.57, 0.1285, 4.565
10.58, 0.1290, 4.595
10.59, 0.1295, 4.638
10.60, 0.1300, 4.633
10.61, 0.1305, 4.630
10.62, 0.1310, 4.697
10.63, 0.1315, 4.705
10.64, 0.1320, 4.709
10.65, 0.1325, 4.758
10.66, 0.1330, 4.773
10.67, 0.1335, 4.789
10.68, 0.1340, 4.823
10.69, 0.1345, 4.867
10.70, 0.1350, 4.877
10.71, 0.1355, 4.895
10.72, 0.1360, 4.872
10.73, 0.1365, 4.938
10.74, 0.1370, 4.975
10.75, 0.1375, 5.003
10.76, 0.1380, 5.017
10.77, 0.1385, 5.013
10.78, 0.1390, 5.079
10.79, 0.1395, 5.142
10.80, 0.1400, 5.165
10.81, 0.1405, 5.176
10.82, 0.1410, 5.243
10.83, 0.1415, 5.262
10.84, 0.1420, 5.278
10.85, 0.1425, 5.334
10.86, 0.1430, 5.338
10.87, 0.1435, 5.368
10.88, 0.1440, 5.380
10.89, 0.1445, 5.420
10.90, 0.1450, 5.427
10.91, 0.1455, 5.469
10.92, 0.1460, 5.468
10.93, 0.1465, 5.564
10.94, 0.1470, 5.516
10.95, 0.1475, 5.547
10.96, 0.1480, 5.602
10.97, 0.1485, 5.650
10.98, 0.1490, 5.676
10.99, 0.1495, 5.673
11.00, 0.1500, 5.679
11.01, 0.1505, 5.710
11.02, 0.1510, 5.772
11.03, 0.1515, 5.789
11.04, 0.1520, 5.820
11.05, 0.1525, 5.854
11.06, 0.1530, 5.882
11.07, 0.1535, 5.879
11.08, 0.1540, 5.925
11.09, 0.1545, 5.923
11.10, 0.1550, 5.961
11.11, 0.1555, 5.991
11.12, 0.1560, 6.046
11.13, 0.1565, 6.069
11.14, 0.1570, 6.098
11.15, 0.1575, 6.118
11.16, 0.1580, 6.162
11.17, 0.1585, 6.170
11.18, 0.1590, 6.236
11.19, 0.1595, 6.276
11.20, 0.1600, 6.286
11.21, 0.1605, 6.368
11.22, 0.1610, 6.398
11.23, 0.1615, 6.478
11.24, 0.1620, 6.479
11.25, 0.1625, 6.483
11.26, 0.1630, 6.496
11.27, 0.1635, 6.569
11.28, 0.1640, 6.586
11.29, 0.1645, 6.596
11.30, 0.1650, 6.634
11.31, 0.1655, 6.655
11.32, 0.1660, 6.692
11.33, 0.1665, 6.729
11.34, 0.1670, 6.758
11.35, 0.1675, 6.796
11.36, 0.1680, 6.828
11.37, 0.1685, 6.829
11.38, 0.1690, 6.881
11.39, 0.1695, 6.928
11.40, 0.1700, 6.914
11.41, 0.1705, 6.963
11.42, 0.1710, 6.992
11.43, 0.1715, 6.999
11.44, 0.1720, 7.000
11.45, 0.1725, 7.052
11.46, 0.1730, 7.086
11.47, 0.1735, 7.118
11.48, 0.1740, 7.153
11.49, 0.1745, 7.137
11.50, 0.1750, 7.192
11.51, 0.1755, 7.188
11.52, 0.1760, 7.206
11.53, 0.1765, 7.262
11.54, 0.1770, 7.303
11.55, 0.1775, 7.302
11.56, 0.1780, 7.319
11.57, 0.1785, 7.349
11.58, 0.1790, 7.379
11.59, 0.1795, 7.441
11.60, 0.1800, 7.457
11.61, 0.1805, 7.448
11.62, 0.1810, 7.522
11.63, 0.1815, 7.546
11.64, 0.1820, 7.593
11.65, 0.1825, 7.646
11.66, 0.1830, 7.673
11.67, 0.1835, 7.712
11.68, 0.1840, 7.681
11.69, 0.1845, 7.725
11.70, 0.1850, 7.771
11.71, 0.1855, 7.810
11.72, 0.1860, 7.828
11.73, 0.1865, 7.822
11.74, 0.1870, 7.848
11.75, 0.1875, 7.904
11.76, 0.1880, 7.925
11.77, 0.1885, 7.945
11.78, 0.1890, 7.932
11.79, 0.1895, 7.957
11.80, 0.1900, 8.006
11.81, 0.1905, 8.012
11.82, 0.1910, 8.004
11.83, 0.1915, 8.018
11.84, 0.1920, 8.057
11.85, 0.1925, 8.099
11.86, 0.1930, 8.106
11.87, 0.1935, 8.127
11.88, 0.1940, 8.149
11.89, 0.1945, 8.175
11.90, 0.1950, 8.192
11.91, 0.1955, 8.188
11.92, 0.1960, 8.176
11.93, 0.1965, 8.257
11.94, 0.1970, 8.261
11.95, 0.1975, 8.249
11.96, 0.1980, 8.279
11.97, 0.1985, 8.322
11.98, 0.1990, 8.281
11.99, 0.1995, 8.306
12.00, 0.2000, 8.346
12.01, 0.2005, 8.368
12.02, 0.2010, 8.407
12.03, 0.2015, 8.432
12.04, 0.2020, 8.428
12.05, 0.2025, 8.452
12.06, 0.2030, 8.462
12.07, 0.2035, 8.521
12.08, 0.2040, 8.564
12.09, 0.2045, 8.542
12.10, 0.2050, 8.596
12.11, 0.2055, 8.587
12.12, 0.2060, 8.630
12.13, 0.2065, 8.619
12.14, 0.2070, 8.663
12.15, 0.2075, 8.627
12.16, 0.2080, 8.677
12.17, 0.2085, 8.678
12.18, 0.2090, 8.674
12.19, 0.2095, 8.679
12.20, 0.2100, 8.712
12.21, 0.2105, 8.695
12.22, 0.2110, 8.720
12.23, 0.2115, 8.712
12.24, 0.2120, 8.735
12.25, 0.2125, 8.756
12.26, 0.2130, 8.762
12.27, 0.2135, 8.767
12.28, 0.2140, 8.771
12.29, 0.2145, 8.758
12.30, 0.2150, 8.748
12.31, 0.2155, 8.793
12.32, 0.2160, 8.806
12.33, 0.2165, 8.788
12.34, 0.2170, 8.760
12.35, 0.2175, 8.817
12.36, 0.2180, 8.810
12.37, 0.2185, 8.836
12.38, 0.2190, 8.837
12.39, 0.2195, 8.828
12.40, 0.2200, 8.817
12.41, 0.2205, 8.825
12.42, 0.2210, 8.844
12.43, 0.2215, 8.878
12.44, 0.2220, 8.863
12.45, 0.2225, 8.853
12.46, 0.2230, 8.861
12.47, 0.2235, 8.881
12.48, 0.2240, 8.899
12.49, 0.2245, 8.901
12.50, 0.2250, 8.934
12.51, 0.2255, 8.929
12.52, 0.2260, 8.927
12.53, 0.2265, 8.951
12.54, 0.2270, 8.942
12.55, 0.2275, 8.950
12.56, 0.2280, 8.957
12.57, 0.2285, 8.930
12.58, 0.2290, 8.942
12.59, 0.2295, 8.921
12.60, 0.2300, 8.933
12.61, 0.2305, 8.948
12.62, 0.2310, 8.946
12.63, 0.2315, 8.956
12.64, 0.2320, 8.939
12.65, 0.2325, 8.907
12.66, 0.2330, 8.904
12.67, 0.2335, 8.943
12.68, 0.2340, 8.907
12.69, 0.2345, 8.910
12.70, 0.2350, 8.887
12.71, 0.2355, 8.894
12.72, 0.2360, 8.883
12.73, 0.2365, 8.885
12.74, 0.2370, 8.880
12.75, 0.2375, 8.870
12.76, 0.2380, 8.853
12.77, 0.2385, 8.830
12.78, 0.2390, 8.844
12.79, 0.2395, 8.854
12.80, 0.2400, 8.861
12.81, 0.2405, 8.810
12.82, 0.2410, 8.842
12.83, 0.2415, 8.822
12.84, 0.2420, 8.802
12.85, 0.2425, 8.819
12.86, 0.2430, 8.832
12.87, 0.2435, 8.829
12.88, 0.2440, 8.831
12.89, 0.2445, 8.842
12.90, 0.2450, 8.809
12.91, 0.2455, 8.822
12.92, 0.2460, 8.852
12.93, 0.2465, 8.828
12.94, 0.2470, 8.797
12.95, 0.2475, 8.801
12.96, 0.2480, 8.816
12.97, 0.2485, 8.817
12.98, 0.2490, 8.805
12.99, 0.2495, 8.785
13.00, 0.2500, 8.772
13.01, 0.2505, 8.753
13.02, 0.2510, 8.748
13.03, 0.2515, 8.719
13.04, 0.2520, 8.784
13.05, 0.2525, 8.770
13.06, 0.2530, 8.723
13.07, 0.2535, 8.715
13.08, 0.2540, 8.694
13.09, 0.2545, 8.705
13.10, 0.2550, 8.675
13.11, 0.2555, 8.670
13.12, 0.2560, 8.633
13.13, 0.2565, 8.653
13.14, 0.2570, 8.617
13.15, 0.2575, 8.589
13.16, 0.2580, 8.599
13.17, 0.2585, 8.604
13.18, 0.2590, 8.563
13.19, 0.2595, 8.522
13.20, 0.2600, 8.530
13.21, 0.2605, 8.550
13.22, 0.2610, 8.537
13.23, 0.2615, 8.532
13.24, 0.2620, 8.491
13.25, 0.2625, 8.469
13.26, 0.2630, 8.446
13.27, 0.2635, 8.464
13.28, 0.2640, 8.440
13.29, 0.2645, 8.474
13.30, 0.2650, 8.495
13.31, 0.2655, 8.469
13.32, 0.2660, 8.449
13.33, 0.2665, 8.488
13.34, 0.2670, 8.468
13.35, 0.2675, 8.423
13.36, 0.2680, 8.424
13.37, 0.2685, 8.404
13.38, 0.2690, 8.387
13.39, 0.2695, 8.377
13.40, 0.2700, 8.358
13.41, 0.2705, 8.361
13.42, 0.2710, 8.351
13.43, 0.2715, 8.332
13.44, 0.2720, 8.295
13.45, 0.2725, 8.278
13.46, 0.2730, 8.281
13.47, 0.2735, 8.270
13.48, 0.2740, 8.269
13.49, 0.2745, 8.265
13.50, 0.2750, 8.248
13.51, 0.2755, 8.212
13.52, 0.2760, 8.204
13.53, 0.2765, 8.189
13.54, 0.2770, 8.155
13.55, 0.2775, 8.167
13.56, 0.2780, 8.138
13.57, 0.2785, 8.117
13.58, 0.2790, 8.109
13.59, 0.2795, 8.117
13.60, 0.2800, 8.097
13.61, 0.2805, 8.046
13.62, 0.2810, 8.075
13.63, 0.2815, 8.054
13.64, 0.2820, 8.026
13.65, 0.2825, 7.982
13.66, 0.2830, 8.005
13.67, 0.2835, 7.962
13.68, 0.2840, 7.968
13.69, 0.2845, 7.982
13.70, 0.2850, 7.965
13.71, 0.2855, 7.916
13.72, 0.2860, 7.918
13.73, 0.2865, 7.961
13.74, 0.2870, 7.953
13.75, 0.2875, 7.938
13.76, 0.2880, 7.954
13.77, 0.2885, 7.931
13.78, 0.2890, 7.910
13.79, 0.2895, 7.896
13.80, 0.2900, 7.919
13.81, 0.2905, 7.853
13.82, 0.2910, 7.876
13.83, 0.2915, 7.871
13.84, 0.2920, 7.824
13.85, 0.2925, 7.832
13.86, 0.2930, 7.826
13.87, 0.2935, 7.792
13.88, 0.2940, 7.764
13.89, 0.2945, 7.789
13.90, 0.2950, 7.771
13.91, 0.2955, 7.758
13.92, 0.2960, 7.723
13.93, 0.2965, 7.685
13.94, 0.2970, 7.708
13.95, 0.2975, 7.721
13.96, 0.2980, 7.672
13.97, 0.2985, 7.656
13.98, 0.2990, 7.619
13.99, 0.2995, 7.587
14.00, 0.3000, 7.585
14.01, 0.3005, 7.572
14.02, 0.3010, 7.564
14.03, 0.3015, 7.586
14.04, 0.3020, 7.577
14.05, 0.3025, 7.565
14.06, 0.3030, 7.521
14.07, 0.3035, 7.513
14.08, 0.3040, 7.490
14.09, 0.3045, 7.478
14.10, 0.3050, 7.480
14.11, 0.3055, 7.494
14.12, 0.3060, 7.468
14.13, 0.3065, 7.429
14.14, 0.3070, 7.438
14.15, 0.3075, 7.475
14.16, 0.3080, 7.440
14.17, 0.3085, 7.455
14.18, 0.3090, 7.428
14.19, 0.3095, 7.454
14.20, 0.3100, 7.432
14.21, 0.3105, 7.399
14.22, 0.3110, 7.392
14.23, 0.3115, 7.394
14.24, 0.3120, 7.388
14.25, 0.3125, 7.396
14.26, 0.3130, 7.399
14.27, 0.3135, 7.362
14.28, 0.3140, 7.333
14.29, 0.3145, 7.334
14.30, 0.3150, 7.312
14.31, 0.3155, 7.307
14.32, 0.3160, 7.284
14.33, 0.3165, 7.274
14.34, 0.3170, 7.241
14.35, 0.3175, 7.241
14.36, 0.3180, 7.248
14.37, 0.3185, 7.229
14.38, 0.3190, 7.240
14.39, 0.3195, 7.187
14.40, 0.3200, 7.169
14.41, 0.3205, 7.149
14.42, 0.3210, 7.134
14.43, 0.3215, 7.124
14.44, 0.3220, 7.135
14.45, 0.3225, 7.107
14.46, 0.3230, 7.109
14.47, 0.3235, 7.066
14.48, 0.3240, 7.065
14.49, 0.3245, 7.072
14.50, 0.3250, 7.079
14.51, 0.3255, 7.023
14.52, 0.3260, 7.009
14.53, 0.3265, 7.027
14.54, 0.3270, 6.999
14.55, 0.3275, 7.001
14.56, 0.3280, 7.005
14.57, 0.3285, 7.014
14.58, 0.3290, 7.015
14.59, 0.3295, 6.995
14.60, 0.3300, 7.031
14.61, 0.3305, 7.024
14.62, 0.3310, 6.988
14.63, 0.3315, 7.000
14.64, 0.3320, 7.001
14.65, 0.3325, 6.962
14.66, 0.3330, 6.960
14.67, 0.3335, 6.948
14.68, 0.3340, 6.946
14.69, 0.3345, 6.937
14.70, 0.3350, 6.901
14.71, 0.3355, 6.890
14.72, 0.3360, 6.918
14.73, 0.3365, 6.906
14.74, 0.3370, 6.893
14.75, 0.3375, 6.850
14.76, 0.3380, 6.851
14.77, 0.3385, 6.820
14.78, 0.3390, 6.829
14.79, 0.3395, 6.791
14.80, 0.3400, 6.819
14.81, 0.3405, 6.791
14.82, 0.3410, 6.779
14.83, 0.3415, 6.745
14.84, 0.3420, 6.747
14.85, 0.3425, 6.730
14.86, 0.3430, 6.737
14.87, 0.3435, 6.720
14.88, 0.3440, 6.699
14.89, 0.3445, 6.684
14.90, 0.3450, 6.694
14.91, 0.3455, 6.703
14.92, 0.3460, 6.680
14.93, 0.3465, 6.649
14.94, 0.3470, 6.647
14.95, 0.3475, 6.643
14.96, 0.3480, 6.642
14.97, 0.3485, 6.620
14.98, 0.3490, 6.666
14.99, 0.3495, 6.667
15.00, 0.3500, 6.643
15.01, 0.3505, 6.662
15.02, 0.3510, 6.655
15.03, 0.3515, 6.633
15.04, 0.3520, 6.627
15.05, 0.3525, 6.663
15.06, 0.3530, 6.638
15.07, 0.3535, 6.646
15.08, 0.3540, 6.618
15.09, 0.3545, 6.605
15.10, 0.3550, 6.599
15.11, 0.3555, 6.573
15.12, 0.3560, 6.565
15.13, 0.3565, 6.535
15.14, 0.3570, 6.543
15.15, 0.3575, 6.568
15.16, 0.3580, 6.554
15.17, 0.3585, 6.536
15.18, 0.3590, 6.505
15.19, 0.3595, 6.520
15.20, 0.3600, 6.460
15.21, 0.3605, 6.479
15.22, 0.3610, 6.495
15.23, 0.3615, 6.461
15.24, 0.3620, 6.465
15.25, 0.3625, 6.475
15.26, 0.3630, 6.426
15.27, 0.3635, 6.441
15.28, 0.3640, 6.413
15.29, 0.3645, 6.421
15.30, 0.3650, 6.416
15.31, 0.3655, 6.356
15.32, 0.3660, 6.372
15.33, 0.3665, 6.377
15.34, 0.3670, 6.371
15.35, 0.3675, 6.369
15.36, 0.3680, 6.357
15.37, 0.3685, 6.330
15.38, 0.3690, 6.316
15.39, 0.3695, 6.318
15.40, 0.3700, 6.326
15.41, 0.3705, 6.366
15.42, 0.3710, 6.364
15.43, 0.3715, 6.352
15.44, 0.3720, 6.343
15.45, 0.3725, 6.315
15.46, 0.3730, 6.371
15.47, 0.3735, 6.371
15.48, 0.3740, 6.340
15.49, 0.3745, 6.323
15.50, 0.3750, 6.311
15.51, 0.3755, 6.316
15.52, 0.3760, 6.308
15.53, 0.3765, 6.290
15.54, 0.3770, 6.292
15.55, 0.3775, 6.290
15.56, 0.3780, 6.281
15.57, 0.3785, 6.251
15.58, 0.3790, 6.253
15.59, 0.3795, 6.237
15.60, 0.3800, 6.286
15.61, 0.3805, 6.253
15.62, 0.3810, 6.218
15.63, 0.3815, 6.209
15.64, 0.3820, 6.234
15.65, 0.3825, 6.230
15.66, 0.3830, 6.188
15.67, 0.3835, 6.212
15.68, 0.3840, 6.185
15.69, 0.3845, 6.166
15.70, 0.3850, 6.175
15.71, 0.3855, 6.183
15.72, 0.3860, 6.136
15.73, 0.3865, 6.125
15.74, 0.3870, 6.110
15.75, 0.3875, 6.097
15.76, 0.3880, 6.126
15.77, 0.3885, 6.114
15.78, 0.3890, 6.129
15.79, 0.3895, 6.106
15.80, 0.3900, 6.076
15.81, 0.3905, 6.088
15.82, 0.3910, 6.069
15.83, 0.3915, 6.083
15.84, 0.3920, 6.120
15.85, 0.3925, 6.135
15.86, 0.3930, 6.133
15.87, 0.3935, 6.128
15.88, 0.3940, 6.094
15.89, 0.3945, 6.130
15.90, 0.3950, 6.142
15.91, 0.3955, 6.130
15.92, 0.3960, 6.108
15.93, 0.3965, 6.062
15.94, 0.3970, 6.067
15.95, 0.3975, 6.074
15.96, 0.3980, 6.072
15.97, 0.3985, 6.058
15.98, 0.3990, 6.053
15.99, 0.3995, 6.071
16.00, 0.4000, 6.056
16.01, 0.3995, 5.881
16.02, 0.3990, 5.767
16.03, 0.3985, 5.712
16.04, 0.3980, 5.697
16.05, 0.3975, 5.636
16.06, 0.3970, 5.626
16.07, 0.3965, 5.586
16.08, 0.3960, 5.564
16.09, 0.3955, 5.520
16.10, 0.3950, 5.503
16.11, 0.3945, 5.487
16.12, 0.3940, 5.450
16.13, 0.3935, 5.460
16.14, 0.3930, 5.438
16.15, 0.3925, 5.389
16.16, 0.3920, 5.431
16.17, 0.3915, 5.381
16.18, 0.3910, 5.329
16.19, 0.3905, 5.371
16.20, 0.3900, 5.333
16.21, 0.3895, 5.334
16.22, 0.3890, 5.280
16.23, 0.3885, 5.298
16.24, 0.3880, 5.245
16.25, 0.3875, 5.221
16.26, 0.3870, 5.214
16.27, 0.3865, 5.180
16.28, 0.3860, 5.134
16.29, 0.3855, 5.091
16.30, 0.3850, 5.106
16.31, 0.3845, 5.104
16.32, 0.3840, 5.080
16.33, 0.3835, 5.076
16.34, 0.3830, 5.063
16.35, 0.3825, 4.987
16.36, 0.3820, 4.990
16.37, 0.3815, 5.012
16.38, 0.3810, 4.973
16.39, 0.3805, 4.986
16.40, 0.3800, 4.983
16.41, 0.3795, 4.973
16.42, 0.3790, 4.939
16.43, 0.3785, 4.968
16.44, 0.3780, 4.954
16.45, 0.3775, 4.914
16.46, 0.3770, 4.914
16.47, 0.3765, 4.944
16.48, 0.3760, 4.929
16.49, 0.3755, 4.883
16.50, 0.3750, 4.894
16.51, 0.3745, 4.878
16.52, 0.3740, 4.850
16.53, 0.3735, 4.869
16.54, 0.3730, 4.832
16.55, 0.3725, 4.830
16.56, 0.3720, 4.838
16.57, 0.3715, 4.813
16.58, 0.3710, 4.823
16.59, 0.3705, 4.813
16.60, 0.3700, 4.804
16.61, 0.3695, 4.795
16.62, 0.3690, 4.802
16.63, 0.3685, 4.751
16.64, 0.3680, 4.773
16.65, 0.3675, 4.722
16.66, 0.3670, 4.729
16.67, 0.3665, 4.721
16.68, 0.3660, 4.682
16.69, 0.3655, 4.690
16.70, 0.3650, 4.645
16.71, 0.3645, 4.607
16.72, 0.3640, 4.609
16.73, 0.3635, 4.617
16.74, 0.3630, 4.608
16.75, 0.3625, 4.597
16.76, 0.3620, 4.596
16.77, 0.3615, 4.583
16.78, 0.3610, 4.569
16.79, 0.3605, 4.579
16.80, 0.3600, 4.542
16.81, 0.3595, 4.541
16.82, 0.3590, 4.533
16.83, 0.3585, 4.555
16.84, 0.3580, 4.533
16.85, 0.3575, 4.514
16.86, 0.3570, 4.499
16.87, 0.3565, 4.521
16.88, 0.3560, 4.496
16.89, 0.3555, 4.530
16.90, 0.3550, 4.467
16.91, 0.3545, 4.507
16.92, 0.3540, 4.476
16.93, 0.3535, 4.490
16.94, 0.3530, 4.456
16.95, 0.3525, 4.464
16.96, 0.3520, 4.470
16.97, 0.3515, 4.446
16.98, 0.3510, 4.469
16.99, 0.3505, 4.452
17.00, 0.3500, 4.436
17.01, 0.3495, 4.446
17.02, 0.3490, 4.420
17.03, 0.3485, 4.412
17.04, 0.3480, 4.455
17.05, 0.3475, 4.435
17.06, 0.3470, 4.398
17.07, 0.3465, 4.380
17.08, 0.3460, 4.381
17.09, 0.3455, 4.368
17.10, 0.3450, 4.364
17.11, 0.3445, 4.307
17.12, 0.3440, 4.326
17.13, 0.3435, 4.301
17.14, 0.3430, 4.273
17.15, 0.3425, 4.287
17.16, 0.3420, 4.245
17.17, 0.3415, 4.243
17.18, 0.3410, 4.264
17.19, 0.3405, 4.223
17.20, 0.3400, 4.215
17.21, 0.3395, 4.252
17.22, 0.3390, 4.204
17.23, 0.3385, 4.222
17.24, 0.3380, 4.211
17.25, 0.3375, 4.233
17.26, 0.3370, 4.183
17.27, 0.3365, 4.214
17.28, 0.3360, 4.181
17.29, 0.3355, 4.243
17.30, 0.3350, 4.212
17.31, 0.3345, 4.212
17.32, 0.3340, 4.189
17.33, 0.3335, 4.161
17.34, 0.3330, 4.190
17.35, 0.3325, 4.195
17.36, 0.3320, 4.178
17.37, 0.3315, 4.146
17.38, 0.3310, 4.151
17.39, 0.3305, 4.139
17.40, 0.3300, 4.125
17.41, 0.3295, 4.143
17.42, 0.3290, 4.148
17.43, 0.3285, 4.134
17.44, 0.3280, 4.144
17.45, 0.3275, 4.161
17.46, 0.3270, 4.108
17.47, 0.3265, 4.125
17.48, 0.3260, 4.095
17.49, 0.3255, 4.114
17.50, 0.3250, 4.095
17.51, 0.3245, 4.055
17.52, 0.3240, 4.047
17.53, 0.3235, 4.040
17.54, 0.3230, 4.066
17.55, 0.3225, 4.002
17.56, 0.3220, 3.998
17.57, 0.3215, 3.985
17.58, 0.3210, 3.971
17.59, 0.3205, 3.999
17.60, 0.3200, 3.998
17.61, 0.3195, 3.946
17.62, 0.3190, 3.950
17.63, 0.3185, 3.941
17.64, 0.3180, 3.943
17.65, 0.3175, 3.953
17.66, 0.3170, 3.961
17.67, 0.3165, 3.936
17.68, 0.3160, 3.930
17.69, 0.3155, 3.936
17.70, 0.3150, 3.939
17.71, 0.3145, 3.971
17.72, 0.3140, 3.970
17.73, 0.3135, 3.951
17.74, 0.3130, 3.900
17.75, 0.3125, 3.910
17.76, 0.3120, 3.921
17.77, 0.3115, 3.941
17.78, 0.3110, 3.932
17.79, 0.3105, 3.928
17.80, 0.3100, 3.908
17.81, 0.3095, 3.898
17.82, 0.3090, 3.889
17.83, 0.3085, 3.904
17.84, 0.3080, 3.895
17.85, 0.3075, 3.905
17.86, 0.3070, 3.885
17.87, 0.3065, 3.877
17.88, 0.3060, 3.866
17.89, 0.3055, 3.861
17.90, 0.3050, 3.880
17.91, 0.3045, 3.892
17.92, 0.3040, 3.878
17.93, 0.3035, 3.807
17.94, 0.3030, 3.817
17.95, 0.3025, 3.814
17.96, 0.3020, 3.770
17.97, 0.3015, 3.765
17.98, 0.3010, 3.757
17.99, 0.3005, 3.742
18.00, 0.3000, 3.755
18.01, 0.2995, 3.732
18.02, 0.2990, 3.731
18.03, 0.2985, 3.732
18.04, 0.2980, 3.717
18.05, 0.2975, 3.678
18.06, 0.2970, 3.672
18.07, 0.2965, 3.692
18.08, 0.2960, 3.720
18.09, 0.2955, 3.692
18.10, 0.2950, 3.709
18.11, 0.2945, 3.674
18.12, 0.2940, 3.671
18.13, 0.2935, 3.684
18.14, 0.2930, 3.675
18.15, 0.2925, 3.702
18.16, 0.2920, 3.696
18.17, 0.2915, 3.706
18.18, 0.2910, 3.689
18.19, 0.2905, 3.674
18.20, 0.2900, 3.682
18.21, 0.2895, 3.690
18.22, 0.2890, 3.688
18.23, 0.2885, 3.685
18.24, 0.2880, 3.675
18.25, 0.2875, 3.664
18.26, 0.2870, 3.653
18.27, 0.2865, 3.662
18.28, 0.2860, 3.648
18.29, 0.2855, 3.631
18.30, 0.2850, 3.658
18.31, 0.2845, 3.638
18.32, 0.2840, 3.656
18.33, 0.2835, 3.643
18.34, 0.2830, 3.612
18.35, 0.2825, 3.621
18.36, 0.2820, 3.567
18.37, 0.2815, 3.576
18.38, 0.2810, 3.553
18.39, 0.2805, 3.540
18.40, 0.2800, 3.521
18.41, 0.2795, 3.513
18.42, 0.2790, 3.496
18.43, 0.2785, 3.499
18.44, 0.2780, 3.524
18.45, 0.2775, 3.523
18.46, 0.2770, 3.505
18.47, 0.2765, 3.507
18.48, 0.2760, 3.468
18.49, 0.2755, 3.451
18.50, 0.2750, 3.453
18.51, 0.2745, 3.461
18.52, 0.2740, 3.505
18.53, 0.2735, 3.471
18.54, 0.2730, 3.457
18.55, 0.2725, 3.484
18.56, 0.2720, 3.496
18.57, 0.2715, 3.465
18.58, 0.2710, 3.446
18.59, 0.2705, 3.462
18.60, 0.2700, 3.477
18.61, 0.2695, 3.453
18.62, 0.2690, 3.475
18.63, 0.2685, 3.497
18.64, 0.2680, 3.440
18.65, 0.2675, 3.434
18.66, 0.2670, 3.424
18.67, 0.2665, 3.408
18.68, 0.2660, 3.412
18.69, 0.2655, 3.439
18.70, 0.2650, 3.431
18.71, 0.2645, 3.404
18.72, 0.2640, 3.407
18.73, 0.2635, 3.402
18.74, 0.2630, 3.407
18.75, 0.2625, 3.414
18.76, 0.2620, 3.400
18.77, 0.2615, 3.367
18.78, 0.2610, 3.363
18.79, 0.2605, 3.358
18.80, 0.2600, 3.299
18.81, 0.2595, 3.299
18.82, 0.2590, 3.313
18.83, 0.2585, 3.317
18.84, 0.2580, 3.312
18.85, 0.2575, 3.299
18.86, 0.2570, 3.262
18.87, 0.2565, 3.254
18.88, 0.2560, 3.270
18.89, 0.2555, 3.267
18.90, 0.2550, 3.277
18.91, 0.2545, 3.275
18.92, 0.2540, 3.247
18.93, 0.2535, 3.257
18.94, 0.2530, 3.272
18.95, 0.2525, 3.253
18.96, 0.2520, 3.250
18.97, 0.2515, 3.227
18.98, 0.2510, 3.266
18.99, 0.2505, 3.257
19.00, 0.2500, 3.230
19.01, 0.2495, 3.245
19.02, 0.2490, 3.259
19.03, 0.2485, 3.216
19.04, 0.2480, 3.231
19.05, 0.2475, 3.233
19.06, 0.2470, 3.218
19.07, 0.2465, 3.208
19.08, 0.2460, 3.204
19.09, 0.2455, 3.202
19.10, 0.2450, 3.173
19.11, 0.2445, 3.210
19.12, 0.2440, 3.206
19.13, 0.2435, 3.214
19.14, 0.2430, 3.200
19.15, 0.2425, 3.193
19.16, 0.2420, 3.167
19.17, 0.2415, 3.183
19.18, 0.2410, 3.169
19.19, 0.2405, 3.196
19.20, 0.2400, 3.158
19.21, 0.2395, 3.102
19.22, 0.2390, 3.111
19.23, 0.2385, 3.083
19.24, 0.2380, 3.080
19.25, 0.2375, 3.104
19.26, 0.2370, 3.089
19.27, 0.2365, 3.069
19.28, 0.2360, 3.066
19.29, 0.2355, 3.031
19.30, 0.2350, 3.053
19.31, 0.2345, 3.000
19.32, 0.2340, 2.997
19.33, 0.2335, 3.022
19.34, 0.2330, 3.035
19.35, 0.2325, 3.017
19.36, 0.2320, 3.012
19.37, 0.2315, 3.033
19.38, 0.2310, 3.011
19.39, 0.2305, 3.028
19.40, 0.2300, 3.014
19.41, 0.2295, 3.014
19.42, 0.2290, 2.998
19.43, 0.2285, 3.037
19.44, 0.2280, 3.027
19.45, 0.2275, 2.986
19.46, 0.2270, 2.998
19.47, 0.2265, 3.014
19.48, 0.2260, 2.986
19.49, 0.2255, 3.005
19.50, 0.2250, 2.963
19.51, 0.2245, 2.999
19.52, 0.2240, 2.966
19.53, 0.2235, 2.992
19.54, 0.2230, 2.980
19.55, 0.2225, 2.951
19.56, 0.2220, 2.968
19.57, 0.2215, 2.979
19.58, 0.2210, 2.965
19.59, 0.2205, 2.929
19.60, 0.2200, 2.924
19.61, 0.2195, 2.917
19.62, 0.2190, 2.928
19.63, 0.2185, 2.870
19.64, 0.2180, 2.849
19.65, 0.2175, 2.877
19.66, 0.2170, 2.851
19.67, 0.2165, 2.841
19.68, 0.2160, 2.808
19.69, 0.2155, 2.813
19.70, 0.2150, 2.833
19.71, 0.2145, 2.788
19.72, 0.2140, 2.779
19.73, 0.2135, 2.806
19.74, 0.2130, 2.768
19.75, 0.2125, 2.798
19.76, 0.2120, 2.797
19.77, 0.2115, 2.792
19.78, 0.2110, 2.784
19.79, 0.2105, 2.774
19.80, 0.2100, 2.773
19.81, 0.2095, 2.770
19.82, 0.2090, 2.754
19.83, 0.2085, 2.773
19.84, 0.2080, 2.766
19.85, 0.2075, 2.764
19.86, 0.2070, 2.772
19.87, 0.2065, 2.791
19.88, 0.2060, 2.746
19.89, 0.2055, 2.750
19.90, 0.2050, 2.759
19.91, 0.2045, 2.725
19.92, 0.2040, 2.737
19.93, 0.2035, 2.749
19.94, 0.2030, 2.742
19.95, 0.2025, 2.735
19.96, 0.2020, 2.720
19.97, 0.2015, 2.733
19.98, 0.2010, 2.732
19.99, 0.2005, 2.709
20.00, 0.2000, 2.677
20.01, 0.1995, 2.704
20.02, 0.1990, 2.698
20.03, 0.1985, 2.699
20.04, 0.1980, 2.691
20.05, 0.1975, 2.645
20.06, 0.1970, 2.620
20.07, 0.1965, 2.610
20.08, 0.1960, 2.600
20.09, 0.1955, 2.568
20.10, 0.1950, 2.585
20.11, 0.1945, 2.539
20.12, 0.1940, 2.562
20.13, 0.1935, 2.531
20.14, 0.1930, 2.567
20.15, 0.1925, 2.513
20.16, 0.1920, 2.552
20.17, 0.1915, 2.520
20.18, 0.1910, 2.508
20.19, 0.1905, 2.540
20.20, 0.1900, 2.506
20.21, 0.1895, 2.508
20.22, 0.1890, 2.543
20.23, 0.1885, 2.510
20.24, 0.1880, 2.529
20.25, 0.1875, 2.512
20.26, 0.1870, 2.480
20.27, 0.1865, 2.544
20.28, 0.1860, 2.508
20.29, 0.1855, 2.522
20.30, 0.1850, 2.499
20.31, 0.1845, 2.504
20.32, 0.1840, 2.475
20.33, 0.1835, 2.446
20.34, 0.1830, 2.460
20.35, 0.1825, 2.493
20.36, 0.1820, 2.438
20.37, 0.1815, 2.453
20.38, 0.1810, 2.485
20.39, 0.1805, 2.440
20.40, 0.1800, 2.427
20.41, 0.1795, 2.448
20.42, 0.1790, 2.432
20.43, 0.1785, 2.436
20.44, 0.1780, 2.420
20.45, 0.1775, 2.420
20.46, 0.1770, 2.408
20.47, 0.1765, 2.369
20.48, 0.1760, 2.342
20.49, 0.1755, 2.326
20.50, 0.1750, 2.309
20.51, 0.1745, 2.311
20.52, 0.1740, 2.278
20.53, 0.1735, 2.288
20.54, 0.1730, 2.279
20.55, 0.1725, 2.259
20.56, 0.1720, 2.256
20.57, 0.1715, 2.260
20.58, 0.1710, 2.276
20.59, 0.1705, 2.297
20.60, 0.1700, 2.248
20.61, 0.1695, 2.220
20.62, 0.1690, 2.214
20.63, 0.1685, 2.238
20.64, 0.1680, 2.233
20.65, 0.1675, 2.239
20.66, 0.1670, 2.225
20.67, 0.1665, 2.224
20.68, 0.1660, 2.210
20.69, 0.1655, 2.242
20.70, 0.1650, 2.229
20.71, 0.1645, 2.198
20.72, 0.1640, 2.237
20.73, 0.1635, 2.175
20.74, 0.1630, 2.187
20.75, 0.1625, 2.167
20.76, 0.1620, 2.173
20.77, 0.1615, 2.204
20.78, 0.1610, 2.184
20.79, 0.1605, 2.178
20.80, 0.1600, 2.131
20.81, 0.1595, 2.130
20.82, 0.1590, 2.153
20.83, 0.1585, 2.174
20.84, 0.1580, 2.159
20.85, 0.1575, 2.130
20.86, 0.1570, 2.135
20.87, 0.1565, 2.091
20.88, 0.1560, 2.081
20.89, 0.1555, 2.070
20.90, 0.1550, 2.083
20.91, 0.1545, 2.029
20.92, 0.1540, 2.010
20.93, 0.1535, 1.988
20.94, 0.1530, 1.982
20.95, 0.1525, 1.949
20.96, 0.1520, 1.962
20.97, 0.1515, 1.978
20.98, 0.1510, 1.942
20.99, 0.1505, 1.934
21.00, 0.1500, 1.945
21.01, 0.1495, 1.920
21.02, 0.1490, 1.934
21.03, 0.1485, 1.921
21.04, 0.1480, 1.891
21.05, 0.1475, 1.927
21.06, 0.1470, 1.942
21.07, 0.1465, 1.945
21.08, 0.1460, 1.931
21.09, 0.1455, 1.900
21.10, 0.1450, 1.891
21.11, 0.1445, 1.915
21.12, 0.1440, 1.885
21.13, 0.1435, 1.914
21.14, 0.1430, 1.853
21.15, 0.1425, 1.876
21.16, 0.1420, 1.865
21.17, 0.1415, 1.859
21.18, 0.1410, 1.858
21.19, 0.1405, 1.871
21.20, 0.1400, 1.857
21.21, 0.1395, 1.847
21.22, 0.1390, 1.816
21.23, 0.1385, 1.778
21.24, 0.1380, 1.836
21.25, 0.1375, 1.803
21.26, 0.1370, 1.814
21.27, 0.1365, 1.806
21.28, 0.1360, 1.779
21.29, 0.1355, 1.755
21.30, 0.1350, 1.779
21.31, 0.1345, 1.753
21.32, 0.1340, 1.712
21.33, 0.1335, 1.734
21.34, 0.1330, 1.688
21.35, 0.1325, 1.695
21.36, 0.1320, 1.657
21.37, 0.1315, 1.643
21.38, 0.1310, 1.635
21.39, 0.1305, 1.667
21.40, 0.1300, 1.621
21.41, 0.1295, 1.625
21.42, 0.1290, 1.621
21.43, 0.1285, 1.609
21.44, 0.1280, 1.624
21.45, 0.1275, 1.572
21.46, 0.1270, 1.605
21.47, 0.1265, 1.555
21.48, 0.1260, 1.580
21.49, 0.1255, 1.589
21.50, 0.1250, 1.549
21.51, 0.1245, 1.580
21.52, 0.1240, 1.524
21.53, 0.1235, 1.536
21.54, 0.1230, 1.566
21.55, 0.1225, 1.562
21.56, 0.1220, 1.539
21.57, 0.1215, 1.511
21.58, 0.1210, 1.518
21.59, 0.1205, 1.532
21.60, 0.1200, 1.531
21.61, 0.1195, 1.485
21.62, 0.1190, 1.524
21.63, 0.1185, 1.508
21.64, 0.1180, 1.459
21.65, 0.1175, 1.455
21.66, 0.1170, 1.448
21.67, 0.1165, 1.454
21.68, 0.1160, 1.425
21.69, 0.1155, 1.462
21.70, 0.1150, 1.445
21.71, 0.1145, 1.420
21.72, 0.1140, 1.397
21.73, 0.1135, 1.374
21.74, 0.1130, 1.377
21.75, 0.1125, 1.353
21.76, 0.1120, 1.341
21.77, 0.1115, 1.310
21.78, 0.1110, 1.302
21.79, 0.1105, 1.295
21.80, 0.1100, 1.298
21.81, 0.1095, 1.299
21.82, 0.1090, 1.248
21.83, 0.1085, 1.251
21.84, 0.1080, 1.215
21.85, 0.1075, 1.222
21.86, 0.1070, 1.224
21.87, 0.1065, 1.246
21.88, 0.1060, 1.204
21.89, 0.1055, 1.233
21.90, 0.1050, 1.199
21.91, 0.1045, 1.217
21.92, 0.1040, 1.211
21.93, 0.1035, 1.194
21.94, 0.1030, 1.191
21.95, 0.1025, 1.141
21.96, 0.1020, 1.161
21.97, 0.1015, 1.184
21.98, 0.1010, 1.171
21.99, 0.1005, 1.161
22.00, 0.1000, 1.126
22.01, 0.09950, 1.137
22.02, 0.09900, 1.143
22.03, 0.09850, 1.116
22.04, 0.09800, 1.145
22.05, 0.09750, 1.117
22.06, 0.09700, 1.115
22.07, 0.09650, 1.112
22.08, 0.09600, 1.080
22.09, 0.09550, 1.103
22.10, 0.09500, 1.072
22.11, 0.09450, 1.046
22.12, 0.09400, 1.048
22.13, 0.09350, 1.042
22.14, 0.09300, 0.9842
22.15, 0.09250, 0.9694
22.16, 0.09200, 0.9628
22.17, 0.09150, 0.9440
22.18, 0.09100, 0.9348
22.19, 0.09050, 0.9265
22.20, 0.09000, 0.8917
22.21, 0.08950, 0.8949
22.22, 0.08900, 0.8691
22.23, 0.08850, 0.8799
22.24, 0.08800, 0.8695
22.25, 0.08750, 0.8559
22.26, 0.08700, 0.8561
22.27, 0.08650, 0.8543
22.28, 0.08600, 0.8242
22.29, 0.08550, 0.8170
22.30, 0.08500, 0.7991
22.31, 0.08450, 0.7888
22.32, 0.08400, 0.8110
22.33, 0.08350, 0.8096
22.34, 0.08300, 0.7619
22.35, 0.08250, 0.7741
22.36, 0.08200, 0.7821
22.37, 0.08150, 0.7385
22.38, 0.08100, 0.7612
22.39, 0.08050, 0.7435
22.40, 0.08000, 0.7795
22.41, 0.07950, 0.7284
22.42, 0.07900, 0.7245
22.43, 0.07850, 0.7202
22.44, 0.07800, 0.7063
22.45, 0.07750, 0.6952
22.46, 0.07700, 0.6972
22.47, 0.07650, 0.6848
22.48, 0.07600, 0.6674
22.49, 0.07550, 0.6610
22.50, 0.07500, 0.6482
22.51, 0.07450, 0.6401
22.52, 0.07400, 0.6414
22.53, 0.07350, 0.6115
22.54, 0.07300, 0.6253
22.55, 0.07250, 0.6024
22.56, 0.07200, 0.5728
22.57, 0.07150, 0.5421
22.58, 0.07100, 0.5393
22.59, 0.07050, 0.5198
22.60, 0.07000, 0.4988
22.61, 0.06950, 0.4742
22.62, 0.06900, 0.4661
22.63, 0.06850, 0.4328
22.64, 0.06800, 0.4464
22.65, 0.06750, 0.4514
22.66, 0.06700, 0.3997
22.67, 0.06650, 0.3856
22.68, 0.06600, 0.3680
22.69, 0.06550, 0.3617
22.70, 0.06500, 0.3895
22.71, 0.06450, 0.3683
22.72, 0.06400, 0.3555
22.73, 0.06350, 0.3164
22.74, 0.06300, 0.3347
22.75, 0.06250, 0.3275
22.76, 0.06200, 0.3402
22.77, 0.06150, 0.3256
22.78, 0.06100, 0.3032
22.79, 0.06050, 0.2707
22.80, 0.06000, 0.2659
22.81, 0.05950, 0.2712
22.82, 0.05900, 0.3003
22.83, 0.05850, 0.2648
22.84, 0.05800, 0.2612
22.85, 0.05750, 0.2446
22.86, 0.05700, 0.2226
22.87, 0.05650, 0.2346
22.88, 0.05600, 0.2340
22.89, 0.05550, 0.2041
22.90, 0.05500, 0.1576
22.91, 0.05450, 0.1759
22.92, 0.05400, 0.1809
22.93, 0.05350, 0.1479
22.94, 0.05300, 0.1511
22.95, 0.05250, 0.1525
22.96, 0.05200, 0.1157
22.97, 0.05150, 0.09533
22.98, 0.05100, 0.07083
22.99, 0.05050, 0.04713
23.00, 0.05000, 0.05899
23.01, 0.04950, 0.03650
23.02, 0.04900, -0.03181
23.03, 0.04850, -0.05697
23.04, 0.04800, -0.04713
23.05, 0.04750, -0.07847
23.06, 0.04700, -0.07005
23.07, 0.04650, -0.1063
23.08, 0.04600, -0.1150
23.09, 0.04550, -0.1345
23.10, 0.04500, -0.1470
23.11, 0.04450, -0.1630
23.12, 0.04400, -0.1374
23.13, 0.04350, -0.1498
23.14, 0.04300, -0.2128
23.15, 0.04250, -0.1712
23.16, 0.04200, -0.1904
23.17, 0.04150, -0.2078
23.18, 0.04100, -0.2115
23.19, 0.04050, -0.2067
23.20, 0.04000, -0.2489
23.21, 0.03950, -0.2465
23.22, 0.03900, -0.2207
23.23, 0.03850, -0.2421
23.24, 0.03800, -0.2802
23.25, 0.03750, -0.3060
23.26, 0.03700, -0.3258
23.27, 0.03650, -0.3243
23.28, 0.03600, -0.3164
23.29, 0.03550, -0.3260
23.30, 0.03500, -0.3531
23.31, 0.03450, -0.3501
23.32, 0.03400, -0.3697
23.33, 0.03350, -0.3639
23.34, 0.03300, -0.3855
23.35, 0.03250, -0.3940
23.36, 0.03200, -0.4155
23.37, 0.03150, -0.4196
23.38, 0.03100, -0.4386
23.39, 0.03050, -0.4476
23.40, 0.03000, -0.4585
23.41, 0.02950, -0.4766
23.42, 0.02900, -0.5346
23.43, 0.02850, -0.5394
23.44, 0.02800, -0.5832
23.45, 0.02750, -0.6083
23.46, 0.02700, -0.6075
23.47, 0.02650, -0.6186
23.48, 0.02600, -0.6702
23.49, 0.02550, -0.6702
23.50, 0.02500, -0.6723
23.51, 0.02450, -0.6967
23.52, 0.02400, -0.7141
23.53, 0.02350, -0.7026
23.54, 0.02300, -0.7187
23.55, 0.02250, -0.7335
23.56, 0.02200, -0.7433
23.57, 0.02150, -0.7211
23.58, 0.02100, -0.7639
23.59, 0.02050, -0.8160
23.60, 0.02000, -0.7724
23.61, 0.01950, -0.8000
23.62, 0.01900, -0.8002
23.63, 0.01850, -0.8276
23.64, 0.01800, -0.8141
23.65, 0.01750, -0.8129
23.66, 0.01700, -0.8386
23.67, 0.01650, -0.8524
23.68, 0.01600, -0.8718
23.69, 0.01550, -0.8879
23.70, 0.01500, -0.9152
23.71, 0.01450, -0.9320
23.72, 0.01400, -0.9275
23.73, 0.01350, -0.9449
23.74, 0.01300, -0.9518
23.75, 0.01250, -0.9395
23.76, 0.01200, -0.9491
23.77, 0.01150, -0.9616
23.78, 0.01100, -0.9520
23.79, 0.01050, -0.9824
23.80, 0.01000, -0.9945
23.81, 0.009500, -1.023
23.82, 0.009000, -1.056
23.83, 0.008500, -1.075
23.84, 0.008000, -1.083
23.85, 0.007500, -1.138
23.86, 0.007000, -1.149
23.87, 0.006500, -1.166
23.88, 0.006000, -1.180
23.89, 0.005500, -1.171
23.90, 0.005000, -1.203
23.91, 0.004500, -1.199
23.92, 0.004000, -1.238
23.93, 0.003500, -1.249
23.94, 0.003000, -1.285
23.95, 0.002500, -1.273
23.96, 0.002000, -1.292
23.97, 0.001500, -1.297
23.98, 0.001000, -1.312
23.99, 0.0005000, -1.298
24.00, 0.000, -1.315
24.01, -0.0005000, -1.351
24.02, -0.001000, -1.351
24.03, -0.001500, -1.360
24.04, -0.002000, -1.371
24.05, -0.002500, -1.402
24.06, -0.003000, -1.386
24.07, -0.003500, -1.397
24.08, -0.004000, -1.404
24.09, -0.004500, -1.384
24.10, -0.005000, -1.405
24.11, -0.005500, -1.433
24.12, -0.006000, -1.440
24.13, -0.006500, -1.466
24.14, -0.007000, -1.446
24.15, -0.007500, -1.452
24.16, -0.008000, -1.454
24.17, -0.008500, -1.485
24.18, -0.009000, -1.502
24.19, -0.009500, -1.502
24.20, -0.01000, -1.515
24.21, -0.01050, -1.549
24.22, -0.01100, -1.549
24.23, -0.01150, -1.555
24.24, -0.01200, -1.606
24.25, -0.01250, -1.623
24.26, -0.01300, -1.651
24.27, -0.01350, -1.652
24.28, -0.01400, -1.676
24.29, -0.01450, -1.714
24.30, -0.01500, -1.700
24.31, -0.01550, -1.742
24.32, -0.01600, -1.731
24.33, -0.01650, -1.759
24.34, -0.01700, -1.767
24.35, -0.01750, -1.772
24.36, -0.01800, -1.777
24.37, -0.01850, -1.796
24.38, -0.01900, -1.793
24.39, -0.01950, -1.808
24.40, -0.02000, -1.847
24.41, -0.02050, -1.844
24.42, -0.02100, -1.829
24.43, -0.02150, -1.880
24.44, -0.02200, -1.851
24.45, -0.02250, -1.876
24.46, -0.02300, -1.894
24.47, -0.02350, -1.872
24.48, -0.02400, -1.897
24.49, -0.02450, -1.931
24.50, -0.02500, -1.918
24.51, -0.02550, -1.924
24.52, -0.02600, -1.955
24.53, -0.02650, -1.939
24.54, -0.02700, -1.965
24.55, -0.02750, -1.963
24.56, -0.02800, -1.975
24.57, -0.02850, -1.974
24.58, -0.02900, -1.984
24.59, -0.02950, -1.998
24.60, -0.03000, -2.011
24.61, -0.03050, -2.044
24.62, -0.03100, -2.010
24.63, -0.03150, -2.047
24.64, -0.03200, -2.091
24.65, -0.03250, -2.119
24.66, -0.03300, -2.099
24.67, -0.03350, -2.132
24.68, -0.03400, -2.141
24.69, -0.03450, -2.158
24.70, -0.03500, -2.187
24.71, -0.03550, -2.169
24.72, -0.03600, -2.223
24.73, -0.03650, -2.236
24.74, -0.03700, -2.254
24.75, -0.03750, -2.248
24.76, -0.03800, -2.287
24.77, -0.03850, -2.287
24.78, -0.03900, -2.267
24.79, -0.03950, -2.269
24.80, -0.04000, -2.303
24.81, -0.04050, -2.293
24.82, -0.04100, -2.334
24.83, -0.04150, -2.317
24.84, -0.04200, -2.359
24.85, -0.04250, -2.348
24.86, -0.04300, -2.384
24.87, -0.04350, -2.355
24.88, -0.04400, -2.377
24.89, -0.04450, -2.385
24.90, -0.04500, -2.406
24.91, -0.04550, -2.368
24.92, -0.04600, -2.408
24.93, -0.04650, -2.417
24.94, -0.04700, -2.417
24.95, -0.04750, -2.433
24.96, -0.04800, -2.452
24.97, -0.04850, -2.440
24.98, -0.04900, -2.427
24.99, -0.04950, -2.461
25.00, -0.05000, -2.482
25.01, -0.05050, -2.472
25.02, -0.05100, -2.484
25.03, -0.05150, -2.493
25.04, -0.05200, -2.489
25.05, -0.05250, -2.496
25.06, -0.05300, -2.528
25.07, -0.05350, -2.587
25.08, -0.05400, -2.581
25.09, -0.05450, -2.593
25.10, -0.05500, -2.625
25.11, -0.05550, -2.651
25.12, -0.05600, -2.646
25.13, -0.05650, -2.635
25.14, -0.05700, -2.697
25.15, -0.05750, -2.710
25.16, -0.05800, -2.710
25.17, -0.05850, -2.728
25.18, -0.05900, -2.710
25.19, -0.05950, -2.726
25.20, -0.06000, -2.768
25.21, -0.06050, -2.782
25.22, -0.06100, -2.737
25.23, -0.06150, -2.756
25.24, -0.06200, -2.761
25.25, -0.06250, -2.763
25.26, -0.06300, -2.791
25.27, -0.06350, -2.786
25.28, -0.06400, -2.794
25.29, -0.06450, -2.839
25.30, -0.06500, -2.822
25.31, -0.06550, -2.832
25.32, -0.06600, -2.834
25.33, -0.06650, -2.847
25.34, -0.06700, -2.883
25.35, -0.06750, -2.891
25.36, -0.06800, -2.872
25.37, -0.06850, -2.867
25.38, -0.06900, -2.903
25.39, -0.06950, -2.881
25.40, -0.07000, -2.866
25.41, -0.07050, -2.912
25.42, -0.07100, -2.915
25.43, -0.07150, -2.940
25.44, -0.07200, -2.948
25.45, -0.07250, -2.923
25.46, -0.07300, -2.911
25.47, -0.07350, -2.952
25.48, -0.07400, -2.980
25.49, -0.07450, -2.994
25.50, -0.07500, -3.061
25.51, -0.07550, -3.052
25.52, -0.07600, -3.057
25.53, -0.07650, -3.098
25.54, -0.07700, -3.075
25.55, -0.07750, -3.084
25.56, -0.07800, -3.160
25.57, -0.07850, -3.155
25.58, -0.07900, -3.148
25.59, -0.07950, -3.147
25.60, -0.08000, -3.167
25.61, -0.08050, -3.173
25.62, -0.08100, -3.174
25.63, -0.08150, -3.176
25.64, -0.08200, -3.215
25.65, -0.08250, -3.206
25.66, -0.08300, -3.238
25.67, -0.08350, -3.215
25.68, -0.08400, -3.231
25.69, -0.08450, -3.259
25.70, -0.08500, -3.237
25.71, -0.08550, -3.251
25.72, -0.08600, -3.243
25.73, -0.08650, -3.245
25.74, -0.08700, -3.268
25.75, -0.08750, -3.310
25.76, -0.08800, -3.317
25.77, -0.08850, -3.294
25.78, -0.08900, -3.301
25.79, -0.08950, -3.327
25.80, -0.09000, -3.311
25.81, -0.09050, -3.304
25.82, -0.09100, -3.313
25.83, -0.09150, -3.337
25.84, -0.09200, -3.350
25.85, -0.09250, -3.325
25.86, -0.09300, -3.376
25.87, -0.09350, -3.356
25.88, -0.09400, -3.366
25.89, -0.09450, -3.365
25.90, -0.09500, -3.396
25.91, -0.09550, -3.445
25.92, -0.09600, -3.407
25.93, -0.09650, -3.472
25.94, -0.09700, -3.464
25.95, -0.09750, -3.482
25.96, -0.09800, -3.510
25.97, -0.09850, -3.545
25.98, -0.09900, -3.543
25.99, -0.09950, -3.563
26.00, -0.1000, -3.575
26.01, -0.1005, -3.606
26.02, -0.1010, -3.594
26.03, -0.1015, -3.594
26.04, -0.1020, -3.607
26.05, -0.1025, -3.627
26.06, -0.1030, -3.626
26.07, -0.1035, -3.616
26.08, -0.1040, -3.616
26.09, -0.1045, -3.642
26.10, -0.1050, -3.645
26.11, -0.1055, -3.681
26.12, -0.1060, -3.666
26.13, -0.1065, -3.672
26.14, -0.1070, -3.675
26.15, -0.1075, -3.657
26.16, -0.1080, -3.701
26.17, -0.1085, -3.692
26.18, -0.1090, -3.734
26.19, -0.1095, -3.732
26.20, -0.1100, -3.715
26.21, -0.1105, -3.699
26.22, -0.1110, -3.697
26.23, -0.1115, -3.742
26.24, -0.1120, -3.734
26.25, -0.1125, -3.728
26.26, -0.1130, -3.749
26.27, -0.1135, -3.755
26.28, -0.1140, -3.761
26.29, -0.1145, -3.754
26.30, -0.1150, -3.744
26.31, -0.1155, -3.773
26.32, -0.1160, -3.778
26.33, -0.1165, -3.783
26.34, -0.1170, -3.825
26.35, -0.1175, -3.825
26.36, -0.1180, -3.871
26.37, -0.1185, -3.848
26.38, -0.1190, -3.864
26.39, -0.1195, -3.868
26.40, -0.1200, -3.903
26.41, -0.1205, -3.885
26.42, -0.1210, -3.940
26.43, -0.1215, -3.950
26.44, -0.1220, -3.936
26.45, -0.1225, -3.972
26.46, -0.1230, -3.920
26.47, -0.1235, -3.948
26.48, -0.1240, -3.962
26.49, -0.1245, -3.951
26.50, -0.1250, -3.944
26.51, -0.1255, -3.938
26.52, -0.1260, -3.967
26.53, -0.1265, -3.986
26.54, -0.1270, -4.015
26.55, -0.1275, -4.007
26.56, -0.1280, -3.999
26.57, -0.1285, -3.997
26.58, -0.1290, -3.999
26.59, -0.1295, -4.018
26.60, -0.1300, -4.027
26.61, -0.1305, -4.038
26.62, -0.1310, -4.004
26.63, -0.1315, -4.017
26.64, -0.1320, -4.006
26.65, -0.1325, -4.038
26.66, -0.1330, -4.055
26.67, -0.1335, -4.022
26.68, -0.1340, -4.024
26.69, -0.1345, -4.016
26.70, -0.1350, -4.053
26.71, -0.1355, -4.037
26.72, -0.1360, -4.017
26.73, -0.1365, -4.009
26.74, -0.1370, -4.009
26.75, -0.1375, -4.028
26.76, -0.1380, -4.062
26.77, -0.1385, -4.079
26.78, -0.1390, -4.076
26.79, -0.1395, -4.124
26.80, -0.1400, -4.152
26.81, -0.1405, -4.129
26.82, -0.1410, -4.169
26.83, -0.1415, -4.168
26.84, -0.1420, -4.187
26.85, -0.1425, -4.200
26.86, -0.1430, -4.164
26.87, -0.1435, -4.167
26.88, -0.1440, -4.166
26.89, -0.1445, -4.155
26.90, -0.1450, -4.205
26.91, -0.1455, -4.192
26.92, -0.1460, -4.199
26.93, -0.1465, -4.162
26.94, -0.1470, -4.214
26.95, -0.1475, -4.236
26.96, -0.1480, -4.170
26.97, -0.1485, -4.173
26.98, -0.1490, -4.165
26.99, -0.1495, -4.191
27.00, -0.1500, -4.203
27.01, -0.1505, -4.178
27.02, -0.1510, -4.188
27.03, -0.1515, -4.190
27.04, -0.1520, -4.174
27.05, -0.1525, -4.158
27.06, -0.1530, -4.172
27.07, -0.1535, -4.220
27.08, -0.1540, -4.158
27.09, -0.1545, -4.117
27.10, -0.1550, -4.143
27.11, -0.1555, -4.201
27.12, -0.1560, -4.180
27.13, -0.1565, -4.198
27.14, -0.1570, -4.181
27.15, -0.1575, -4.164
27.16, -0.1580, -4.176
27.17, -0.1585, -4.193
27.18, -0.1590, -4.189
27.19, -0.1595, -4.197
27.20, -0.1600, -4.212
27.21, -0.1605, -4.212
27.22, -0.1610, -4.219
27.23, -0.1615, -4.244
27.24, -0.1620, -4.248
27.25, -0.1625, -4.285
27.26, -0.1630, -4.284
27.27, -0.1635, -4.233
27.28, -0.1640, -4.239
27.29, -0.1645, -4.247
27.30, -0.1650, -4.235
27.31, -0.1655, -4.273
27.32, -0.1660, -4.238
27.33, -0.1665, -4.242
27.34, -0.1670, -4.252
27.35, -0.1675, -4.238
27.36, -0.1680, -4.214
27.37, -0.1685, -4.218
27.38, -0.1690, -4.240
27.39, -0.1695, -4.200
27.40, -0.1700, -4.220
27.41, -0.1705, -4.189
27.42, -0.1710, -4.216
27.43, -0.1715, -4.235
27.44, -0.1720, -4.193
27.45, -0.1725, -4.201
27.46, -0.1730, -4.202
27.47, -0.1735, -4.159
27.48, -0.1740, -4.182
27.49, -0.1745, -4.187
27.50, -0.1750, -4.163
27.51, -0.1755, -4.150
27.52, -0.1760, -4.163
27.53, -0.1765, -4.132
27.54, -0.1770, -4.152
27.55, -0.1775, -4.139
27.56, -0.1780, -4.181
27.57, -0.1785, -4.132
27.58, -0.1790, -4.115
27.59, -0.1795, -4.147
27.60, -0.1800, -4.150
27.61, -0.1805, -4.177
27.62, -0.1810, -4.133
27.63, -0.1815, -4.155
27.64, -0.1820, -4.178
27.65, -0.1825, -4.191
27.66, -0.1830, -4.168
27.67, -0.1835, -4.184
27.68, -0.1840, -4.228
27.69, -0.1845, -4.176
27.70, -0.1850, -4.179
27.71, -0.1855, -4.153
27.72, -0.1860, -4.164
27.73, -0.1865, -4.165
27.74, -0.1870, -4.128
27.75, -0.1875, -4.122
27.76, -0.1880, -4.154
27.77, -0.1885, -4.155
27.78, -0.1890, -4.121
27.79, -0.1895, -4.111
27.80, -0.1900, -4.119
27.81, -0.1905, -4.127
27.82, -0.1910, -4.113
27.83, -0.1915, -4.079
27.84, -0.1920, -4.075
27.85, -0.1925, -4.104
27.86, -0.1930, -4.103
27.87, -0.1935, -4.078
27.88, -0.1940, -4.055
27.89, -0.1945, -4.059
27.90, -0.1950, -4.029
27.91, -0.1955, -4.069
27.92, -0.1960, -4.068
27.93, -0.1965, -4.034
27.94, -0.1970, -4.009
27.95, -0.1975, -4.001
27.96, -0.1980, -3.979
27.97, -0.1985, -4.015
27.98, -0.1990, -3.982
27.99, -0.1995, -4.009
28.00, -0.2000, -3.942
28.01, -0.2005, -3.975
28.02, -0.2010, -3.991
28.03, -0.2015, -3.976
28.04, -0.2020, -3.976
28.05, -0.2025, -3.999
28.06, -0.2030, -3.991
28.07, -0.2035, -3.985
28.08, -0.2040, -4.002
28.09, -0.2045, -3.999
28.10, -0.2050, -4.038
28.11, -0.2055, -3.989
28.12, -0.2060, -3.973
28.13, -0.2065, -4.017
28.14, -0.2070, -3.970
28.15, -0.2075, -3.979
28.16, -0.2080, -3.954
28.17, -0.2085, -3.986
28.18, -0.2090, -3.935
28.19, -0.2095, -3.922
28.20, -0.2100, -3.925
28.21, -0.2105, -3.957
28.22, -0.2110, -3.912
28.23, -0.2115, -3.937
28.24, -0.2120, -3.889
28.25, -0.2125, -3.873
28.26, -0.2130, -3.902
28.27, -0.2135, -3.862
28.28, -0.2140, -3.898
28.29, -0.2145, -3.881
28.30, -0.2150, -3.864
28.31, -0.2155, -3.848
28.32, -0.2160, -3.830
28.33, -0.2165, -3.877
28.34, -0.2170, -3.807
28.35, -0.2175, -3.788
28.36, -0.2180, -3.834
28.37, -0.2185, -3.812
28.38, -0.2190, -3.825
28.39, -0.2195, -3.779
28.40, -0.2200, -3.815
28.41, -0.2205, -3.762
28.42, -0.2210, -3.735
28.43, -0.2215, -3.750
28.44, -0.2220, -3.730
28.45, -0.2225, -3.761
28.46, -0.2230, -3.755
28.47, -0.2235, -3.770
28.48, -0.2240, -3.770
28.49, -0.2245, -3.789
28.50, -0.2250, -3.771
28.51, -0.2255, -3.807
28.52, -0.2260, -3.793
28.53, -0.2265, -3.794
28.54, -0.2270, -3.763
28.55, -0.2275, -3.760
28.56, -0.2280, -3.734
28.57, -0.2285, -3.745
28.58, -0.2290, -3.724
28.59, -0.2295, -3.729
28.60, -0.2300, -3.712
28.61, -0.2305, -3.695
28.62, -0.2310, -3.705
28.63, -0.2315, -3.704
28.64, -0.2320, -3.679
28.65, -0.2325, -3.685
28.66, -0.2330, -3.675
28.67, -0.2335, -3.634
28.68, -0.2340, -3.643
28.69, -0.2345, -3.618
28.70, -0.2350, -3.616
28.71, -0.2355, -3.642
28.72, -0.2360, -3.602
28.73, -0.2365, -3.592
28.74, -0.2370, -3.590
28.75, -0.2375, -3.597
28.76, -0.2380, -3.588
28.77, -0.2385, -3.539
28.78, -0.2390, -3.523
28.79, -0.2395, -3.550
28.80, -0.2400, -3.561
28.81, -0.2405, -3.546
28.82, -0.2410, -3.521
28.83, -0.2415, -3.496
28.84, -0.2420, -3.502
28.85, -0.2425, -3.513
28.86, -0.2430, -3.498
28.87, -0.2435, -3.530
28.88, -0.2440, -3.534
28.89, -0.2445, -3.553
28.90, -0.2450, -3.531
28.91, -0.2455, -3.542
28.92, -0.2460, -3.532
28.93, -0.2465, -3.547
28.94, -0.2470, -3.549
28.95, -0.2475, -3.563
28.96, -0.2480, -3.531
28.97, -0.2485, -3.525
28.98, -0.2490, -3.531
28.99, -0.2495, -3.497
29.00, -0.2500, -3.506
29.01, -0.2505, -3.498
29.02, -0.2510, -3.491
29.03, -0.2515, -3.463
29.04, -0.2520, -3.484
29.05, -0.2525, -3.463
29.06, -0.2530, -3.422
29.07, -0.2535, -3.458
29.08, -0.2540, -3.394
29.09, -0.2545, -3.384
29.10, -0.2550, -3.389
29.11, -0.2555, -3.419
29.12, -0.2560, -3.422
29.13, -0.2565, -3.341
29.14, -0.2570, -3.368
29.15, -0.2575, -3.366
29.16, -0.2580, -3.361
29.17, -0.2585, -3.325
29.18, -0.2590, -3.354
29.19, -0.2595, -3.339
29.20, -0.2600, -3.340
29.21, -0.2605, -3.314
29.22, -0.2610, -3.268
29.23, -0.2615, -3.302
29.24, -0.2620, -3.303
29.25, -0.2625, -3.265
29.26, -0.2630, -3.267
29.27, -0.2635, -3.289
29.28, -0.2640, -3.251
29.29, -0.2645, -3.272
29.30, -0.2650, -3.301
29.31, -0.2655, -3.277
29.32, -0.2660, -3.307
29.33, -0.2665, -3.289
29.34, -0.2670, -3.302
29.35, -0.2675, -3.276
29.36, -0.2680, -3.287
29.37, -0.2685, -3.245
29.38, -0.2690, -3.283
29.39, -0.2695, -3.257
29.40, -0.2700, -3.256
29.41, -0.2705, -3.298
29.42, -0.2710, -3.247
29.43, -0.2715, -3.267
29.44, -0.2720, -3.211
29.45, -0.2725, -3.227
29.46, -0.2730, -3.230
29.47, -0.2735, -3.196
29.48, -0.2740, -3.202
29.49, -0.2745, -3.204
29.50, -0.2750, -3.211
29.51, -0.2755, -3.188
29.52, -0.2760, -3.189
29.53, -0.2765, -3.173
29.54, -0.2770, -3.142
29.55, -0.2775, -3.145
29.56, -0.2780, -3.103
29.57, -0.2785, -3.104
29.58, -0.2790, -3.088
29.59, -0.2795, -3.083
29.60, -0.2800, -3.107
29.61, -0.2805, -3.068
29.62, -0.2810, -3.061
29.63, -0.2815, -3.050
29.64, -0.2820, -3.067
29.65, -0.2825, -3.092
29.66, -0.2830, -3.075
29.67, -0.2835, -3.067
29.68, -0.2840, -3.002
29.69, -0.2845, -3.008
29.70, -0.2850, -3.041
29.71, -0.2855, -3.003
29.72, -0.2860, -3.026
29.73, -0.2865, -3.071
29.74, -0.2870, -3.030
29.75, -0.2875, -3.063
29.76, -0.2880, -3.049
29.77, -0.2885, -3.052
29.78, -0.2890, -3.058
29.79, -0.2895, -3.012
29.80, -0.2900, -3.044
29.81, -0.2905, -3.021
29.82, -0.2910, -3.051
29.83, -0.2915, -3.055
29.84, -0.2920, -3.055
29.85, -0.2925, -3.022
29.86, -0.2930, -3.012
29.87, -0.2935, -2.971
29.88, -0.2940, -3.005
29.89, -0.2945, -3.003
29.90, -0.2950, -2.977
29.91, -0.2955, -2.961
29.92, -0.2960, -2.968
29.93, -0.2965, -2.931
29.94, -0.2970, -2.943
29.95, -0.2975, -2.915
29.96, -0.2980, -2.940
29.97, -0.2985, -2.905
29.98, -0.2990, -2.870
29.99, -0.2995, -2.882
30.00, -0.3000, -2.870
30.01, -0.3005, -2.893
30.02, -0.3010, -2.838
30.03, -0.3015, -2.872
30.04, -0.3020, -2.887
30.05, -0.3025, -2.843
30.06, -0.3030, -2.866
30.07, -0.3035, -2.818
30.08, -0.3040, -2.850
30.09, -0.3045, -2.826
30.10, -0.3050, -2.782
30.11, -0.3055, -2.792
30.12, -0.3060, -2.834
30.13, -0.3065, -2.807
30.14, -0.3070, -2.849
30.15, -0.3075, -2.840
30.16, -0.3080, -2.815
30.17, -0.3085, -2.825
30.18, -0.3090, -2.838
30.19, -0.3095, -2.810
30.20, -0.3100, -2.828
30.21, -0.3105, -2.833
30.22, -0.3110, -2.814
30.23, -0.3115, -2.806
30.24, -0.3120, -2.787
30.25, -0.3125, -2.811
30.26, -0.3130, -2.789
30.27, -0.3135, -2.810
30.28, -0.3140, -2.776
30.29, -0.3145, -2.793
30.30, -0.3150, -2.749
30.31, -0.3155, -2.777
30.32, -0.3160, -2.779
30.33, -0.3165, -2.782
30.34, -0.3170, -2.767
30.35, -0.3175, -2.741
30.36, -0.3180, -2.739
30.37, -0.3185, -2.740
30.38, -0.3190, -2.746
30.39, -0.3195, -2.700
30.40, -0.3200, -2.675
30.41, -0.3205, -2.698
30.42, -0.3210, -2.688
30.43, -0.3215, -2.718
30.44, -0.3220, -2.681
30.45, -0.3225, -2.693
30.46, -0.3230, -2.638
30.47, -0.3235, -2.660
30.48, -0.3240, -2.667
30.49, -0.3245, -2.660
30.50, -0.3250, -2.629
30.51, -0.3255, -2.650
30.52, -0.3260, -2.646
30.53, -0.3265, -2.597
30.54, -0.3270, -2.607
30.55, -0.3275, -2.622
30.56, -0.3280, -2.640
30.57, -0.3285, -2.635
30.58, -0.3290, -2.619
30.59, -0.3295, -2.642
30.60, -0.3300, -2.632
30.61, -0.3305, -2.684
30.62, -0.3310, -2.643
30.63, -0.3315, -2.656
30.64, -0.3320, -2.626
30.65, -0.3325, -2.642
30.66, -0.3330, -2.646
30.67, -0.3335, -2.629
30.68, -0.3340, -2.644
30.69, -0.3345, -2.618
30.70, -0.3350, -2.635
30.71, -0.3355, -2.580
30.72, -0.3360, -2.625
30.73, -0.3365, -2.589
30.74, -0.3370, -2.597
30.75, -0.3375, -2.567
30.76, -0.3380, -2.601
30.77, -0.3385, -2.594
30.78, -0.3390, -2.543
30.79, -0.3395, -2.529
30.80, -0.3400, -2.551
30.81, -0.3405, -2.528
30.82, -0.3410, -2.542
30.83, -0.3415, -2.528
30.84, -0.3420, -2.533
30.85, -0.3425, -2.537
30.86, -0.3430, -2.524
30.87, -0.3435, -2.521
30.88, -0.3440, -2.511
30.89, -0.3445, -2.501
30.90, -0.3450, -2.515
30.91, -0.3455, -2.489
30.92, -0.3460, -2.498
30.93, -0.3465, -2.493
30.94, -0.3470, -2.457
30.95, -0.3475, -2.456
30.96, -0.3480, -2.487
30.97, -0.3485, -2.469
30.98, -0.3490, -2.482
30.99, -0.3495, -2.483
31.00, -0.3500, -2.504
31.01, -0.3505, -2.496
31.02, -0.3510, -2.480
31.03, -0.3515, -2.497
31.04, -0.3520, -2.497
31.05, -0.3525, -2.484
31.06, -0.3530, -2.518
31.07, -0.3535, -2.502
31.08, -0.3540, -2.482
31.09, -0.3545, -2.466
31.10, -0.3550, -2.481
31.11, -0.3555, -2.486
31.12, -0.3560, -2.465
31.13, -0.3565, -2.446
31.14, -0.3570, -2.478
31.15, -0.3575, -2.460
31.16, -0.3580, -2.463
31.17, -0.3585, -2.471
31.18, -0.3590, -2.454
31.19, -0.3595, -2.419
31.20, -0.3600, -2.413
31.21, -0.3605, -2.446
31.22, -0.3610, -2.402
31.23, -0.3615, -2.421
31.24, -0.3620, -2.399
31.25, -0.3625, -2.423
31.26, -0.3630, -2.403
31.27, -0.3635, -2.390
31.28, -0.3640, -2.386
31.29, -0.3645, -2.358
31.30, -0.3650, -2.360
31.31, -0.3655, -2.380
31.32, -0.3660, -2.348
31.33, -0.3665, -2.380
31.34, -0.3670, -2.389
31.35, -0.3675, -2.377
31.36, -0.3680, -2.361
31.37, -0.3685, -2.337
31.38, -0.3690, -2.372
31.39, -0.3695, -2.375
31.40, -0.3700, -2.364
31.41, -0.3705, -2.337
31.42, -0.3710, -2.365
31.43, -0.3715, -2.397
31.44, -0.3720, -2.403
31.45, -0.3725, -2.387
31.46, -0.3730, -2.449
31.47, -0.3735, -2.387
31.48, -0.3740, -2.357
31.49, -0.3745, -2.378
31.50, -0.3750, -2.401
31.51, -0.3755, -2.387
31.52, -0.3760, -2.422
31.53, -0.3765, -2.363
31.54, -0.3770, -2.398
31.55, -0.3775, -2.358
31.56, -0.3780, -2.380
31.57, -0.3785, -2.399
31.58, -0.3790, -2.383
31.59, -0.3795, -2.377
31.60, -0.3800, -2.372
31.61, -0.3805, -2.328
31.62, -0.3810, -2.352
31.63, -0.3815, -2.336
31.64, -0.3820, -2.325
31.65, -0.3825, -2.327
31.66, -0.3830, -2.308
31.67, -0.3835, -2.309
31.68, -0.3840, -2.316
31.69, -0.3845, -2.326
31.70, -0.3850, -2.278
31.71, -0.3855, -2.310
31.72, -0.3860, -2.281
31.73, -0.3865, -2.314
31.74, -0.3870, -2.256
31.75, -0.3875, -2.283
31.76, -0.3880, -2.307
31.77, -0.3885, -2.251
31.78, -0.3890, -2.287
31.79, -0.3895, -2.265
31.80, -0.3900, -2.289
31.81, -0.3905, -2.287
31.82, -0.3910, -2.264
31.83, -0.3915, -2.300
31.84, -0.3920, -2.280
31.85, -0.3925, -2.303
31.86, -0.3930, -2.303
31.87, -0.3935, -2.330
31.88, -0.3940, -2.311
31.89, -0.3945, -2.306
31.90, -0.3950, -2.348
31.91, -0.3955, -2.277
31.92, -0.3960, -2.277
31.93, -0.3965, -2.340
31.94, -0.3970, -2.302
31.95, -0.3975, -2.323
31.96, -0.3980, -2.291
31.97, -0.3985, -2.292
31.98, -0.3990, -2.286
31.99, -0.3995, -2.287
32.00, -0.4000, -2.294
